time stock-price decision number-of-stocks portfolio-value
570 199.34 -3 0 30000.0
571 199.16 5 50 30000.0
572 199.16 7 100 30000.0
573 198.88 3 150 29972.0
574 198.79 1 150 29958.5
575 198.5 -1 100 29915.0
576 198.77 -3 50 29942.0
577 198.16 1 100 29911.5
578 198.55 -7 50 29950.5
579 198.45 -7 0 29945.5
580 198.44 -7 0 29945.5
581 198.18 -1 0 29945.5
582 198.28 -5 0 29945.5
583 198.35 -5 0 29945.5
584 198.14 -1 0 29945.5
585 198.14 -3 0 29945.5
586 197.94 1 50 29945.5
587 198.23 -7 0 29960.0
588 198.405 -3 0 29960.0
589 198.47 1 50 29960.0
590 198.28 5 100 29950.5
591 198.33 5 150 29955.500000000004
592 198.36 5 150 29960.000000000004
593 198.29 1 150 29949.5
594 198.17 3 150 29931.499999999996
595 198.03 1 150 29910.5
596 198.09 -7 100 29919.5
597 198.33 -5 50 29943.5
598 198.32 -3 0 29943.0
599 198.39 1 50 29943.0
600 198.38 3 100 29942.5
601 198.17 5 150 29921.499999999996
602 198.25 1 150 29933.5
603 198.01 1 150 29897.5
604 198.42 -7 100 29959.0
605 198.43 -1 50 29960.0
606 198.505 1 100 29963.75
607 198.46 3 150 29959.25
608 198.39 5 150 29948.749999999996
609 198.2 3 150 29920.25
610 198.19 -1 100 29918.75
611 198.135 -5 50 29913.25
612 198.17 -5 0 29915.0
613 198.16 -7 0 29915.0
614 198.28 -3 0 29915.0
615 198.285 1 50 29915.0
616 198.12 5 100 29906.75
617 198.05 3 150 29899.75
618 198.2 -5 100 29922.25
619 198.28 -3 50 29930.25
620 198.3 -1 0 29931.25
621 198.31 3 50 29931.25
622 198.33 5 100 29932.25
623 198.28 5 150 29927.25
624 198.25 3 150 29922.75
625 198.18 1 150 29912.25
626 198.215 -3 100 29917.5
627 198.235 -5 50 29919.5
628 198.25 -3 0 29920.25
629 198.3 -1 0 29920.25
630 198.43 -1 0 29920.25
631 198.46 3 50 29920.25
632 198.43 7 100 29918.75
633 198.29 5 150 29904.75
634 198.26 1 150 29900.25
635 198.39 -1 100 29919.75
636 198.34 -1 50 29914.75
637 198.32 -3 0 29913.75
638 198.39 -1 0 29913.75
639 198.36 -1 0 29913.75
640 198.35 3 50 29913.75
641 198.36 1 100 29914.25
642 198.38 3 150 29916.25
643 198.34 5 150 29910.25
644 198.45 -5 100 29926.75
645 198.465 1 150 29928.25
646 198.5 3 150 29933.5
647 198.44 7 150 29924.5
648 198.3 3 150 29903.5
649 198.36 1 150 29912.500000000004
650 198.53 -5 100 29938.0
651 198.68 -3 50 29953.0
652 198.66 1 100 29952.0
653 198.56 5 150 29942.0
654 198.66 3 150 29957.0
655 198.58 5 150 29945.000000000004
656 198.44 5 150 29924.0
657 198.44 -3 100 29924.0
658 198.35 -5 50 29915.0
659 198.48 -7 0 29921.5
660 198.43 -3 0 29921.5
661 198.55 -3 0 29921.5
662 198.59 1 50 29921.5
663 198.49 3 100 29916.5
664 198.5 5 150 29917.5
665 198.65 -5 100 29940.0
666 198.66 5 150 29941.0
667 198.53 5 150 29921.5
668 198.48 3 150 29914.0
669 198.45 1 150 29909.5
670 198.41 -3 100 29903.5
671 198.51 -5 50 29913.5
672 198.53 -3 0 29914.5
673 198.61 -1 0 29914.5
674 198.52 3 50 29914.5
675 198.54 3 100 29915.5
676 198.54 3 150 29915.5
677 198.54 1 150 29915.5
678 198.45 5 150 29902.0
679 198.44 -3 100 29900.5
680 198.51 -5 50 29907.5
681 198.5 -5 0 29907.0
682 198.51 -3 0 29907.0
683 198.51 -1 0 29907.0
684 198.57 1 50 29907.0
685 198.505 7 100 29903.75
686 198.42 3 150 29895.249999999996
687 198.48 -3 100 29904.25
688 198.38 1 150 29894.25
689 198.55 -7 100 29919.75
690 198.51 -3 50 29915.75
691 198.53 -1 0 29916.75
692 198.48 3 50 29916.75
693 198.45 1 100 29915.25
694 198.37 -1 50 29907.25
695 198.35 -3 0 29906.25
696 198.19 -1 0 29906.25
697 198.25 -7 0 29906.25
698 198.25 -7 0 29906.25
699 198.28 -3 0 29906.25
700 198.27 -3 0 29906.25
701 198.3 1 50 29906.25
702 198.31 3 100 29906.75
703 198.33 5 150 29908.750000000004
704 198.3 7 150 29904.25
705 198.22 3 150 29892.25
706 198.21 -1 100 29890.75
707 198.18 -3 50 29887.75
708 198.175 -7 0 29887.5
709 198.12 -7 0 29887.5
710 198.08 -9 0 29887.5
711 198.01 -9 0 29887.5
712 198.11 -7 0 29887.5
713 198.19 -3 0 29887.5
714 198.085 1 50 29887.5
715 198.14 -1 0 29890.25
716 198.15 1 50 29890.25
717 198.19 1 100 29892.25
718 198.21 3 150 29894.25
719 198.2 7 150 29892.75
720 198.27 3 150 29903.25
721 198.1 5 150 29877.75
722 198.12 3 150 29880.75
723 198.135 -1 100 29883.0
724 198.16 -3 50 29885.5
725 198.11 -1 0 29883.0
726 198.11 -3 0 29883.0
727 198.11 -5 0 29883.0
728 198.13 -3 0 29883.0
729 198.015 5 50 29883.0
730 198.02 -3 0 29883.25
731 198.1 -5 0 29883.25
732 198.07 -5 0 29883.25
733 198.065 -5 0 29883.25
734 198.08 -1 0 29883.25
735 198.1 1 50 29883.25
736 198.11 3 100 29883.75
737 198.14 3 150 29886.749999999996
738 198.21 -1 100 29897.25
739 198.25 3 150 29901.25
740 198.21 7 150 29895.25
741 198.19 5 150 29892.25
742 198.21 3 150 29895.25
743 198.23 5 150 29898.25
744 198.32 -3 100 29911.75
745 198.335 1 150 29913.25
746 198.31 7 150 29909.5
747 198.18 3 150 29890.0
748 198.16 1 150 29887.0
749 198.12 -1 100 29881.0
750 198.06 -3 50 29875.0
751 198.1 -7 0 29877.0
752 198.16 -5 0 29877.0
753 198.15 -3 0 29877.0
754 198.07 1 50 29877.0
755 198.12 -3 0 29879.5
756 198.11 -3 0 29879.5
757 198.1 -1 0 29879.5
758 198.03 3 50 29879.5
759 198.05 -5 0 29880.5
760 198.04 -7 0 29880.5
761 198.01 -7 0 29880.5
762 198.05 -7 0 29880.5
763 198.08 -3 0 29880.5
764 198.07 1 50 29880.5
765 198.08 3 100 29881.0
766 198.07 3 150 29880.0
767 198.09 3 150 29883.0
768 198.09 5 150 29883.0
769 198.14 -3 100 29890.5
770 198.14 5 150 29890.499999999996
771 198.14 7 150 29890.499999999996
772 198.085 5 150 29882.25
773 198.05 1 150 29877.0
774 198.075 -1 100 29880.75
775 198.12 -5 50 29885.25
776 198.1 -3 0 29884.25
777 198.06 5 50 29884.25
778 198.07 -3 0 29884.75
779 198.09 -5 0 29884.75
780 198.02 5 50 29884.75
781 198.03 -3 0 29885.25
782 198.06 -5 0 29885.25
783 198.09 -3 0 29885.25
784 198.03 5 50 29885.25
785 198.03 5 100 29885.25
786 198.09 -5 50 29891.25
787 198.02 7 100 29887.75
788 197.83 3 150 29868.750000000004
789 197.86 -3 100 29873.25
790 197.86 -7 50 29873.25
791 197.76 -5 0 29868.25
792 197.68 -7 0 29868.25
793 197.555 -5 0 29868.25
794 197.55 -9 0 29868.25
795 197.62 -5 0 29868.25
796 197.64 -3 0 29868.25
797 197.655 -1 0 29868.25
798 197.63 1 50 29868.25
799 197.61 -1 0 29867.25
800 197.515 3 50 29867.25
801 197.52 -1 0 29867.5
802 197.57 -5 0 29867.5
803 197.71 -3 0 29867.5
804 197.68 -1 0 29867.5
805 197.6 5 50 29867.5
806 197.69 -1 0 29872.0
807 197.61 5 50 29872.0
808 197.6 1 100 29871.5
809 197.65 -1 50 29876.5
810 197.78 -3 0 29883.0
811 197.82 -1 0 29883.0
812 197.81 3 50 29883.0
813 197.81 7 100 29883.0
814 197.82 7 150 29884.0
815 197.81 7 150 29882.5
816 197.8 3 150 29881.0
817 197.9 -3 100 29896.0
818 197.89 3 150 29894.999999999996
819 197.87 5 150 29892.0
820 197.81 3 150 29883.0
821 197.77 1 150 29877.0
822 197.81 -3 100 29883.0
823 197.75 -1 50 29877.0
824 197.7 -5 0 29874.5
825 197.705 -7 0 29874.5
826 197.685 -9 0 29874.5
827 197.63 -9 0 29874.5
828 197.7 -7 0 29874.5
829 197.73 -3 0 29874.5
830 197.88 -3 0 29874.5
831 197.92 1 50 29874.5
832 197.98 5 100 29877.5
833 198.08 5 150 29887.500000000004
834 198.12 9 150 29893.5
835 197.95 5 150 29868.0
836 197.94 3 150 29866.5
837 197.92 -1 100 29863.5
838 197.73 -1 50 29844.5
839 198.03 -7 0 29859.5
840 198.22 -3 0 29859.5
841 198.9 -3 0 29859.5
842 198.665 3 50 29859.5
843 198.99 5 100 29875.75
844 199.35 7 150 29911.75
845 199.67 9 150 29959.749999999996
846 199.7 9 150 29964.25
847 199.53 5 150 29938.75
848 198.89 3 150 29842.749999999996
849 198.86 -1 100 29838.25
850 198.77 -3 50 29829.25
851 198.56 -5 0 29818.75
852 198.64 -7 0 29818.75
853 198.6 -7 0 29818.75
854 198.48 -7 0 29818.75
855 198.64 -7 0 29818.75
856 198.72 -3 0 29818.75
857 198.72 1 50 29818.75
858 198.67 1 100 29816.25
859 198.62 3 150 29811.25
860 198.35 3 150 29770.75
861 198.24 -1 100 29754.25
862 198.13 -5 50 29743.25
863 198.14 -7 0 29743.75
864 197.89 -7 0 29743.75
865 197.84 -9 0 29743.75
866 197.7 -9 0 29743.75
867 197.74 -7 0 29743.75
868 197.96 -5 0 29743.75
869 197.975 -1 0 29743.75
870 198.18 -1 0 29743.75
871 198.24 3 50 29743.75
872 198.6 3 100 29761.75
873 198.54 7 100 29755.75
874 198.49 5 100 29750.75
875 198.21 3 100 29722.75
876 198.51 1 100 29752.75
877 198.17 3 100 29718.75
878 198.22 -1 50 29723.75
879 197.88 3 100 29706.75
880 197.89 -5 50 29707.75
881 197.89 -7 0 29707.75
882 197.73 -7 0 29707.75
883 197.8 -7 0 29707.75
884 197.92 -5 0 29707.75
885 198.07 -3 0 29707.75
886 197.93 3 50 29707.75
887 197.92 3 100 29707.25
888 197.81 3 150 29696.25
889 197.8 -1 100 29694.75
890 197.92 -5 50 29706.75
891 197.92 -3 0 29706.75
892 198.03 -1 0 29706.75
893 197.94 3 50 29706.75
894 198.1 -1 0 29714.75
895 197.82 7 50 29714.75
896 197.96 -1 0 29721.75
897 198.09 -5 0 29721.75
898 198.02 5 50 29721.75
899 198 5 100 29720.75
900 198.02 3 150 29722.75
901 198.145 -1 100 29741.5
902 198.3 -1 50 29757.0
903 198.26 5 100 29755.0
904 198.295 7 150 29758.499999999996
905 198.23 5 150 29748.75
906 198.04 3 150 29720.25
907 198.02 -1 100 29717.25
908 198.07 -1 50 29722.25
909 198.2 -3 0 29728.75
910 198.05 -1 0 29728.75
911 198.06 -3 0 29728.75
912 198.08 -1 0 29728.75
913 198.06 -1 0 29728.75
914 198.02 3 50 29728.75
915 198.01 -3 0 29728.25
916 198 -7 0 29728.25
917 197.94 -3 0 29728.25
918 198.1 -5 0 29728.25
919 198.26 -3 0 29728.25
920 198.27 3 50 29728.25
921 198.26 5 100 29727.75
922 198.24 5 100 29725.75
923 198.23 1 100 29724.75
924 198.3 3 100 29731.75
925 198.31 5 100 29732.75
926 198.4 1 100 29741.75
927 198.19 5 100 29720.75
928 198.18 1 100 29719.75
929 198.285 -5 50 29730.25
930 198.38 -3 0 29735.0
931 198.375 -3 0 29735.0
932 198.25 5 50 29735.0
933 198.22 3 100 29733.5
934 198.35 -5 50 29746.5
935 198.15 7 100 29736.5
936 198.25 -5 50 29746.5
937 198.22 -5 0 29745.0
938 198.19 -5 0 29745.0
939 198.1 1 50 29745.0
940 198.14 -7 0 29747.0
941 198.35 -5 0 29747.0
942 198.53 -1 0 29747.0
943 198.47 3 50 29747.0
944 198.32 5 100 29739.5
945 198.65 -3 50 29772.5
946 198.68 7 100 29774.0
947 198.64 7 100 29770.0
948 198.53 3 100 29759.0
949 198.46 1 100 29752.0
950 198.41 -1 50 29747.0
951 198.41 -1 0 29747.0
952 198.37 -5 0 29747.0
953 198.42 -7 0 29747.0
954 198.43 -3 0 29747.0
955 198.11 5 50 29747.0
956 198.065 -1 0 29744.75
957 198.01 -5 0 29744.75
958 197.94 -9 0 29744.75
959 197.81 -9 0 29744.75
