time stock-price decision number-of-stocks portfolio-value
570 195 1 0 30000
571 194.78 3 0 30000.0
572 194.89 3 0 30000.0
573 194.71 1 0 30000.0
574 194.84 -1 50 30000.0
575 195.04 -1 100 30010.0
576 195.15 3 50 30021.0
577 195.62 3 0 30044.5
578 195.8 5 0 30044.5
579 195.71 3 0 30044.5
580 195.87 3 0 30044.5
581 195.94 5 0 30044.5
582 195.92 3 0 30044.5
583 196.18 3 0 30044.5
584 196.34 5 0 30044.5
585 196.51 5 0 30044.5
586 196.57 5 0 30044.5
587 196.19 1 0 30044.5
588 196.3 -1 50 30044.5
589 196.29 -3 100 30044.0
590 196.17 -3 150 30031.999999999996
591 196.34 -3 150 30057.5
592 196.32 1 100 30054.5
593 196.5 1 50 30072.5
594 196.385 3 0 30066.75
595 196.57 3 0 30066.75
596 196.42 3 0 30066.75
597 196.62 -1 50 30066.75
598 196.46 3 0 30058.75
599 196.535 1 0 30058.75
600 196.545 1 0 30058.75
601 196.27 1 0 30058.75
602 196.39 -3 50 30058.75
603 196.18 -1 100 30048.25
604 196.26 -3 150 30056.25
605 196.39 -1 150 30075.749999999996
606 196.21 3 100 30048.75
607 196.11 -1 150 30038.750000000004
608 195.95 -3 150 30014.75
609 196.07 -3 150 30032.75
610 196.23 -1 150 30056.75
611 196.21 1 100 30053.75
612 196.31 5 50 30063.75
613 196.25 3 0 30060.75
614 196.14 1 0 30060.75
615 196.08 -3 50 30060.75
616 196.14 -3 100 30063.75
617 196 -5 150 30049.75
618 196 -5 150 30049.75
619 195.84 -3 150 30025.75
620 195.94 -3 150 30040.75
621 195.92 -3 150 30037.749999999996
622 195.9 -3 150 30034.75
623 195.87 -3 150 30030.25
624 195.92 -3 150 30037.749999999996
625 195.61 1 100 29991.25
626 195.69 -3 150 29999.25
627 195.76 -1 150 30009.75
628 195.69 -1 150 29999.25
629 195.66 -3 150 29994.75
630 195.69 -1 150 29999.25
631 195.63 -3 150 29990.25
632 195.68 -3 150 29997.75
633 195.62 1 100 29988.75
634 195.69 -3 150 29995.75
635 195.89 1 100 30025.75
636 196.03 3 50 30039.75
637 196 3 0 30038.25
638 195.99 1 0 30038.25
639 196.06 3 0 30038.25
640 195.96 3 0 30038.25
641 195.78 -1 50 30038.25
642 195.88 -3 100 30043.25
643 195.9 -1 150 30045.25
644 196.04 1 100 30066.25
645 196.05 5 50 30067.25
646 196.08 5 0 30068.75
647 195.95 1 0 30068.75
648 195.8 -1 50 30068.75
649 195.785 -5 100 30068.0
650 195.86 -1 150 30075.500000000004
651 195.69 -3 150 30050.0
652 195.78 -3 150 30063.5
653 195.88 -1 150 30078.5
654 195.85 3 100 30074.0
655 195.85 3 50 30074.0
656 195.83 1 0 30073.0
657 195.81 -1 50 30073.0
658 195.7 -3 100 30067.5
659 195.7 -3 150 30067.5
660 195.9 -1 150 30097.5
661 195.81 1 100 30084.0
662 195.91 1 50 30094.0
663 195.75 3 0 30086.0
664 195.805 -1 50 30086.0
665 195.5 -1 100 30070.75
666 195.26 -3 150 30046.75
667 195.43 -3 150 30072.25
668 195.22 -3 150 30040.75
669 195.22 -5 150 30040.75
670 195.4 -1 150 30067.75
671 195.39 -1 150 30066.249999999996
672 195.43 3 100 30072.25
673 195.47 5 50 30076.25
674 195.54 5 0 30079.75
675 195.39 1 0 30079.75
676 195.52 -3 50 30079.75
677 195.38 1 0 30072.75
678 195.4 -3 50 30072.75
679 195.515 -1 100 30078.5
680 195.51 1 50 30078.0
681 195.42 1 0 30073.5
682 195.36 -1 50 30073.5
683 195.34 -5 100 30072.5
684 195.23 -5 150 30061.5
685 195.32 -3 150 30075.0
686 195.4 -1 150 30087.0
687 195.46 3 100 30096.0
688 195.43 3 50 30093.0
689 195.38 1 0 30090.5
690 195.4 -1 50 30090.5
691 195.25 -3 100 30083.0
692 195.33 -3 150 30091.000000000004
693 195.21 -3 150 30073.0
694 195.16 -5 150 30065.5
695 195.16 -5 150 30065.5
696 195.13 -5 150 30061.0
697 195.25 -1 150 30079.0
698 195.4 1 100 30101.5
699 195.48 5 50 30109.5
700 195.51 5 0 30111.0
701 195.45 1 0 30111.0
702 195.67 1 0 30111.0
703 195.56 3 0 30111.0
704 195.64 3 0 30111.0
705 195.63 1 0 30111.0
706 195.58 1 0 30111.0
707 195.65 -3 50 30111.0
708 195.71 1 0 30114.0
709 195.74 3 0 30114.0
710 195.66 1 0 30114.0
711 195.61 -1 50 30114.0
712 195.58 -3 100 30112.5
713 195.53 -5 150 30107.5
714 195.44 -5 150 30094.0
715 195.55 -3 150 30110.5
716 195.49 -1 150 30101.5
717 195.55 -1 150 30110.5
718 195.61 1 100 30119.5
719 195.66 5 50 30124.5
720 195.56 1 0 30119.5
721 195.63 1 0 30119.5
722 195.61 -1 50 30119.5
723 195.63 -1 100 30120.5
724 195.72 1 50 30129.5
725 195.77 5 0 30132.0
726 195.79 5 0 30132.0
727 195.81 5 0 30132.0
728 195.81 3 0 30132.0
729 195.64 1 0 30132.0
730 195.64 -5 50 30132.0
731 195.64 -3 100 30132.0
732 195.6 -5 150 30128.0
733 195.5 -3 150 30113.0
734 195.51 -3 150 30114.5
735 195.57 -1 150 30123.5
736 195.53 -1 150 30117.5
737 195.45 1 100 30105.5
738 195.45 -3 150 30105.5
739 195.51 -1 150 30114.5
740 195.45 -1 150 30105.5
741 195.26 -1 150 30077.0
742 195.41 -3 150 30099.5
743 195.34 -3 150 30089.0
744 195.45 -1 150 30105.5
745 195.53 3 100 30117.5
746 195.5 3 50 30114.5
747 195.31 1 0 30105.0
748 195.28 -3 50 30105.0
749 195.24 -5 100 30103.0
750 195.24 -3 150 30103.0
751 195.25 -1 150 30104.5
752 195.32 1 100 30115.0
753 195.28 3 50 30111.0
754 195.26 1 0 30110.0
755 195.26 -1 50 30110.0
756 195.31 -1 100 30112.5
757 195.31 1 50 30112.5
758 195.33 5 0 30113.5
759 195.27 1 0 30113.5
760 195.41 -1 50 30113.5
761 195.43 3 0 30114.5
762 195.42 3 0 30114.5
763 195.47 5 0 30114.5
764 195.53 5 0 30114.5
765 195.63 3 0 30114.5
766 195.54 3 0 30114.5
767 195.56 3 0 30114.5
768 195.56 1 0 30114.5
769 195.45 -1 50 30114.5
770 195.41 -5 100 30112.5
771 195.48 -3 150 30119.5
772 195.56 1 100 30131.5
773 195.72 3 50 30147.5
774 195.68 3 0 30145.5
775 195.69 3 0 30145.5
776 195.6 -1 50 30145.5
777 195.7 -3 100 30150.5
778 195.6 3 50 30140.5
779 195.61 -3 100 30141.0
780 195.67 -1 150 30146.999999999996
781 195.76 1 100 30160.5
782 195.72 3 50 30156.5
783 195.73 3 0 30157.0
784 195.65 -1 50 30157.0
785 195.545 -3 100 30151.75
786 195.43 -5 150 30140.25
787 195.42 -5 150 30138.749999999996
788 195.48 -1 150 30147.75
789 195.5 1 100 30150.75
790 195.54 3 50 30154.75
791 195.49 3 0 30152.25
792 195.44 -1 50 30152.25
793 195.39 -3 100 30149.75
794 195.36 -5 150 30146.750000000004
795 195.48 -1 150 30164.75
796 195.45 1 100 30160.25
797 195.46 3 50 30161.25
798 195.5 3 0 30163.25
799 195.47 3 0 30163.25
800 195.48 3 0 30163.25
801 195.62 -1 50 30163.25
802 195.52 3 0 30158.25
803 195.52 1 0 30158.25
804 195.56 1 0 30158.25
805 195.43 -1 50 30158.25
806 195.48 -3 100 30160.75
807 195.52 -1 150 30164.75
808 195.44 1 100 30152.75
809 195.48 -1 150 30156.75
810 195.54 -1 150 30165.75
811 195.48 3 100 30156.75
812 195.53 1 50 30161.75
813 195.41 -1 100 30155.75
814 195.35 -3 150 30149.75
815 195.39 -3 150 30155.749999999996
816 195.43 -1 150 30161.75
817 195.36 1 100 30151.25
818 195.365 1 50 30151.75
819 195.37 1 0 30152.0
820 195.375 1 0 30152.0
821 195.39 3 0 30152.0
822 195.37 3 0 30152.0
823 195.32 -1 50 30152.0
824 195.33 -3 100 30152.5
825 195.32 -3 150 30151.5
826 195.32 -5 150 30151.5
827 195.36 -1 150 30157.500000000004
828 195.39 3 100 30162.0
829 195.39 3 50 30162.0
830 195.41 5 0 30163.0
831 195.39 3 0 30163.0
832 195.39 -1 50 30163.0
833 195.3 -1 100 30158.5
834 195.38 -3 150 30166.5
835 195.31 -3 150 30156.0
836 195.35 -1 150 30162.0
837 195.33 -1 150 30159.000000000004
838 195.35 1 100 30162.0
839 195.29 -1 150 30156.0
840 195.225 -3 150 30146.25
841 195.165 -5 150 30137.25
842 195.22 -3 150 30145.5
843 195.1 -5 150 30127.5
844 195.19 -3 150 30141.0
845 195.16 -3 150 30136.5
846 195.16 -3 150 30136.5
847 195.145 -3 150 30134.25
848 195.09 -3 150 30126.0
849 194.99 -3 150 30111.0
850 195.02 -3 150 30115.5
851 195.13 -1 150 30132.0
852 195.13 1 100 30132.0
853 195.06 1 50 30125.0
854 195.1 1 0 30127.0
855 195.08 -1 50 30127.0
856 194.94 1 0 30120.0
857 194.91 -5 50 30120.0
858 194.74 -3 100 30111.5
859 194.84 -3 150 30121.5
860 194.8 -3 150 30115.5
861 194.84 -1 150 30121.5
862 194.82 1 100 30118.5
863 194.88 3 50 30124.5
864 194.865 3 0 30123.75
865 194.9 5 0 30123.75
866 194.895 3 0 30123.75
867 194.91 5 0 30123.75
868 194.93 5 0 30123.75
869 194.98 5 0 30123.75
870 194.9 3 0 30123.75
871 194.81 -1 50 30123.75
872 194.87 -3 100 30126.75
873 194.83 -3 150 30122.750000000004
874 194.68 -1 150 30100.25
875 194.75 -3 150 30110.75
876 194.51 -3 150 30074.75
877 194.57 -3 150 30083.75
878 194.7 -1 150 30103.25
879 194.75 1 100 30110.75
880 194.72 3 50 30107.75
881 194.71 1 0 30107.25
882 194.73 1 0 30107.25
883 194.775 1 0 30107.25
884 194.83 3 0 30107.25
885 194.65 1 0 30107.25
886 194.69 -1 50 30107.25
887 194.65 -3 100 30105.25
888 194.69 -3 150 30109.25
889 194.7 1 100 30110.75
890 194.7 3 50 30110.75
891 194.67 1 0 30109.25
892 194.66 -3 50 30109.25
893 194.65 -5 100 30108.75
894 194.63 -5 150 30106.75
895 194.78 -1 150 30129.25
896 194.74 3 100 30123.25
897 194.82 3 50 30131.25
898 194.76 3 0 30128.25
899 194.79 1 0 30128.25
900 194.79 1 0 30128.25
901 194.72 -1 50 30128.25
902 194.56 -1 100 30120.25
903 194.66 -3 150 30130.25
904 194.67 -1 150 30131.749999999996
905 194.63 -3 150 30125.75
906 194.54 -1 150 30112.25
907 194.52 -3 150 30109.25
908 194.5 -5 150 30106.25
909 194.5 -5 150 30106.25
910 194.59 -1 150 30119.75
911 194.55 3 100 30113.75
912 194.59 3 50 30117.75
913 194.53 1 0 30114.75
914 194.46 -3 50 30114.75
915 194.27 -1 100 30105.25
916 194.24 -5 150 30102.25
917 194.32 -1 150 30114.25
918 194.275 -1 150 30107.5
919 194.22 -1 150 30099.25
920 194.23 -3 150 30100.75
921 194.24 -1 150 30102.25
922 194.16 -1 150 30090.25
923 194.25 -3 150 30103.75
924 194.37 1 100 30121.75
925 194.43 3 50 30127.75
926 194.29 1 0 30120.75
927 194.3 1 0 30120.75
928 194.36 -1 50 30120.75
929 194.4 1 0 30122.75
930 194.39 1 0 30122.75
931 194.425 5 0 30122.75
932 194.39 3 0 30122.75
933 194.41 -1 50 30122.75
934 194.47 -1 100 30125.75
935 194.47 3 50 30125.75
936 194.33 1 0 30118.75
937 194.43 -3 50 30118.75
938 194.38 -3 100 30116.25
939 194.325 -3 150 30110.75
940 194.34 -3 150 30113.0
941 194.335 -3 150 30112.25
942 194.275 -3 150 30103.25
943 194.23 -5 150 30096.5
944 194.2 -5 150 30092.0
945 194.17 -5 150 30087.499999999996
946 194.09 -5 150 30075.5
947 194.01 -5 150 30063.5
948 193.91 -5 150 30048.5
949 193.83 -5 150 30036.500000000004
950 193.83 -5 150 30036.500000000004
951 193.81 -5 150 30033.5
952 193.92 -1 150 30049.999999999996
953 194.1 1 100 30077.0
954 194.13 5 50 30080.0
955 193.81 1 0 30064.0
956 193.77 -3 50 30064.0
957 193.86 -1 100 30068.5
958 193.97 1 50 30079.5
959 194.74 1 0 30118.0
