time stock-price decision_max decision number-of-stocks portfolio-value
570 29.965 -1 0 0 30000
571 29.965 -5 0 0 30000
572 29.995 -9 0 0 30000
573 30.015 -9 0 0 30000
574 29.47 9 0 0 30000
575 29.51 9 0 0 30000
576 29.595 9 0 0 30000
577 29.72 7 0 0 30000
578 29.79 -1 0 0 30000
579 29.815 3 0 0 30000
580 29.8 7 0 0 30000
581 29.875 -9 0 0 30000
582 29.88 1 0 0 30000
583 29.83 9 0 0 30000
584 29.895 9 0 0 30000
585 30 -1 1 0 30000
586 30.07 -9 3 0 30000.0
587 30.04 -9 3 0 30000.0
588 30.04 -3 1 0 30000.0
589 29.975 9 -1 250 30000.0
590 30.01 9 -3 499 30008.75
591 30.06 7 -1 748 30033.699999999997
592 30.135 3 1 499 30089.800000000003
593 30.12 9 3 250 30082.315
594 30.165 9 5 1 30093.565
595 30.22 9 5 0 30093.62
596 30.27 1 5 0 30093.62
597 30.3 -1 5 0 30093.62
598 30.3 -1 5 0 30093.62
599 30.34 -9 5 0 30093.62
600 30.29 -7 3 0 30093.62
601 30.25 -7 -1 248 30093.62
602 30.22 3 -3 496 30086.18
603 30.285 -9 -1 744 30118.42
604 30.165 7 3 495 30029.14
605 30.185 5 -3 743 30039.039999999997
606 30.145 9 -5 992 30009.32
607 30.245 -9 -1 992 30108.52
608 30.185 -7 1 743 30049.0
609 30.13 5 1 494 30008.135000000002
610 30.115 5 -3 743 30000.725000000002
611 30.16 -7 -1 991 30034.160000000003
612 30.08 9 -1 991 29954.88
613 30.1 9 -3 991 29974.700000000004
614 30.16 -9 -1 991 30034.160000000003
615 30.105 3 3 742 29979.655000000002
616 30.115 7 1 494 29987.075
617 30.11 9 1 246 29984.605000000003
618 30.14 9 1 0 29991.985
619 30.225 -9 1 0 29991.985
620 30.21 -9 3 0 29991.985
621 30.17 3 1 0 29991.985
622 30.17 3 1 0 29991.985
623 30.15 9 -1 248 29991.985
624 30.195 9 -1 496 30003.144999999997
625 30.2 1 1 248 30005.624999999996
626 30.245 -9 3 0 30016.784999999996
627 30.245 -9 3 0 30016.784999999996
628 30.175 -7 1 0 30016.784999999996
629 30.14 5 -1 248 30016.784999999996
630 30.12 9 -5 497 30011.824999999997
631 30.14 -1 -3 745 30021.764999999992
632 30.165 -9 -1 993 30040.389999999992
633 30.14 -9 1 744 30015.564999999995
634 30.145 -9 1 496 30019.284999999996
635 30.085 9 -1 745 29989.524999999994
636 30.12 1 -3 993 30015.599999999995
637 30.12 5 -1 993 30015.599999999995
638 30.12 -3 1 744 30015.6
639 30.12 -3 1 495 30015.59999999999
640 30.125 -9 1 246 30018.074999999993
641 30.14 -7 3 0 30021.764999999992
642 30.1 9 1 0 30021.764999999992
643 30.1 -3 -3 249 30021.764999999992
644 30.13 -9 -1 498 30029.234999999993
645 30.115 -9 -1 747 30021.764999999992
646 30.04 9 1 498 29965.73999999999
647 30.035 9 -5 747 29963.249999999993
648 30.09 1 -1 995 30004.334999999992
649 30.1 -7 1 746 30014.284999999996
650 30.1 -3 1 497 30014.284999999996
651 30.095 -1 1 248 30011.799999999996
652 30.105 -7 1 0 30014.279999999995
653 30.095 -9 3 0 30014.279999999995
654 30.085 -9 -1 249 30014.279999999995
655 30.055 5 -1 498 30006.809999999994
656 30.04 9 -5 747 29999.339999999997
657 30.055 -3 -3 996 30010.544999999995
658 30.055 -9 -3 996 30010.544999999995
659 30.035 -9 -1 996 29990.624999999996
660 30.02 -9 -1 996 29975.684999999994
661 29.96 3 -3 996 29915.924999999996
662 29.96 9 -5 996 29915.924999999996
663 29.96 9 -3 996 29915.924999999996
664 29.975 7 -1 996 29930.864999999998
665 29.99 3 3 747 29945.804999999993
666 30.005 9 5 498 29957.009999999995
667 30 9 3 249 29954.519999999993
668 30.035 9 5 0 29963.234999999993
669 30.1 -3 3 0 29963.234999999993
670 30.09 9 3 0 29963.234999999993
671 30.12 1 5 0 29963.234999999993
672 30.16 -9 5 0 29963.234999999993
673 30.14 -7 3 0 29963.234999999993
674 30.12 -9 1 0 29963.234999999993
675 30.095 9 -1 248 29963.234999999993
676 30.11 -9 -3 496 29966.954999999994
677 30.095 -7 -3 744 29959.515
678 30.095 -9 -5 992 29959.514999999996
679 30.065 -9 -1 992 29929.754999999997
680 30.06 -7 -5 992 29924.795
681 30.025 -9 -5 992 29890.074999999997
682 30 -7 -5 992 29865.274999999998
683 29.995 -9 -5 992 29860.315
684 29.955 9 -5 992 29820.634999999995
685 29.985 -5 -3 992 29850.394999999997
686 29.945 -5 -3 992 29810.714999999997
687 29.96 -9 -3 992 29825.594999999998
688 29.93 -9 -1 992 29795.835
689 29.815 5 -1 992 29681.754999999997
690 29.795 9 -5 992 29661.915
691 29.815 5 -3 992 29681.754999999997
692 29.845 -9 -1 992 29711.514999999996
693 29.825 -7 1 743 29691.674999999996
694 29.795 -7 1 494 29669.385000000002
695 29.775 -1 -3 743 29659.505
696 29.78 -7 -3 991 29663.219999999998
697 29.755 -7 -5 991 29638.444999999996
698 29.745 -7 -5 991 29628.535
699 29.755 -5 -3 991 29638.444999999996
700 29.7 -5 -3 991 29583.94
701 29.715 -9 -3 991 29598.804999999997
702 29.695 -7 -3 991 29578.984999999997
703 29.635 -9 -3 991 29519.524999999998
704 29.615 -7 -5 991 29499.704999999998
705 29.595 -9 -5 991 29479.885
706 29.545 3 -5 991 29430.335
707 29.545 3 -5 991 29430.335
708 29.475 9 -5 991 29360.965
709 29.61 -1 -3 991 29494.749999999996
710 29.6 1 1 742 29484.84
711 29.66 -9 5 494 29529.36
712 29.63 -7 3 245 29514.539999999997
713 29.595 -3 1 0 29505.964999999997
714 29.565 -7 -1 249 29505.964999999997
715 29.59 -9 -3 498 29512.189999999995
716 29.54 -7 -5 747 29487.289999999997
717 29.42 7 -1 997 29397.649999999998
718 29.45 -9 -3 997 29427.559999999994
719 29.46 -9 -1 997 29437.53
720 29.4 5 -3 997 29377.709999999995
721 29.4 -1 -3 997 29377.709999999995
722 29.4 1 -3 997 29377.709999999995
723 29.385 7 -5 997 29362.754999999997
724 29.335 9 -3 997 29312.905
725 29.45 3 -1 997 29427.559999999994
726 29.49 -3 1 748 29467.439999999995
727 29.505 -9 5 499 29478.659999999993
728 29.5 -7 3 250 29476.164999999994
729 29.455 1 1 0 29464.914999999994
730 29.465 -7 -1 249 29464.914999999994
731 29.46 -9 -3 499 29463.669999999995
732 29.415 -9 -3 749 29441.214999999993
733 29.415 -9 -3 999 29441.214999999993
734 29.41 -9 -5 999 29436.219999999994
735 29.355 9 -3 999 29381.274999999994
736 29.37 9 -3 999 29396.259999999995
737 29.38 -1 -1 999 29406.249999999993
738 29.385 -9 1 749 29411.244999999995
739 29.39 -9 3 499 29414.989999999994
740 29.36 -9 1 249 29400.019999999993
741 29.335 -3 -1 499 29393.794999999995
742 29.34 -9 -3 749 29396.289999999994
743 29.32 -7 -5 999 29381.309999999994
744 29.31 -9 -5 999 29371.319999999992
745 29.27 3 -5 999 29331.359999999993
746 29.28 1 -3 999 29341.349999999995
747 29.25 7 -5 999 29311.379999999994
748 29.28 3 -3 999 29341.349999999995
749 29.285 7 1 749 29346.344999999994
750 29.27 9 1 499 29335.109999999993
751 29.31 7 1 249 29355.069999999992
752 29.345 -7 1 0 29363.784999999993
753 29.335 1 3 0 29363.784999999993
754 29.33 5 1 0 29363.784999999993
755 29.37 -9 1 0 29363.784999999993
756 29.33 1 3 0 29363.784999999993
757 29.315 9 -1 250 29363.784999999993
758 29.345 3 -3 500 29371.284999999993
759 29.345 3 1 250 29371.284999999993
760 29.375 -3 3 1 29378.784999999993
761 29.325 9 3 0 29378.734999999993
762 29.36 9 -1 250 29378.734999999993
763 29.44 3 -1 499 29398.734999999993
764 29.43 9 3 250 29393.74499999999
765 29.475 9 5 1 29404.99499999999
766 29.5 9 5 0 29405.019999999993
767 29.55 -1 5 0 29405.019999999993
768 29.555 -9 5 0 29405.019999999993
769 29.55 -5 3 0 29405.019999999993
770 29.54 -9 -1 248 29405.01999999999
771 29.525 -7 -3 496 29401.29999999999
772 29.525 -9 -5 744 29401.29999999999
773 29.485 5 -3 993 29371.53999999999
774 29.495 -9 -3 993 29381.46999999999
775 29.465 9 -5 993 29351.67999999999
776 29.48 -9 -3 993 29366.57499999999
777 29.47 -5 -3 993 29356.64499999999
778 29.46 -7 -3 993 29346.714999999993
779 29.43 -7 -1 993 29316.92499999999
780 29.455 -9 -3 993 29341.74999999999
781 29.38 -9 -1 993 29267.27499999999
782 29.36 -9 -5 993 29247.41499999999
783 29.34 -9 -5 993 29227.55499999999
784 29.3 9 -5 993 29187.834999999992
785 29.3 7 -5 993 29187.834999999992
786 29.31 3 -1 993 29197.76499999999
787 29.315 1 1 744 29202.729999999992
788 29.3 5 -1 993 29191.569999999992
789 29.325 7 -3 993 29216.39499999999
790 29.315 9 3 744 29206.464999999993
791 29.345 9 1 496 29228.78499999999
792 29.385 -7 3 248 29248.624999999993
793 29.38 1 3 0 29247.384999999995
794 29.385 -3 3 0 29247.384999999995
795 29.38 -5 1 0 29247.384999999995
796 29.38 -9 -1 248 29247.384999999995
797 29.38 -9 -5 496 29247.384999999995
798 29.32 9 -1 745 29217.625
799 29.32 7 -5 994 29217.625
800 29.335 5 -1 994 29232.534999999996
801 29.34 5 1 745 29237.504999999997
802 29.32 9 -1 994 29222.604999999996
803 29.355 -1 -3 994 29257.394999999997
804 29.365 -3 5 745 29267.334999999995
805 29.36 -9 3 496 29263.609999999993
806 29.36 -9 3 247 29263.609999999993
807 29.36 -9 3 0 29263.609999999993
808 29.36 -9 1 0 29263.609999999993
809 29.335 -7 -1 249 29263.609999999993
810 29.315 3 -3 498 29258.62999999999
811 29.305 9 -5 747 29253.64999999999
812 29.32 -7 -3 996 29264.854999999992
813 29.305 -7 -1 996 29249.91499999999
814 29.32 -7 -3 996 29264.854999999992
815 29.285 3 -1 996 29229.99499999999
816 29.285 3 -1 996 29229.99499999999
817 29.285 -7 -5 996 29229.99499999999
818 29.295 -9 -1 996 29239.954999999994
819 29.265 -5 -3 996 29210.074999999993
820 29.265 -5 -3 996 29210.074999999993
821 29.25 -3 -5 996 29195.13499999999
822 29.255 -7 -3 996 29200.11499999999
823 29.25 -9 -3 996 29195.13499999999
824 29.225 -7 -5 996 29170.234999999993
825 29.19 -1 -3 996 29135.374999999993
826 29.16 9 -5 996 29105.49499999999
827 29.19 -9 -3 996 29135.374999999993
828 29.165 5 -3 996 29110.47499999999
829 29.18 5 -1 996 29125.41499999999
830 29.165 9 1 747 29110.47499999999
831 29.195 7 -1 996 29132.88499999999
832 29.225 9 3 747 29162.764999999992
833 29.245 -1 5 498 29177.704999999994
834 29.24 1 3 249 29175.21499999999
835 29.265 -9 5 0 29181.43999999999
836 29.265 -9 5 0 29181.43999999999
837 29.255 -9 3 0 29181.43999999999
838 29.225 3 1 0 29181.43999999999
839 29.225 3 1 0 29181.43999999999
840 29.215 3 -3 249 29181.43999999999
841 29.205 9 -5 498 29178.94999999999
842 29.245 9 -1 747 29198.86999999999
843 29.245 9 1 498 29198.869999999995
844 29.295 -9 3 249 29223.769999999997
845 29.29 -9 3 0 29222.524999999994
846 29.27 -1 1 0 29222.524999999994
847 29.25 9 -1 249 29222.524999999994
848 29.27 -7 -3 498 29227.504999999994
849 29.28 -9 -1 747 29232.484999999993
850 29.255 5 1 498 29213.809999999994
851 29.25 9 -1 747 29211.319999999992
852 29.255 -3 -3 996 29215.054999999993
853 29.26 -9 -1 996 29220.034999999996
854 29.245 -7 -1 996 29205.094999999994
855 29.235 -9 -1 996 29195.13499999999
856 29.225 -9 -5 996 29185.174999999996
857 29.22 -9 -5 996 29180.194999999992
858 29.2 3 -5 996 29160.274999999994
859 29.2 9 -5 996 29160.274999999994
860 29.195 9 -5 996 29155.294999999995
861 29.23 7 -1 996 29190.154999999995
862 29.25 -9 3 747 29210.074999999993
863 29.25 -5 3 498 29210.074999999993
864 29.235 9 1 249 29202.604999999992
865 29.255 9 -1 498 29207.584999999992
866 29.26 1 3 249 29210.074999999997
867 29.26 1 3 0 29210.074999999997
868 29.27 -9 3 0 29210.074999999997
869 29.265 -1 3 0 29210.074999999997
870 29.265 -5 3 0 29210.074999999997
871 29.25 9 -1 249 29210.074999999997
872 29.275 -9 -3 498 29216.299999999996
873 29.275 -7 1 249 29216.299999999996
874 29.24 9 1 0 29207.584999999995
875 29.235 9 -1 249 29207.584999999995
876 29.27 -5 -1 498 29216.299999999996
877 29.26 -7 -1 747 29211.319999999996
878 29.26 -7 -1 996 29211.32
879 29.27 -7 1 747 29221.27999999999
880 29.255 -9 1 498 29210.074999999997
881 29.24 3 -3 747 29202.604999999996
882 29.24 3 -3 996 29202.604999999996
883 29.245 -9 -3 996 29207.585
884 29.22 9 -5 996 29182.684999999998
885 29.24 5 -3 996 29202.604999999996
886 29.235 9 -3 996 29197.624999999993
887 29.255 -5 1 747 29217.545
888 29.245 7 3 498 29210.074999999997
889 29.255 7 3 249 29215.054999999997
890 29.265 -9 3 0 29217.545
891 29.255 9 3 0 29217.545
892 29.255 9 3 0 29217.545
893 29.265 9 1 0 29217.545
894 29.27 9 5 0 29217.545
895 29.29 -3 1 0 29217.545
896 29.29 -5 3 0 29217.545
897 29.29 -9 1 0 29217.545
898 29.29 -9 -1 249 29217.545
899 29.265 9 -1 498 29211.32
900 29.265 9 -1 747 29211.32
901 29.26 9 -5 996 29207.585
902 29.275 -5 -1 996 29222.524999999994
903 29.27 3 -1 996 29217.544999999995
904 29.27 5 -1 996 29217.544999999995
905 29.275 5 3 747 29222.524999999994
906 29.265 9 1 498 29215.055
907 29.285 -9 -1 747 29225.015
908 29.29 -9 3 498 29228.75
909 29.27 -9 1 249 29218.789999999997
910 29.235 9 -1 498 29210.074999999997
911 29.255 7 -3 747 29220.035
912 29.255 5 -1 996 29220.034999999996
913 29.265 -7 1 747 29229.995000000003
914 29.255 9 3 498 29222.525
915 29.255 9 1 249 29222.524999999998
916 29.265 -5 -1 498 29225.015
917 29.26 -9 1 249 29222.525
918 29.26 -7 -1 498 29222.525
919 29.25 -5 -1 747 29217.545
920 29.24 -3 -3 996 29210.074999999997
921 29.245 -7 -3 996 29215.055
922 29.235 -9 -5 996 29205.094999999998
923 29.225 -9 -5 996 29195.135000000002
924 29.215 -7 -5 996 29185.175
925 29.195 -5 -5 996 29165.255
926 29.185 -9 -5 996 29155.295
927 29.18 -9 -5 996 29150.315
928 29.155 -5 -5 996 29125.415
929 29.125 3 -5 996 29095.535
930 29.125 3 -5 996 29095.535
931 29.135 -9 -3 996 29105.495000000003
932 29.115 -1 -5 996 29085.574999999997
933 29.115 -1 -5 996 29085.574999999997
934 29.095 9 -5 996 29065.655
935 29.115 -9 -3 996 29085.574999999997
936 29.105 -9 -3 996 29075.615
937 29.095 -7 -1 996 29065.655
938 29.065 7 -1 996 29035.775
939 29.08 1 -3 996 29050.714999999997
940 29.08 -1 -3 996 29050.714999999997
941 29.08 -1 -3 996 29050.714999999997
942 29.07 9 -3 996 29040.755
943 29.085 9 -3 996 29055.695
944 29.085 9 1 747 29055.695
945 29.095 7 3 498 29063.165
946 29.105 1 5 249 29068.145
947 29.115 -5 5 0 29070.635
948 29.11 -5 3 0 29070.635
949 29.11 -5 3 0 29070.635
950 29.125 -9 5 0 29070.635
951 29.085 -9 0 0 29070.635
952 29.075 -9 0 0 29070.635
953 29.05 -9 0 0 29070.635
954 29.02 7 0 0 29070.635
955 29.025 1 0 0 29070.635
956 29.025 1 0 0 29070.635
957 29.015 7 0 0 29070.635
958 29.03 9 0 0 29070.635
959 29.02 9 0 0 29070.635
960 29.02 9 1 0 29070.635
570 29.965 -1 0 0 30000
571 29.965 -5 0 0 30000
572 29.995 -9 0 0 30000
573 30.015 -9 0 0 30000
574 29.47 9 0 0 30000
575 29.51 9 0 0 30000
576 29.595 9 0 0 30000
577 29.72 7 0 0 30000
578 29.79 -1 0 0 30000
579 29.815 3 0 0 30000
580 29.8 7 0 0 30000
581 29.875 -9 0 0 30000
582 29.88 1 0 0 30000
583 29.83 9 0 0 30000
584 29.895 9 0 0 30000
585 30 -1 1 0 30000
586 30.07 -9 3 0 30000.0
587 30.04 -9 3 0 30000.0
588 30.04 -3 1 0 30000.0
589 29.975 9 -1 250 30000.0
590 30.01 9 -3 499 30008.75
591 30.06 7 -1 748 30033.699999999997
592 30.135 3 1 0 30089.8
593 30.12 9 3 0 30089.8
594 30.165 9 5 0 30089.8
595 30.22 9 5 0 30089.8
596 30.27 1 5 0 30089.8
597 30.3 -1 5 0 30089.8
598 30.3 -1 5 0 30089.8
599 30.34 -9 5 0 30089.8
600 30.29 -7 3 0 30089.8
601 30.25 -7 -1 248 30089.8
602 30.22 3 -3 496 30082.36
603 30.285 -9 -1 744 30114.6
604 30.165 7 3 0 30025.32
605 30.185 5 -3 248 30025.32
606 30.145 9 -5 497 30015.4
607 30.245 -9 -1 745 30065.1
608 30.185 -7 1 0 30020.4
609 30.13 5 1 0 30020.4
610 30.115 5 -3 249 30020.4
611 30.16 -7 -1 497 30031.605000000003
612 30.08 9 -1 746 29991.845000000005
613 30.1 9 -3 995 30006.765000000003
614 30.16 -9 -1 995 30066.465000000004
615 30.105 3 3 0 30011.740000000005
616 30.115 7 1 0 30011.740000000005
617 30.11 9 1 0 30011.740000000005
618 30.14 9 1 0 30011.740000000005
619 30.225 -9 1 0 30011.740000000005
620 30.21 -9 3 0 30011.740000000005
621 30.17 3 1 0 30011.740000000005
622 30.17 3 1 0 30011.740000000005
623 30.15 9 -1 248 30011.740000000005
624 30.195 9 -1 496 30022.9
625 30.2 1 1 0 30025.380000000005
626 30.245 -9 3 0 30025.380000000005
627 30.245 -9 3 0 30025.380000000005
628 30.175 -7 1 0 30025.380000000005
629 30.14 5 -1 249 30025.380000000005
630 30.12 9 -5 498 30020.4
631 30.14 -1 -3 747 30030.360000000004
632 30.165 -9 -1 995 30049.035000000003
633 30.14 -9 1 0 30024.160000000003
634 30.145 -9 1 0 30024.160000000003
635 30.085 9 -1 249 30024.160000000003
636 30.12 1 -3 498 30032.875
637 30.12 5 -1 747 30032.875
638 30.12 -3 1 0 30032.875
639 30.12 -3 1 0 30032.875
640 30.125 -9 1 0 30032.875
641 30.14 -7 3 0 30032.875
642 30.1 9 1 0 30032.875
643 30.1 -3 -3 249 30032.875
644 30.13 -9 -1 498 30040.345
645 30.115 -9 -1 747 30032.875
646 30.04 9 1 0 29976.850000000002
647 30.035 9 -5 249 29976.850000000002
648 30.09 1 -1 498 29990.545000000002
649 30.1 -7 1 0 29995.525
650 30.1 -3 1 0 29995.525
651 30.095 -1 1 0 29995.525
652 30.105 -7 1 0 29995.525
653 30.095 -9 3 0 29995.525
654 30.085 -9 -1 249 29995.525
655 30.055 5 -1 498 29988.055
656 30.04 9 -5 747 29980.585000000003
657 30.055 -3 -3 996 29991.79
658 30.055 -9 -3 996 29991.79
659 30.035 -9 -1 996 29971.870000000003
660 30.02 -9 -1 996 29956.93
661 29.96 3 -3 996 29897.170000000002
662 29.96 9 -5 996 29897.170000000002
663 29.96 9 -3 996 29897.170000000002
664 29.975 7 -1 996 29912.110000000004
665 29.99 3 3 0 29927.05
666 30.005 9 5 0 29927.05
667 30 9 3 0 29927.05
668 30.035 9 5 0 29927.05
669 30.1 -3 3 0 29927.05
670 30.09 9 3 0 29927.05
671 30.12 1 5 0 29927.05
672 30.16 -9 5 0 29927.05
673 30.14 -7 3 0 29927.05
674 30.12 -9 1 0 29927.05
675 30.095 9 -1 248 29927.049999999996
676 30.11 -9 -3 496 29930.769999999997
677 30.095 -7 -3 744 29923.33
678 30.095 -9 -5 992 29923.329999999998
679 30.065 -9 -1 992 29893.57
680 30.06 -7 -5 992 29888.61
681 30.025 -9 -5 992 29853.89
682 30 -7 -5 992 29829.09
683 29.995 -9 -5 992 29824.13
684 29.955 9 -5 992 29784.449999999997
685 29.985 -5 -3 992 29814.21
686 29.945 -5 -3 992 29774.53
687 29.96 -9 -3 992 29789.41
688 29.93 -9 -1 992 29759.65
689 29.815 5 -1 992 29645.57
690 29.795 9 -5 992 29625.730000000003
691 29.815 5 -3 992 29645.57
692 29.845 -9 -1 992 29675.329999999998
693 29.825 -7 1 0 29655.489999999998
694 29.795 -7 1 0 29655.489999999998
695 29.775 -1 -3 248 29655.489999999998
696 29.78 -7 -3 496 29656.729999999996
697 29.755 -7 -5 745 29644.329999999994
698 29.745 -7 -5 994 29636.879999999997
699 29.755 -5 -3 994 29646.819999999992
700 29.7 -5 -3 994 29592.149999999994
701 29.715 -9 -3 994 29607.059999999998
702 29.695 -7 -3 994 29587.18
703 29.635 -9 -3 994 29527.54
704 29.615 -7 -5 994 29507.659999999996
705 29.595 -9 -5 994 29487.78
706 29.545 3 -5 994 29438.08
707 29.545 3 -5 994 29438.08
708 29.475 9 -5 994 29368.5
709 29.61 -1 -3 994 29502.689999999995
710 29.6 1 1 0 29492.75
711 29.66 -9 5 0 29492.75
712 29.63 -7 3 0 29492.75
713 29.595 -3 1 0 29492.75
714 29.565 -7 -1 249 29492.75
715 29.59 -9 -3 498 29498.975
716 29.54 -7 -5 747 29474.075
717 29.42 7 -1 997 29384.435
718 29.45 -9 -3 997 29414.344999999998
719 29.46 -9 -1 997 29424.315000000002
720 29.4 5 -3 997 29364.495
721 29.4 -1 -3 997 29364.495
722 29.4 1 -3 997 29364.495
723 29.385 7 -5 997 29349.54
724 29.335 9 -3 997 29299.690000000002
725 29.45 3 -1 997 29414.344999999998
726 29.49 -3 1 0 29454.225
727 29.505 -9 5 0 29454.225
728 29.5 -7 3 0 29454.225
729 29.455 1 1 0 29454.225
730 29.465 -7 -1 249 29454.225
731 29.46 -9 -3 498 29452.979999999996
732 29.415 -9 -3 748 29430.569999999996
733 29.415 -9 -3 998 29430.569999999996
734 29.41 -9 -5 998 29425.579999999998
735 29.355 9 -3 998 29370.69
736 29.37 9 -3 998 29385.66
737 29.38 -1 -1 998 29395.639999999996
738 29.385 -9 1 0 29400.63
739 29.39 -9 3 0 29400.63
740 29.36 -9 1 0 29400.63
741 29.335 -3 -1 250 29400.63
742 29.34 -9 -3 500 29401.88
743 29.32 -7 -5 750 29391.88
744 29.31 -9 -5 1000 29384.38
745 29.27 3 -5 1000 29344.38
746 29.28 1 -3 1000 29354.38
747 29.25 7 -5 1000 29324.38
748 29.28 3 -3 1000 29354.38
749 29.285 7 1 0 29359.38
750 29.27 9 1 0 29359.38
751 29.31 7 1 0 29359.38
752 29.345 -7 1 0 29359.38
753 29.335 1 3 0 29359.38
754 29.33 5 1 0 29359.38
755 29.37 -9 1 0 29359.38
756 29.33 1 3 0 29359.38
757 29.315 9 -1 250 29359.38
758 29.345 3 -3 500 29366.88
759 29.345 3 1 0 29366.88
760 29.375 -3 3 0 29366.88
761 29.325 9 3 0 29366.88
762 29.36 9 -1 250 29366.88
763 29.44 3 -1 499 29386.88
764 29.43 9 3 0 29381.89
765 29.475 9 5 0 29381.89
766 29.5 9 5 0 29381.89
767 29.55 -1 5 0 29381.89
768 29.555 -9 5 0 29381.89
769 29.55 -5 3 0 29381.89
770 29.54 -9 -1 248 29381.89
771 29.525 -7 -3 496 29378.17
772 29.525 -9 -5 744 29378.17
773 29.485 5 -3 993 29348.41
774 29.495 -9 -3 993 29358.34
775 29.465 9 -5 993 29328.55
776 29.48 -9 -3 993 29343.445
777 29.47 -5 -3 993 29333.515
778 29.46 -7 -3 993 29323.585000000003
779 29.43 -7 -1 993 29293.795
780 29.455 -9 -3 993 29318.62
781 29.38 -9 -1 993 29244.145
782 29.36 -9 -5 993 29224.285
783 29.34 -9 -5 993 29204.425
784 29.3 9 -5 993 29164.705
785 29.3 7 -5 993 29164.705
786 29.31 3 -1 993 29174.635
787 29.315 1 1 0 29179.600000000002
788 29.3 5 -1 248 29179.600000000002
789 29.325 7 -3 496 29185.800000000003
790 29.315 9 3 0 29180.840000000004
791 29.345 9 1 0 29180.840000000004
792 29.385 -7 3 0 29180.840000000004
793 29.38 1 3 0 29180.840000000004
794 29.385 -3 3 0 29180.840000000004
795 29.38 -5 1 0 29180.840000000004
796 29.38 -9 -1 248 29180.840000000004
797 29.38 -9 -5 496 29180.840000000004
798 29.32 9 -1 744 29151.08000000001
799 29.32 7 -5 992 29151.080000000005
800 29.335 5 -1 992 29165.960000000006
801 29.34 5 1 0 29170.920000000006
802 29.32 9 -1 248 29170.920000000006
803 29.355 -1 -3 496 29179.600000000006
804 29.365 -3 5 0 29184.560000000005
805 29.36 -9 3 0 29184.560000000005
806 29.36 -9 3 0 29184.560000000005
807 29.36 -9 3 0 29184.560000000005
808 29.36 -9 1 0 29184.560000000005
809 29.335 -7 -1 248 29184.560000000005
810 29.315 3 -3 496 29179.600000000006
811 29.305 9 -5 744 29174.640000000003
812 29.32 -7 -3 992 29185.800000000003
813 29.305 -7 -1 992 29170.920000000006
814 29.32 -7 -3 992 29185.800000000003
815 29.285 3 -1 992 29151.080000000005
816 29.285 3 -1 992 29151.080000000005
817 29.285 -7 -5 992 29151.080000000005
818 29.295 -9 -1 992 29161.000000000007
819 29.265 -5 -3 992 29131.240000000005
820 29.265 -5 -3 992 29131.240000000005
821 29.25 -3 -5 992 29116.360000000004
822 29.255 -7 -3 992 29121.320000000003
823 29.25 -9 -3 992 29116.360000000004
824 29.225 -7 -5 992 29091.560000000005
825 29.19 -1 -3 992 29056.840000000004
826 29.16 9 -5 992 29027.080000000005
827 29.19 -9 -3 992 29056.840000000004
828 29.165 5 -3 992 29032.040000000005
829 29.18 5 -1 992 29046.920000000006
830 29.165 9 1 0 29032.040000000005
831 29.195 7 -1 248 29032.040000000005
832 29.225 9 3 0 29039.480000000003
833 29.245 -1 5 0 29039.480000000003
834 29.24 1 3 0 29039.480000000003
835 29.265 -9 5 0 29039.480000000003
836 29.265 -9 5 0 29039.480000000003
837 29.255 -9 3 0 29039.480000000003
838 29.225 3 1 0 29039.480000000003
839 29.225 3 1 0 29039.480000000003
840 29.215 3 -3 248 29039.480000000003
841 29.205 9 -5 496 29037.0
842 29.245 9 -1 744 29056.840000000004
843 29.245 9 1 0 29056.840000000004
844 29.295 -9 3 0 29056.840000000004
845 29.29 -9 3 0 29056.840000000004
846 29.27 -1 1 0 29056.840000000004
847 29.25 9 -1 248 29056.840000000004
848 29.27 -7 -3 496 29061.800000000003
849 29.28 -9 -1 744 29066.760000000002
850 29.255 5 1 0 29048.160000000003
851 29.25 9 -1 248 29048.160000000003
852 29.255 -3 -3 496 29049.4
853 29.26 -9 -1 744 29051.880000000005
854 29.245 -7 -1 992 29040.720000000005
855 29.235 -9 -1 992 29030.800000000003
856 29.225 -9 -5 992 29020.880000000005
857 29.22 -9 -5 992 29015.920000000002
858 29.2 3 -5 992 28996.08
859 29.2 9 -5 992 28996.08
860 29.195 9 -5 992 28991.120000000003
861 29.23 7 -1 992 29025.840000000004
862 29.25 -9 3 0 29045.680000000004
863 29.25 -5 3 0 29045.680000000004
864 29.235 9 1 0 29045.680000000004
865 29.255 9 -1 248 29045.68
866 29.26 1 3 0 29046.920000000002
867 29.26 1 3 0 29046.920000000002
868 29.27 -9 3 0 29046.920000000002
869 29.265 -1 3 0 29046.920000000002
870 29.265 -5 3 0 29046.920000000002
871 29.25 9 -1 248 29046.920000000002
872 29.275 -9 -3 496 29053.120000000003
873 29.275 -7 1 0 29053.120000000003
874 29.24 9 1 0 29053.120000000003
875 29.235 9 -1 248 29053.120000000003
876 29.27 -5 -1 496 29061.800000000003
877 29.26 -7 -1 744 29056.840000000007
878 29.26 -7 -1 992 29056.840000000004
879 29.27 -7 1 0 29066.760000000002
880 29.255 -9 1 0 29066.760000000002
881 29.24 3 -3 248 29066.760000000002
882 29.24 3 -3 496 29066.760000000002
883 29.245 -9 -3 744 29069.240000000005
884 29.22 9 -5 992 29050.64
885 29.24 5 -3 992 29070.48
886 29.235 9 -3 992 29065.52
887 29.255 -5 1 0 29085.36
888 29.245 7 3 0 29085.36
889 29.255 7 3 0 29085.36
890 29.265 -9 3 0 29085.36
891 29.255 9 3 0 29085.36
892 29.255 9 3 0 29085.36
893 29.265 9 1 0 29085.36
894 29.27 9 5 0 29085.36
895 29.29 -3 1 0 29085.36
896 29.29 -5 3 0 29085.36
897 29.29 -9 1 0 29085.36
898 29.29 -9 -1 248 29085.36
899 29.265 9 -1 496 29079.160000000003
900 29.265 9 -1 744 29079.16
901 29.26 9 -5 992 29075.440000000002
902 29.275 -5 -1 992 29090.32
903 29.27 3 -1 992 29085.36
904 29.27 5 -1 992 29085.36
905 29.275 5 3 0 29090.32
906 29.265 9 1 0 29090.32
907 29.285 -9 -1 248 29090.32
908 29.29 -9 3 0 29091.559999999998
909 29.27 -9 1 0 29091.559999999998
910 29.235 9 -1 248 29091.559999999998
911 29.255 7 -3 496 29096.519999999997
912 29.255 5 -1 744 29096.519999999997
913 29.265 -7 1 0 29103.96
914 29.255 9 3 0 29103.96
915 29.255 9 1 0 29103.96
916 29.265 -5 -1 248 29103.96
917 29.26 -9 1 0 29102.719999999998
918 29.26 -7 -1 248 29102.719999999998
919 29.25 -5 -1 496 29100.239999999998
920 29.24 -3 -3 744 29095.279999999995
921 29.245 -7 -3 992 29099.0
922 29.235 -9 -5 992 29089.079999999998
923 29.225 -9 -5 992 29079.16
924 29.215 -7 -5 992 29069.239999999998
925 29.195 -5 -5 992 29049.399999999998
926 29.185 -9 -5 992 29039.48
927 29.18 -9 -5 992 29034.52
928 29.155 -5 -5 992 29009.72
929 29.125 3 -5 992 28979.96
930 29.125 3 -5 992 28979.96
931 29.135 -9 -3 992 28989.88
932 29.115 -1 -5 992 28970.039999999997
933 29.115 -1 -5 992 28970.039999999997
934 29.095 9 -5 992 28950.199999999997
935 29.115 -9 -3 992 28970.039999999997
936 29.105 -9 -3 992 28960.12
937 29.095 -7 -1 992 28950.199999999997
938 29.065 7 -1 992 28920.44
939 29.08 1 -3 992 28935.319999999996
940 29.08 -1 -3 992 28935.319999999996
941 29.08 -1 -3 992 28935.319999999996
942 29.07 9 -3 992 28925.399999999998
943 29.085 9 -3 992 28940.28
944 29.085 9 1 0 28940.28
945 29.095 7 3 0 28940.28
946 29.105 1 5 0 28940.28
947 29.115 -5 5 0 28940.28
948 29.11 -5 3 0 28940.28
949 29.11 -5 3 0 28940.28
950 29.125 -9 5 0 28940.28
951 29.085 -9 0 0 28940.28
952 29.075 -9 0 0 28940.28
953 29.05 -9 0 0 28940.28
954 29.02 7 0 0 28940.28
955 29.025 1 0 0 28940.28
956 29.025 1 0 0 28940.28
957 29.015 7 0 0 28940.28
958 29.03 9 0 0 28940.28
959 29.02 9 0 0 28940.28
960 29.02 9 1 0 28940.28
570 199.67 -3 0 0 30000
571 199.64 -7 0 0 30000
572 199.61 -9 0 0 30000
573 199.38 -9 0 0 30000
574 198.7 1 0 0 30000
575 198.65 -1 0 0 30000
576 198.39 9 0 0 30000
577 198.38 9 0 0 30000
578 198.79 -5 0 0 30000
579 198.99 -9 0 0 30000
580 198.67 1 0 0 30000
581 198.46 9 0 0 30000
582 198.69 5 0 0 30000
583 198.62 9 0 0 30000
584 198.82 7 0 0 30000
585 198.92 -3 5 0 30000.0
586 199.06 -9 0 0 30000.0
587 199.01 -7 0 0 30000.0
588 198.74 9 1 0 30000.0
589 198.82 7 -1 37 30000.0
590 198.955 -9 0 0 30000.0
591 198.86 -9 0 0 30000.0
592 198.83 -9 0 0 30000.0
593 198.61 7 -1 37 30004.995
594 198.63 7 -3 74 30005.735
595 198.68 7 -1 111 30009.434999999998
596 198.75 5 1 74 30017.205
597 198.82 9 3 37 30022.385
598 198.92 9 5 0 30026.085
599 199.07 1 5 0 30026.085
600 199.3 -9 0 0 30026.085
601 199.13 -5 3 0 30026.085
602 199.09 7 1 0 30026.085
603 199.035 7 -1 37 30026.085
604 199.14 5 -3 74 30029.97
605 199.26 -1 1 37 30038.85
606 199.15 7 3 0 30034.78
607 199.32 7 3 0 30034.78
608 199.43 9 5 0 30034.78
609 199.39 9 3 0 30034.78
610 199.59 5 5 0 30034.78
611 199.69 -1 5 0 30034.78
612 199.7 -5 5 0 30034.78
613 199.7 -9 0 0 30034.78
614 199.69 -9 0 0 30034.78
615 199.56 1 -1 37 30034.78
616 199.52 9 -5 74 30033.299999999996
617 199.56 -1 -3 111 30036.259999999995
618 199.55 -3 -3 148 30035.149999999998
619 199.65 -9 0 0 30035.149999999998
620 199.58 -9 0 0 30035.149999999998
621 199.38 9 1 0 30049.949999999997
622 199.38 9 1 0 30049.949999999997
623 199.445 9 -3 37 30049.949999999997
624 199.58 9 -1 74 30054.945
625 199.68 -5 1 37 30062.344999999998
626 199.65 3 3 0 30061.234999999997
627 199.7 -9 0 0 30061.234999999997
628 199.71 -9 0 0 30061.234999999997
629 199.64 7 1 0 30061.234999999997
630 199.63 9 -1 37 30061.234999999993
631 199.7 9 -1 74 30063.824999999997
632 199.77 -3 1 37 30069.004999999997
633 199.8 -7 0 0 30069.004999999997
634 199.79 5 3 0 30070.114999999998
635 199.75 9 1 0 30070.114999999998
636 199.89 -5 -1 37 30070.114999999998
637 199.85 1 3 0 30068.635
638 199.91 -9 0 0 30068.635
639 199.87 -7 0 0 30068.635
640 199.83 1 1 0 30068.635
641 199.8 7 -3 37 30068.634999999995
642 199.86 7 -3 74 30070.854999999996
643 199.83 9 -1 111 30068.635
644 199.92 9 1 74 30078.624999999996
645 199.96 1 5 37 30081.584999999995
646 199.97 1 5 0 30081.954999999994
647 200.01 -9 0 0 30081.954999999994
648 199.99 5 3 0 30081.954999999994
649 199.98 9 1 0 30081.954999999994
650 199.99 9 1 0 30081.954999999994
651 200.14 -9 0 0 30081.954999999994
652 200.09 -9 0 0 30081.954999999994
653 199.99 3 1 0 30081.954999999994
654 199.95 7 -1 37 30081.954999999994
655 199.95 5 -5 74 30081.954999999994
656 200 -7 0 0 30081.954999999994
657 199.94 7 1 0 30085.65499999999
658 199.94 -1 -1 37 30085.65499999999
659 200 -9 0 0 30085.65499999999
660 199.89 1 3 0 30087.874999999993
661 199.92 -1 -3 37 30087.874999999993
662 199.755 9 -1 74 30081.76999999999
663 199.88 9 -3 111 30091.019999999993
664 200.05 9 -1 148 30109.889999999992
665 200.185 5 3 111 30129.86999999999
666 200.39 -7 0 0 30129.86999999999
667 200.25 7 3 0 30152.62499999999
668 200.31 7 3 0 30152.62499999999
669 200.475 -1 1 0 30152.62499999999
670 200.4 9 3 0 30152.62499999999
671 200.58 -7 0 0 30152.62499999999
672 200.67 -9 0 0 30152.62499999999
673 200.46 5 1 0 30152.62499999999
674 200.42 7 -1 37 30152.62499999999
675 200.48 -7 0 0 30152.62499999999
676 200.48 -9 0 0 30152.62499999999
677 200.37 3 -1 37 30154.844999999987
678 200.4 -9 0 0 30154.844999999987
679 200.35 -9 0 0 30154.844999999987
680 200.32 -9 0 0 30154.844999999987
681 200.25 5 -5 37 30155.954999999984
682 200.25 7 -5 74 30155.954999999984
683 200.26 7 -1 111 30156.694999999985
684 200.29 9 1 74 30160.024999999983
685 200.31 -1 3 37 30161.504999999986
686 200.35 -3 5 0 30162.984999999986
687 200.4 -9 0 0 30162.984999999986
688 200.27 -9 0 0 30162.984999999986
689 200.17 1 -1 37 30162.984999999986
690 200.075 9 -3 74 30159.469999999987
691 200.13 9 -3 111 30163.539999999986
692 200.2 -3 -1 148 30171.309999999983
693 200.25 -9 0 0 30171.309999999983
694 200.185 5 3 0 30178.709999999985
695 200.19 7 1 0 30178.709999999985
696 200.18 9 -3 37 30178.709999999985
697 200.285 -3 -1 74 30182.594999999987
698 200.28 -7 0 0 30182.594999999987
699 200.38 -9 0 0 30182.594999999987
700 200.14 7 1 0 30182.224999999984
701 200.17 1 -1 37 30182.224999999984
702 200.19 -5 -1 74 30182.964999999982
703 200.12 5 -3 111 30177.78499999998
704 200.18 -9 0 0 30177.78499999998
705 200.17 -9 0 0 30177.78499999998
706 200.02 1 1 0 30184.444999999985
707 200.03 -7 0 0 30184.444999999985
708 199.97 9 -5 37 30184.444999999985
709 199.96 5 -5 74 30184.074999999986
710 200 -7 0 0 30184.074999999986
711 199.97 -5 -1 37 30187.034999999985
712 199.93 9 1 0 30185.554999999986
713 199.97 -9 0 0 30185.554999999986
714 199.95 -9 0 0 30185.554999999986
715 199.91 -7 0 0 30185.554999999986
716 199.87 9 -1 37 30185.554999999986
717 199.88 5 -3 74 30185.92499999998
718 199.87 9 -3 111 30185.184999999983
719 199.92 -7 0 0 30185.184999999983
720 199.88 5 3 0 30190.734999999982
721 199.94 -7 0 0 30190.734999999982
722 199.87 7 3 0 30190.734999999982
723 199.91 9 -3 37 30190.73499999998
724 200.01 -7 0 0 30190.73499999998
725 199.97 9 3 0 30194.43499999998
726 200.05 -7 0 0 30194.43499999998
727 200 -7 0 0 30194.43499999998
728 200.02 -9 0 0 30194.43499999998
729 199.95 -9 0 0 30194.43499999998
730 199.9 5 -3 37 30194.43499999998
731 199.88 3 -5 74 30193.694999999978
732 199.9 -7 0 0 30193.694999999978
733 199.89 -9 0 0 30193.694999999978
734 199.79 5 1 0 30195.17499999998
735 199.85 -5 -3 37 30195.17499999998
736 199.81 7 -3 74 30193.694999999978
737 199.82 -5 -1 111 30194.43499999998
738 199.85 -9 0 0 30194.43499999998
739 199.78 -3 1 0 30197.764999999978
740 199.785 -9 0 0 30197.764999999978
741 199.75 -9 0 0 30197.764999999978
742 199.76 -9 0 0 30197.764999999978
743 199.66 9 -3 37 30197.764999999978
744 199.69 7 -3 74 30198.874999999978
745 199.71 -3 -1 111 30200.35499999998
746 199.74 -9 0 0 30200.35499999998
747 199.66 7 1 0 30203.68499999998
748 199.7 9 -1 37 30203.684999999983
749 199.76 9 -1 74 30205.904999999984
750 199.78 9 3 37 30207.384999999984
751 199.85 -1 3 0 30209.974999999984
752 199.91 -7 0 0 30209.974999999984
753 199.9 -7 0 0 30209.974999999984
754 199.82 9 1 0 30209.974999999984
755 199.89 -7 0 0 30209.974999999984
756 199.86 -5 -1 37 30209.974999999984
757 199.85 -7 0 0 30209.974999999984
758 199.855 -9 0 0 30209.974999999984
759 199.83 1 -3 37 30209.604999999985
760 199.8 9 -5 74 30208.494999999988
761 199.8 9 -5 111 30208.494999999988
762 199.88 -3 -1 148 30217.374999999985
763 199.92 -9 0 0 30217.374999999985
764 199.92 -7 0 0 30217.374999999985
765 199.885 7 1 0 30223.294999999984
766 199.91 5 1 0 30223.294999999984
767 199.95 9 -1 37 30223.294999999984
768 199.97 9 3 0 30224.03499999998
769 200.05 7 3 0 30224.03499999998
770 200.16 5 5 0 30224.03499999998
771 200.24 -1 5 0 30224.03499999998
772 200.2 9 3 0 30224.03499999998
773 200.28 9 3 0 30224.03499999998
774 200.35 1 5 0 30224.03499999998
775 200.37 7 5 0 30224.03499999998
776 200.42 -7 0 0 30224.03499999998
777 200.43 -5 5 0 30224.03499999998
778 200.385 7 1 0 30224.03499999998
779 200.42 -9 0 0 30224.03499999998
780 200.41 -7 0 0 30224.03499999998
781 200.34 7 1 0 30224.03499999998
782 200.39 9 -3 37 30224.03499999998
783 200.42 5 -1 74 30225.144999999982
784 200.41 5 1 37 30224.404999999977
785 200.47 9 3 0 30226.624999999978
786 200.45 7 3 0 30226.624999999978
787 200.53 7 5 0 30226.624999999978
788 200.6 3 5 0 30226.624999999978
789 200.51 9 3 0 30226.624999999978
790 200.66 -1 -1 37 30226.624999999978
791 200.7 -3 5 0 30228.10499999998
792 200.74 -9 0 0 30228.10499999998
793 200.72 1 3 0 30228.10499999998
794 200.68 9 1 0 30228.10499999998
795 200.74 1 -3 37 30228.10499999998
796 200.79 -5 1 0 30229.95499999998
797 200.85 -9 0 0 30229.95499999998
798 200.78 -9 0 0 30229.95499999998
799 200.61 5 -1 37 30229.95499999998
800 200.54 9 -3 74 30227.36499999998
801 200.66 -3 -3 111 30236.24499999998
802 200.645 -5 -1 148 30234.579999999984
803 200.64 -9 0 0 30234.579999999984
804 200.67 -9 0 0 30234.579999999984
805 200.53 3 1 0 30233.83999999998
806 200.51 -1 -5 37 30233.83999999998
807 200.5 3 -5 74 30233.46999999998
808 200.5 -5 -5 111 30233.46999999998
809 200.47 5 -5 148 30230.13999999998
810 200.515 1 -3 148 30236.799999999977
811 200.41 9 1 111 30221.259999999977
812 200.545 -3 -3 148 30236.24499999998
813 200.58 -9 0 0 30236.24499999998
814 200.57 -7 0 0 30236.24499999998
815 200.52 3 1 0 30241.42499999998
816 200.53 -9 0 0 30241.42499999998
817 200.54 -9 0 0 30241.42499999998
818 200.48 -3 -3 37 30241.42499999998
819 200.45 5 -5 74 30240.31499999998
820 200.475 -7 0 0 30240.31499999998
821 200.45 -5 -3 37 30242.164999999986
822 200.44 5 -5 74 30241.794999999984
823 200.47 -7 0 0 30241.794999999984
824 200.42 3 3 0 30244.014999999985
825 200.41 -3 -5 37 30244.014999999985
826 200.45 -9 0 0 30244.014999999985
827 200.4 -9 0 0 30244.014999999985
828 200.36 -5 -1 37 30245.494999999988
829 200.35 -5 -5 74 30245.124999999985
830 200.31 9 -5 111 30242.164999999986
831 200.34 -9 0 0 30242.164999999986
832 200.32 -9 0 0 30242.164999999986
833 200.3 1 -3 37 30245.494999999988
834 200.28 7 -5 74 30244.75499999999
835 200.25 9 -3 111 30242.53499999999
836 200.32 3 -1 148 30250.30499999999
837 200.33 5 1 111 30251.78499999999
838 200.33 9 3 74 30251.78499999999
839 200.36 9 5 37 30254.00499999999
840 200.42 7 5 0 30256.22499999999
841 200.44 9 5 0 30256.22499999999
842 200.48 -1 5 0 30256.22499999999
843 200.47 1 3 0 30256.22499999999
844 200.55 -9 0 0 30256.22499999999
845 200.48 -9 0 0 30256.22499999999
846 200.43 -7 0 0 30256.22499999999
847 200.36 -7 0 0 30256.22499999999
848 200.34 -5 -5 37 30256.22499999999
849 200.33 -7 0 0 30256.22499999999
850 200.27 9 -5 37 30255.85499999999
851 200.29 -3 -3 74 30256.594999999987
852 200.31 -9 0 0 30256.594999999987
853 200.28 -9 0 0 30256.594999999987
854 200.24 -7 0 0 30256.594999999987
855 200.18 5 -3 37 30258.07499999999
856 200.17 -5 -5 74 30257.704999999987
857 200.2 -9 0 0 30257.704999999987
858 200.13 -9 0 0 30257.704999999987
859 200.11 -7 0 0 30257.704999999987
860 200.07 1 -5 37 30259.92499999999
861 200.06 3 -5 74 30259.554999999986
862 200.075 1 -3 111 30260.664999999986
863 200.03 9 -3 148 30255.669999999987
864 200.08 -1 -3 148 30263.06999999999
865 200.14 -9 0 0 30263.06999999999
866 200.06 -5 3 0 30271.949999999986
867 200.04 1 -1 37 30271.949999999986
868 200.01 9 -3 74 30270.83999999999
869 200.04 7 -3 111 30273.059999999987
870 200.05 -1 -1 148 30274.16999999999
871 200.06 -9 0 0 30274.16999999999
872 200.05 -3 3 0 30275.649999999987
873 200.04 -7 0 0 30275.649999999987
874 200.02 -9 0 0 30275.649999999987
875 200.01 -9 0 0 30275.649999999987
876 199.91 9 -1 37 30275.649999999987
877 199.91 9 -3 74 30275.649999999987
878 199.96 -7 0 0 30275.649999999987
879 199.95 -9 0 0 30275.649999999987
880 199.93 -9 0 0 30275.649999999987
881 199.9 1 -1 37 30279.34999999999
882 199.87 9 -3 74 30278.23999999999
883 199.89 9 -3 111 30279.71999999999
884 199.92 9 -1 148 30283.049999999992
885 199.94 1 3 111 30286.00999999999
886 199.95 3 5 74 30287.11999999999
887 199.95 9 3 37 30287.119999999995
888 199.955 7 5 0 30287.304999999993
889 199.96 5 5 0 30287.304999999993
890 200 -1 1 0 30287.304999999993
891 199.98 7 3 0 30287.304999999993
892 200.02 -3 5 0 30287.304999999993
893 200.055 -5 5 0 30287.304999999993
894 199.99 3 3 0 30287.304999999993
895 200.05 -9 0 0 30287.304999999993
896 200.005 -9 0 0 30287.304999999993
897 199.95 -9 0 0 30287.304999999993
898 199.9 9 -5 37 30287.304999999993
899 199.9 9 -5 74 30287.304999999993
900 199.9 9 -5 111 30287.304999999997
901 199.91 -1 -1 148 30288.414999999994
902 199.92 -9 0 0 30288.414999999994
903 199.92 -9 0 0 30288.414999999994
904 199.88 7 1 0 30289.894999999993
905 199.855 9 -3 37 30289.894999999993
906 199.905 -3 -1 74 30291.744999999995
907 199.92 -7 0 0 30291.744999999995
908 199.93 3 3 0 30292.854999999996
909 199.89 9 1 0 30292.854999999996
910 199.89 9 -3 37 30292.854999999996
911 200.01 -1 -1 74 30297.295
912 200.03 -9 0 0 30297.295
913 200.03 -9 0 0 30297.295
914 199.99 -9 0 0 30297.295
915 199.945 7 -1 37 30298.774999999994
916 199.96 -5 -3 74 30299.329999999994
917 199.93 5 -5 111 30297.109999999993
918 199.99 -9 0 0 30297.109999999993
919 199.945 7 3 0 30303.769999999993
920 199.92 9 1 0 30303.769999999993
921 199.98 9 -1 37 30303.769999999993
922 200.035 -9 0 0 30303.769999999993
923 200.03 -9 0 0 30303.769999999993
924 200 -7 0 0 30303.769999999993
925 199.95 -9 0 0 30303.769999999993
926 199.93 -7 0 0 30303.769999999993
927 199.91 -9 0 0 30303.769999999993
928 199.86 9 -5 37 30305.804999999993
929 199.88 -7 0 0 30305.804999999993
930 199.85 -9 0 0 30305.804999999993
931 199.85 -9 0 0 30305.804999999993
932 199.855 -7 0 0 30305.804999999993
933 199.77 -5 -1 37 30306.54499999999
934 199.77 -5 -1 74 30306.54499999999
935 199.74 -1 -5 111 30304.324999999986
936 199.76 -7 0 0 30304.324999999986
937 199.705 3 -5 37 30306.544999999987
938 199.66 5 -5 74 30304.87999999999
939 199.76 -9 0 0 30304.87999999999
940 199.695 7 -1 37 30312.279999999988
941 199.695 7 -1 74 30312.279999999988
942 199.7 9 1 37 30312.649999999987
943 199.7 9 1 0 30312.649999999987
944 199.77 9 -1 37 30312.649999999987
945 199.78 5 3 0 30313.019999999986
946 199.875 -7 0 0 30313.019999999986
947 199.82 9 3 0 30313.019999999986
948 199.785 9 1 0 30313.019999999986
949 199.785 9 1 0 30313.019999999986
950 199.905 -9 0 0 30313.019999999986
951 199.92 -7 0 0 30313.019999999986
952 199.805 -7 0 0 30313.019999999986
953 199.71 -1 0 0 30313.019999999986
954 199.76 -9 0 0 30313.019999999986
955 199.63 -3 0 0 30313.019999999986
956 199.63 -3 0 0 30313.019999999986
957 199.61 -3 0 0 30313.019999999986
958 199.56 -9 0 0 30313.019999999986
959 199.57 -9 0 0 30313.019999999986
960 199.57 -9 0 0 30313.019999999986
570 198.7 9 0 0 30000
571 198.65 9 0 0 30000
572 198.39 9 0 0 30000
573 198.38 9 0 0 30000
574 198.79 -1 0 0 30000
575 198.99 -9 0 0 30000
576 198.67 1 0 0 30000
577 198.46 9 0 0 30000
578 198.69 -5 0 0 30000
579 198.62 5 0 0 30000
580 198.82 -9 0 0 30000
581 198.92 -9 0 0 30000
582 199.06 -9 0 0 30000
583 199.01 -7 0 0 30000
584 198.74 9 0 0 30000
585 198.82 7 5 0 30000.0
586 198.955 -7 0 0 30000.0
587 198.86 5 5 0 30000.0
588 198.83 7 -1 37 30000.0
589 198.61 9 5 0 29991.86
590 198.63 7 5 0 29991.86
591 198.68 5 5 0 29991.86
592 198.75 -5 5 0 29991.86
593 198.82 -9 0 0 29991.86
594 198.92 -9 0 0 29991.86
595 199.07 -9 0 0 29991.86
596 199.3 -9 0 0 29991.86
597 199.13 -7 0 0 29991.86
598 199.09 -3 -5 37 29991.86
599 199.035 5 5 0 29989.824999999997
600 199.14 -7 0 0 29989.824999999997
601 199.26 -9 0 0 29989.824999999997
602 199.15 -3 -1 37 29989.824999999997
603 199.32 -9 0 0 29989.824999999997
604 199.43 -9 0 0 29989.824999999997
605 199.39 -7 0 0 29989.824999999997
606 199.59 -9 0 0 29989.824999999997
607 199.69 -9 0 0 29989.824999999997
608 199.7 -9 0 0 29989.824999999997
609 199.7 -7 0 0 29989.824999999997
610 199.69 -3 -3 37 29996.114999999998
611 199.56 9 5 0 29991.305
612 199.52 9 5 0 29991.305
613 199.56 5 5 0 29991.305
614 199.55 5 5 0 29991.305
615 199.65 -9 0 0 29991.305
616 199.58 1 -5 37 29991.305
617 199.38 9 5 0 29983.905
618 199.445 7 5 0 29983.905
619 199.58 -9 0 0 29983.905
620 199.68 -9 0 0 29983.905
621 199.65 -7 0 0 29983.905
622 199.65 -7 0 0 29983.905
623 199.7 -9 0 0 29983.905
624 199.71 -9 0 0 29983.905
625 199.64 1 3 0 29983.905
626 199.63 9 3 0 29983.905
627 199.7 -9 0 0 29983.905
628 199.77 -9 0 0 29983.905
629 199.8 -9 0 0 29983.905
630 199.79 -7 0 0 29983.905
631 199.75 -3 -3 37 29983.905
632 199.89 -9 0 0 29983.905
633 199.85 -7 0 0 29983.905
634 199.91 -9 0 0 29983.905
635 199.87 -5 -5 37 29989.085
636 199.83 9 5 0 29987.604999999996
637 199.8 9 5 0 29987.604999999996
638 199.86 -7 0 0 29987.604999999996
639 199.83 5 3 0 29987.604999999996
640 199.92 -9 0 0 29987.604999999996
641 199.96 -9 0 0 29987.604999999996
642 199.97 -9 0 0 29987.604999999996
643 200.01 -9 0 0 29987.604999999996
644 199.99 -7 0 0 29987.604999999996
645 199.98 -3 3 0 29987.604999999996
646 199.99 -7 0 0 29987.604999999996
647 200.14 -9 0 0 29987.604999999996
648 200.09 -7 0 0 29987.604999999996
649 199.99 9 -1 37 29987.604999999996
650 199.95 9 5 0 29986.124999999993
651 199.95 9 5 0 29986.124999999993
652 200 3 5 0 29986.124999999993
653 199.94 9 1 0 29986.124999999993
654 199.94 9 -1 37 29986.124999999993
655 200 -9 0 0 29986.124999999993
656 199.89 9 5 0 29988.344999999994
657 199.92 7 1 0 29988.344999999994
658 199.755 9 5 0 29988.344999999994
659 199.88 7 5 0 29988.344999999994
660 200.05 -9 0 0 29988.344999999994
661 200.185 -9 0 0 29988.344999999994
662 200.39 -9 0 0 29988.344999999994
663 200.25 -7 0 0 29988.344999999994
664 200.31 -7 0 0 29988.344999999994
665 200.475 -9 0 0 29988.344999999994
666 200.4 -7 0 0 29988.344999999994
667 200.58 -9 0 0 29988.344999999994
668 200.67 -9 0 0 29988.344999999994
669 200.46 3 3 0 29988.344999999994
670 200.42 9 3 0 29988.344999999994
671 200.48 1 5 0 29988.344999999994
672 200.48 5 5 0 29988.344999999994
673 200.37 9 3 0 29988.344999999994
674 200.4 7 -1 37 29988.344999999994
675 200.35 9 5 0 29986.494999999995
676 200.32 9 5 0 29986.494999999995
677 200.25 9 5 0 29986.494999999995
678 200.25 9 5 0 29986.494999999995
679 200.26 5 5 0 29986.494999999995
680 200.29 1 -3 37 29986.494999999995
681 200.31 -9 0 0 29986.494999999995
682 200.35 -9 0 0 29986.494999999995
683 200.4 -9 0 0 29986.494999999995
684 200.27 9 1 0 29987.234999999997
685 200.17 9 5 0 29987.234999999997
686 200.075 9 5 0 29987.234999999997
687 200.13 7 5 0 29987.234999999997
688 200.2 1 3 0 29987.234999999997
689 200.25 -9 0 0 29987.234999999997
690 200.185 1 -5 37 29987.234999999997
691 200.19 -1 -5 74 29987.42
692 200.18 5 -1 111 29986.679999999997
693 200.285 -9 0 0 29986.679999999997
694 200.28 -7 0 0 29986.679999999997
695 200.38 -9 0 0 29986.679999999997
696 200.14 9 5 0 29998.334999999995
697 200.17 7 5 0 29998.334999999995
698 200.19 5 5 0 29998.334999999995
699 200.12 9 5 0 29998.334999999995
700 200.18 1 1 0 29998.334999999995
701 200.17 1 -1 37 29998.334999999995
702 200.02 9 5 0 29992.784999999996
703 200.03 7 5 0 29992.784999999996
704 199.97 9 5 0 29992.784999999996
705 199.96 9 5 0 29992.784999999996
706 200 5 1 0 29992.784999999996
707 199.97 5 1 0 29992.784999999996
708 199.93 9 -1 37 29992.784999999996
709 199.97 3 -5 74 29994.265
710 199.95 7 3 37 29992.784999999996
711 199.91 9 5 0 29991.304999999993
712 199.87 9 5 0 29991.304999999993
713 199.88 7 5 0 29991.304999999993
714 199.87 9 5 0 29991.304999999993
715 199.92 -9 0 0 29991.304999999993
716 199.88 7 -5 37 29991.304999999993
717 199.94 -9 0 0 29991.304999999993
718 199.87 9 -3 37 29993.524999999994
719 199.91 -7 0 0 29993.524999999994
720 200.01 -9 0 0 29993.524999999994
721 199.97 -7 0 0 29993.524999999994
722 200.05 -9 0 0 29993.524999999994
723 200 -7 0 0 29993.524999999994
724 200.02 -7 0 0 29993.524999999994
725 199.95 9 3 0 29995.00499999999
726 199.9 9 5 0 29995.00499999999
727 199.88 9 5 0 29995.00499999999
728 199.9 5 5 0 29995.00499999999
729 199.89 7 3 0 29995.00499999999
730 199.79 9 5 0 29995.00499999999
731 199.85 7 -3 37 29995.00499999999
732 199.81 7 5 0 29993.52499999999
733 199.82 5 5 0 29993.52499999999
734 199.85 -9 0 0 29993.52499999999
735 199.78 9 5 0 29993.52499999999
736 199.785 7 1 0 29993.52499999999
737 199.75 9 5 0 29993.52499999999
738 199.76 7 5 0 29993.52499999999
739 199.66 9 5 0 29993.52499999999
740 199.69 7 5 0 29993.52499999999
741 199.71 5 5 0 29993.52499999999
742 199.74 -9 0 0 29993.52499999999
743 199.66 9 -3 37 29993.524999999987
744 199.7 5 -3 74 29995.00499999999
745 199.76 -9 0 0 29995.00499999999
746 199.78 -9 0 0 29995.00499999999
747 199.85 -9 0 0 29995.00499999999
748 199.91 -9 0 0 29995.00499999999
749 199.9 -7 0 0 29995.00499999999
750 199.82 1 -1 37 29999.44499999999
751 199.89 -7 0 0 29999.44499999999
752 199.86 -1 5 0 30002.03499999999
753 199.85 7 5 0 30002.03499999999
754 199.855 5 -1 37 30002.03499999999
755 199.83 9 5 0 30001.10999999999
756 199.8 9 5 0 30001.10999999999
757 199.8 9 5 0 30001.10999999999
758 199.88 -9 0 0 30001.10999999999
759 199.92 -9 0 0 30001.10999999999
760 199.92 -7 0 0 30001.10999999999
761 199.885 -3 -5 37 30001.10999999999
762 199.91 -5 -3 74 30002.03499999999
763 199.95 -9 0 0 30002.03499999999
764 199.97 -9 0 0 30002.03499999999
765 200.05 -9 0 0 30002.03499999999
766 200.16 -9 0 0 30002.03499999999
767 200.24 -9 0 0 30002.03499999999
768 200.2 -7 0 0 30002.03499999999
769 200.28 -9 0 0 30002.03499999999
770 200.35 -9 0 0 30002.03499999999
771 200.37 -9 0 0 30002.03499999999
772 200.42 -9 0 0 30002.03499999999
773 200.43 -9 0 0 30002.03499999999
774 200.385 -3 1 0 30004.994999999988
775 200.42 -5 -1 37 30004.994999999988
776 200.41 -3 5 0 30004.624999999985
777 200.34 9 5 0 30004.624999999985
778 200.39 5 1 0 30004.624999999985
779 200.42 -9 0 0 30004.624999999985
780 200.41 -7 0 0 30004.624999999985
781 200.47 -9 0 0 30004.624999999985
782 200.45 -7 0 0 30004.624999999985
783 200.53 -9 0 0 30004.624999999985
784 200.6 -9 0 0 30004.624999999985
785 200.51 -5 -3 37 30004.624999999985
786 200.66 -9 0 0 30004.624999999985
787 200.7 -9 0 0 30004.624999999985
788 200.74 -9 0 0 30004.624999999985
789 200.72 -7 0 0 30004.624999999985
790 200.68 -1 -3 37 30010.17499999999
791 200.74 -9 0 0 30010.17499999999
792 200.79 -9 0 0 30010.17499999999
793 200.85 -9 0 0 30010.17499999999
794 200.78 -5 -5 37 30012.39499999999
795 200.61 9 5 0 30006.10499999999
796 200.54 9 5 0 30006.10499999999
797 200.66 5 5 0 30006.10499999999
798 200.645 5 5 0 30006.10499999999
799 200.64 5 -1 37 30006.10499999999
800 200.67 -9 0 0 30006.10499999999
801 200.53 9 1 0 30007.21499999999
802 200.51 9 5 0 30007.21499999999
803 200.5 9 5 0 30007.21499999999
804 200.5 9 5 0 30007.21499999999
805 200.47 9 3 0 30007.21499999999
806 200.515 -1 -5 37 30007.21499999999
807 200.41 9 5 0 30003.329999999987
808 200.545 -9 0 0 30003.329999999987
809 200.58 -9 0 0 30003.329999999987
810 200.57 -7 0 0 30003.329999999987
811 200.52 1 -5 37 30003.329999999987
812 200.53 -3 -3 74 30003.699999999983
813 200.54 -3 5 37 30004.439999999984
814 200.48 9 5 0 30002.219999999983
815 200.45 9 5 0 30002.219999999983
816 200.475 5 5 0 30002.219999999983
817 200.45 9 5 0 30002.219999999983
818 200.44 9 3 0 30002.219999999983
819 200.47 -1 -5 37 30002.219999999983
820 200.42 9 5 0 30000.369999999984
821 200.41 9 5 0 30000.369999999984
822 200.45 -9 0 0 30000.369999999984
823 200.4 9 5 0 30000.369999999984
824 200.36 9 5 0 30000.369999999984
825 200.35 9 5 0 30000.369999999984
826 200.31 9 5 0 30000.369999999984
827 200.34 7 5 0 30000.369999999984
828 200.32 7 1 0 30000.369999999984
829 200.3 9 5 0 30000.369999999984
830 200.28 9 1 0 30000.369999999984
831 200.25 9 5 0 30000.369999999984
832 200.32 -9 0 0 30000.369999999984
833 200.33 -9 0 0 30000.369999999984
834 200.33 -7 0 0 30000.369999999984
835 200.36 -9 0 0 30000.369999999984
836 200.42 -9 0 0 30000.369999999984
837 200.44 -9 0 0 30000.369999999984
838 200.48 -9 0 0 30000.369999999984
839 200.47 -7 0 0 30000.369999999984
840 200.55 -9 0 0 30000.369999999984
841 200.48 -3 -1 37 30000.369999999984
842 200.43 9 5 0 29998.519999999986
843 200.36 9 5 0 29998.519999999986
844 200.34 9 5 0 29998.519999999986
845 200.33 9 5 0 29998.519999999986
846 200.27 9 5 0 29998.519999999986
847 200.29 7 5 0 29998.519999999986
848 200.31 3 -1 37 29998.519999999986
849 200.28 9 1 0 29997.409999999985
850 200.24 9 1 0 29997.409999999985
851 200.18 9 5 0 29997.409999999985
852 200.17 9 5 0 29997.409999999985
853 200.2 5 5 0 29997.409999999985
854 200.13 9 5 0 29997.409999999985
855 200.11 9 5 0 29997.409999999985
856 200.07 9 5 0 29997.409999999985
857 200.06 9 5 0 29997.409999999985
858 200.075 5 3 0 29997.409999999985
859 200.03 9 5 0 29997.409999999985
860 200.08 -3 -5 37 29997.409999999985
861 200.14 -9 0 0 29997.409999999985
862 200.06 7 -1 37 29999.629999999986
863 200.04 9 -5 74 29998.889999999985
864 200.01 9 5 37 29996.669999999984
865 200.04 5 5 0 29997.779999999984
866 200.05 1 3 0 29997.779999999984
867 200.06 -9 0 0 29997.779999999984
868 200.05 1 -5 37 29997.779999999984
869 200.04 7 -3 74 29997.409999999985
870 200.02 9 3 37 29995.92999999999
871 200.01 9 5 0 29995.559999999987
872 199.91 9 5 0 29995.559999999987
873 199.91 9 5 0 29995.559999999987
874 199.96 5 5 0 29995.559999999987
875 199.95 5 5 0 29995.559999999987
876 199.93 7 -5 37 29995.559999999987
877 199.9 9 -3 74 29994.44999999999
878 199.87 9 5 37 29992.22999999999
879 199.89 7 5 0 29992.969999999987
880 199.92 -9 0 0 29992.969999999987
881 199.94 -9 0 0 29992.969999999987
882 199.95 -9 0 0 29992.969999999987
883 199.95 -7 0 0 29992.969999999987
884 199.955 -9 0 0 29992.969999999987
885 199.96 -9 0 0 29992.969999999987
886 200 -9 0 0 29992.969999999987
887 199.98 -7 0 0 29992.969999999987
888 200.02 -9 0 0 29992.969999999987
889 200.055 -9 0 0 29992.969999999987
890 199.99 9 5 0 29992.969999999987
891 200.05 -9 0 0 29992.969999999987
892 200.005 7 5 0 29992.969999999987
893 199.95 9 5 0 29992.969999999987
894 199.9 9 5 0 29992.969999999987
895 199.9 9 5 0 29992.969999999987
896 199.91 5 5 0 29992.969999999987
897 199.92 3 1 0 29992.969999999987
898 199.92 1 -5 37 29992.969999999987
899 199.88 9 -3 74 29991.489999999983
900 199.88 9 -3 111 29991.489999999987
901 199.855 9 3 74 29988.714999999982
902 199.905 -7 0 0 29988.714999999982
903 199.92 -9 0 0 29988.714999999982
904 199.93 -9 0 0 29988.714999999982
905 199.89 9 -5 37 29992.414999999986
906 199.89 9 -1 74 29992.414999999986
907 200.01 -9 0 0 29992.414999999986
908 200.03 -9 0 0 29992.414999999986
909 200.03 -7 0 0 29992.414999999986
910 199.99 -3 -5 37 30001.294999999984
911 199.945 9 5 0 29999.629999999983
912 199.96 7 5 0 29999.629999999983
913 199.93 9 5 0 29999.629999999983
914 199.99 -9 0 0 29999.629999999983
915 199.945 7 -1 37 29999.629999999983
916 199.92 9 3 0 29998.704999999984
917 199.98 -9 0 0 29998.704999999984
918 200.035 -9 0 0 29998.704999999984
919 200.03 -7 0 0 29998.704999999984
920 200 -3 -5 37 29998.704999999984
921 199.95 9 3 0 29996.85499999998
922 199.93 9 5 0 29996.85499999998
923 199.91 9 5 0 29996.85499999998
924 199.86 9 5 0 29996.85499999998
925 199.88 7 5 0 29996.85499999998
926 199.85 9 5 0 29996.85499999998
927 199.855 7 5 0 29996.85499999998
928 199.77 9 5 0 29996.85499999998
929 199.74 9 5 0 29996.85499999998
930 199.76 7 5 0 29996.85499999998
931 199.76 7 5 0 29996.85499999998
932 199.705 9 5 0 29996.85499999998
933 199.66 9 5 0 29996.85499999998
934 199.66 9 5 0 29996.85499999998
935 199.76 -9 0 0 29996.85499999998
936 199.695 5 5 0 29996.85499999998
937 199.7 5 -5 37 29996.85499999998
938 199.77 -9 0 0 29996.85499999998
939 199.78 -9 0 0 29996.85499999998
940 199.875 -9 0 0 29996.85499999998
941 199.875 -9 0 0 29996.85499999998
942 199.82 -7 0 0 29996.85499999998
943 199.82 -7 0 0 29996.85499999998
944 199.785 -1 -1 37 29999.444999999978
945 199.905 -9 0 0 29999.444999999978
946 199.92 -9 0 0 29999.444999999978
947 199.805 9 3 0 30003.88499999998
948 199.71 9 5 0 30003.88499999998
949 199.71 9 5 0 30003.88499999998
950 199.76 7 5 0 30003.88499999998
951 199.63 9 0 0 30003.88499999998
952 199.61 9 0 0 30003.88499999998
953 199.56 9 0 0 30003.88499999998
954 199.57 7 0 0 30003.88499999998
955 199.22 9 0 0 30003.88499999998
956 199.22 9 0 0 30003.88499999998
957 199.01 9 0 0 30003.88499999998
958 198.83 9 0 0 30003.88499999998
959 198.8 9 0 0 30003.88499999998
960 198.8 9 5 0 30003.88499999998
