time-hour stock-price avg-price-5-min regression coef number-of-stocks portfolio-value 570 215.22 214.94700000000003 0.01049999999999811 0 30000.0
571 215.27 215.01500000000001 0.022400000000002668 0 30000.0
572 215.62 215.16400000000002 0.03819999999999861 0 30000.0
573 215.055 215.197 0.017399999999999402 25 30000.0
574 214.77 215.187 -0.022299999999999164 25 29992.875
575 215.24 215.191 -0.01820000000000255 0 30004.625
576 215.76 215.289 0.0092999999999994 0 30004.625
577 215.6 215.28500000000003 0.04160000000000147 0 30004.625
578 216.17 215.508 0.0631999999999974 0 30004.625
579 215.95 215.744 0.036599999999997156 0 30004.625
580 216.63 216.022 0.04179999999999807 0 30004.625
581 216.7 216.21 0.053199999999998276 0 30004.625
582 217.3 216.55 0.060200000000003896 0 30004.625
583 217.61 216.83800000000002 0.07979999999999737 0 30004.625
584 218.15 217.27800000000002 0.07900000000000204 0 30004.625
585 218.05 217.562 0.07100000000000155 0 30004.625
586 218.3 217.88200000000003 0.048800000000000045 0 30004.625
587 219.07 218.23600000000002 0.06139999999999752 0 30004.625
588 219.11 218.536 0.058799999999998694 0 30004.625
589 218.63 218.632 0.039399999999996646 25 30004.625
590 218.635 218.749 0.00460000000000192 50 30004.75
591 219.07 218.903 -0.009500000000002128 0 30026.5
592 219.15 218.919 0.010400000000000454 0 30026.5
593 219.44 218.985 0.042700000000001216 0 30026.5
594 219.78 219.21500000000003 0.05320000000000368 0 30026.5
595 220.33 219.554 0.06300000000000047 0 30026.5
596 220.12 219.76400000000004 0.0565999999999969 0 30026.5
597 220.09 219.95200000000003 0.03279999999999695 0 30026.5
598 219.74 220.012 -0.006399999999996682 0 30026.5
599 219.55 219.966 -0.038799999999998065 0 30026.5
600 219.03 219.70600000000002 -0.0544000000000009 0 30026.5
601 219 219.48200000000003 -0.05780000000000037 0 30026.5
602 219.65 219.39400000000003 -0.01459999999999891 0 30026.5
603 219.12 219.27000000000004 -0.004799999999999891 0 30026.5
604 219.45 219.25 0.019199999999996758 0 30026.5
605 220 219.44400000000002 0.035999999999997735 0 30026.5
606 220.49 219.74200000000002 0.05120000000000172 0 30026.5
607 220.73 219.95800000000003 0.08519999999999699 0 30026.5
608 220.76 220.286 0.06700000000000042 0 30026.5
609 220.87 220.57000000000002 0.04019999999999862 0 30026.5
610 220.78 220.72600000000003 0.01440000000000015 0 30026.5
611 220.76 220.78000000000003 0.001600000000003004 25 30026.5
612 220.69 220.77200000000002 -0.0049999999999962895 25 30024.75
613 220.85 220.79000000000002 -0.0026000000000029246 0 30028.75
614 221.16 220.84800000000004 0.01700000000000157 0 30028.75
615 221.63 221.018 0.044200000000002314 0 30028.75
616 221.04 221.074 0.029599999999999165 25 30028.75
617 220.71 221.078 -0.008000000000000037 25 30020.5
618 220.06 220.92 -0.062400000000001024 25 30004.25
619 220.46 220.78 -0.06639999999999786 25 30014.25
620 220.15 220.484 -0.040599999999996965 25 30006.5
621 220.49 220.37400000000002 -0.006999999999997652 0 30015.0
622 220.3 220.29200000000003 0.01020000000000409 0 30015.0
623 220.61 220.40200000000004 0.009000000000002022 0 30015.0
624 220.7 220.45000000000005 0.024399999999998673 0 30015.0
625 220.53 220.526 0.009599999999996696 0 30015.0
626 220.57 220.542 0.009199999999998803 0 30015.0
627 220.34 220.55 -0.013400000000000653 0 30015.0
628 220.68 220.56400000000002 -0.0046000000000005 0 30015.0
629 220.515 220.52700000000002 0.001600000000003326 25 30015.0
630 220.4 220.50100000000003 -0.0033000000000032673 25 30012.125
631 220.16 220.41900000000004 -0.012800000000000077 25 30006.125
632 220.87 220.52500000000003 0.0004999999999999751 0 30023.875
633 221.21 220.63100000000003 0.03719999999999989 0 30023.875
634 221.165 220.76100000000002 0.051600000000003365 0 30023.875
635 221.47 220.97500000000005 0.05830000000000233 0 30023.875
636 221.5 221.24300000000002 0.030399999999999268 0 30023.875
637 221.74 221.41700000000003 0.02789999999999893 0 30023.875
638 221.93 221.56100000000004 0.03600000000000117 0 30023.875
639 222.18 221.764 0.037000000000000484 0 30023.875
640 222.59 221.98800000000003 0.05239999999999637 0 30023.875
641 222.84 222.25600000000003 0.05719999999999964 0 30023.875
642 222.83 222.47400000000002 0.049200000000000375 0 30023.875
643 222.96 222.68000000000004 0.03600000000000219 0 30023.875
644 223.61 222.96600000000004 0.04320000000000378 0 30023.875
645 223.39 223.12600000000003 0.037599999999995824 0 30023.875
646 223.98 223.354 0.054599999999999295 0 30023.875
647 223.6 223.508 0.03299999999999653 0 30023.875
648 224.37 223.79 0.03459999999999948 0 30023.875
649 224.22 223.91199999999998 0.04100000000000232 0 30023.875
650 224.79 224.19199999999998 0.04479999999999766 0 30023.875
651 225.13 224.422 0.06959999999999768 0 30023.875
652 224.47 224.596 0.022200000000000154 25 30023.875
653 224.75 224.67200000000003 0.014799999999997954 0 30030.875
654 224 224.62800000000004 -0.03920000000000311 0 30030.875
655 223.61 224.39200000000002 -0.07020000000000007 0 30030.875
656 224.18 224.20200000000003 -0.034400000000000826 0 30030.875
657 224.26 224.16000000000003 -0.01599999999999921 0 30030.875
658 223.93 223.99600000000004 0.01019999999999531 25 30030.875
659 224.24 224.04400000000004 0.0202000000000018 0 30038.625
660 224.77 224.27600000000004 0.023200000000000994 0 30038.625
661 224.95 224.43000000000004 0.04440000000000218 0 30038.625
662 224.83 224.54400000000004 0.05020000000000321 0 30038.625
663 224.67 224.69200000000004 0.018399999999993838 25 30038.625
664 224.82 224.80800000000002 -0.0036000000000034386 0 30042.375
665 224.53 224.76000000000002 -0.01700000000000388 0 30042.375
666 223.925 224.555 -0.03900000000000074 0 30042.375
667 224.28 224.445 -0.033500000000000044 0 30042.375
668 224.33 224.377 -0.02460000000000109 0 30042.375
669 224.53 224.31900000000002 0.008099999999995998 0 30042.375
670 224.82 224.377 0.04079999999999992 0 30042.375
671 224.88 224.568 0.033800000000001405 0 30042.375
672 224.92 224.69600000000003 0.0305999999999945 0 30042.375
673 224.95 224.82000000000002 0.018799999999998877 0 30042.375
674 225.57 225.02800000000002 0.03140000000000126 0 30042.375
675 225 225.06400000000002 0.01779999999999718 25 30042.375
676 224.72 225.03200000000004 -0.007000000000001608 25 30035.375
677 224.99 225.046 -0.015399999999999896 25 30042.125
678 225.39 225.134 -0.007399999999998567 0 30052.125
679 225.49 225.11800000000002 0.033000000000001715 0 30052.125
680 225.39 225.19600000000003 0.036800000000001915 0 30052.125
681 225.22 225.29600000000002 0.009200000000001844 25 30052.125
682 225.22 225.29600000000002 0.009200000000001844 50 30052.125
683 225.09 225.31600000000003 -0.017400000000001935 50 30045.625
684 225.35 225.30800000000002 -0.011600000000000554 0 30058.625
685 225.27 225.264 -0.0021999999999985633 0 30058.625
686 225.72 225.33 0.023599999999996964 0 30058.625
687 225.91 225.46800000000002 0.040200000000000014 0 30058.625
688 226.11 225.672 0.043200000000003125 0 30058.625
689 226.25 225.852 0.04699999999999962 0 30058.625
690 225.93 225.984 0.015199999999998881 25 30058.625
691 225.61 225.96200000000002 -0.015600000000001233 25 30050.625
692 225.3 225.84000000000003 -0.045200000000001114 25 30042.875
693 226.29 225.87600000000003 -0.010999999999999626 0 30067.625
694 226.24 225.87400000000002 0.025999999999997515 0 30067.625
695 225.99 225.88600000000005 0.03399999999999799 0 30067.625
696 225.53 225.87000000000003 0.0032000000000000344 25 30067.625
697 225.91 225.99200000000002 -0.029400000000002934 25 30077.125
698 225.81 225.89600000000004 -0.01880000000000664 25 30074.625
699 225.35 225.718 -0.020000000000002315 25 30063.125
700 225.65 225.65 -0.006399999999999901 0 30070.625
701 225.5 225.644 -0.019600000000000818 0 30070.625
702 225.58 225.578 -0.0062000000000003355 0 30070.625
703 225.47 225.51000000000002 0.003400000000001998 25 30070.625
704 225.2 225.48 -0.018600000000000345 25 30063.875
705 224.56 225.262 -0.045199999999998144 25 30047.875
706 224.58 225.078 -0.05819999999999931 25 30048.375
707 224.51 224.86399999999998 -0.0507999999999973 25 30046.625
708 224.775 224.725 -0.01800000000000054 0 30053.25
709 224.76 224.63700000000003 0.011900000000000355 0 30053.25
710 224.28 224.58100000000002 -0.007000000000000358 0 30053.25
711 223.66 224.397 -0.04390000000000138 0 30053.25
712 223.39 224.173 -0.07740000000000086 0 30053.25
713 223.29 223.87599999999998 -0.07659999999999942 0 30053.25
714 223.11 223.546 -0.0541999999999982 0 30053.25
715 222.81 223.252 -0.039599999999999615 0 30053.25
716 223.38 223.19600000000003 -0.010000000000003431 0 30053.25
717 223.39 223.19600000000003 0.009400000000000422 0 30053.25
718 223.01 223.14000000000001 0.007599999999999942 25 30053.25
719 223.1 223.138 0.004199999999995846 50 30055.5
720 223.79 223.33400000000003 0.010600000000001613 0 30090.0
721 223.7 223.39800000000002 0.02800000000000038 0 30090.0
722 223.7 223.46000000000004 0.0395999999999988 0 30090.0
723 224.14 223.68600000000004 0.039799999999995964 0 30090.0
724 224.075 223.881 0.020199999999996658 0 30090.0
725 224.24 223.971 0.02910000000000083 0 30090.0
726 224.04 224.03900000000002 0.01559999999999775 0 30090.0
727 224.48 224.195 0.01289999999999779 0 30090.0
728 224.64 224.29500000000002 0.027400000000000445 0 30090.0
729 224.58 224.39600000000002 0.02559999999999585 0 30090.0
730 224.32 224.412 0.01320000000000059 25 30090.0
731 224.7 224.544 0.0024000000000016287 0 30099.5
732 224.31 224.51 -0.010799999999999036 0 30099.5
733 224.495 224.481 -0.0036000000000025443 0 30099.5
734 224.655 224.496 0.009300000000001895 0 30099.5
735 224.7 224.572 0.006900000000000031 0 30099.5
736 224.32 224.496 0.0044999999999995 25 30099.5
737 224.435 224.52100000000002 -0.009100000000000425 25 30102.375
738 224.435 224.52100000000002 -0.009100000000000425 25 30102.375
739 224.8 224.58200000000002 0.0004999999999934835 0 30111.5
740 224.38 224.52700000000002 -0.0031999999999953307 0 30111.5
741 224.44 224.47500000000002 0.003700000000002782 25 30111.5
742 224.44 224.47500000000002 0.003700000000002782 50 30111.5
743 224.13 224.437 -0.019399999999998592 50 30096.0
744 224.44 224.43800000000002 -0.019399999999999633 0 30111.5
745 224.44 224.43800000000002 -0.019399999999999633 0 30111.5
746 224.4 224.358 0.0007999999999989686 0 30111.5
747 224.3 224.342 -0.00020000000000144208 0 30111.5
748 224.14 224.282 -0.002399999999996611 0 30111.5
749 223.73 224.20200000000003 -0.03360000000000026 0 30111.5
750 223.73 224.20200000000003 -0.03360000000000026 0 30111.5
751 223.77 224.06800000000004 -0.03659999999999988 0 30111.5
752 223.77 224.06800000000004 -0.03659999999999988 0 30111.5
753 224.17 224.02200000000005 -0.012600000000003702 0 30111.5
754 223.85 223.93200000000004 -0.002800000000005651 0 30111.5
755 223.95 223.894 0.010399999999998232 0 30111.5
756 223.84 223.916 -0.0016000000000065651 0 30111.5
757 223.93 223.948 -0.009799999999998366 0 30111.5
758 224.16 223.946 0.012000000000001891 0 30111.5
759 224.12 224.0 0.01320000000000311 0 30111.5
760 224.12 224.0 0.01320000000000311 0 30111.5
761 224.12 224.0 0.01320000000000311 0 30111.5
762 224.07 224.024 0.012999999999999729 0 30111.5
763 224.07 224.024 0.012999999999999729 0 30111.5
764 224.05 224.066 0.0030000000000030332 25 30111.5
765 224.05 224.066 0.0030000000000030332 50 30111.5
766 224 224.08 -0.007799999999999724 50 30109.0
767 223.65 223.978 -0.02020000000000245 50 30091.5
768 223.33 223.82 -0.037600000000001105 50 30075.5
769 223.39 223.68400000000003 -0.03980000000000344 50 30078.5
770 223.55 223.584 -0.023200000000001515 50 30086.5
771 223.72 223.52800000000002 0.007199999999993714 0 30095.0
772 223.53 223.50400000000002 0.014600000000003959 0 30095.0
773 223.87 223.61200000000002 0.018799999999997957 0 30095.0
774 223.87 223.61200000000002 0.018799999999997957 0 30095.0
775 223.56 223.64600000000002 0.003399999999998009 25 30095.0
776 223.82 223.7 0.004599999999999788 0 30101.5
777 223.71 223.69800000000004 0.00619999999999979 0 30101.5
778 223.55 223.70200000000003 -0.009799999999998213 0 30101.5
779 223.8 223.68800000000005 0.004199999999999272 0 30101.5
780 223.8 223.68800000000005 0.004199999999999272 0 30101.5
781 223.83 223.74200000000002 0.0021999999999980984 0 30101.5
782 224.43 223.864 0.0343999999999984 0 30101.5
783 224.72 224.06600000000003 0.059400000000001944 0 30101.5
784 224.58 224.272 0.04899999999999805 0 30101.5
785 224.63 224.438 0.03499999999999884 0 30101.5
786 224.59 224.59000000000003 0.004600000000002554 25 30101.5
787 224.8 224.66400000000002 0.0034000000000031358 0 30106.75
788 224.8 224.66400000000002 0.0034000000000031358 0 30106.75
789 224.54 224.62800000000004 0.001800000000001386 25 30106.75
790 225.23 224.75800000000004 0.023000000000000024 0 30124.0
791 225.13 224.858 0.030199999999998398 0 30124.0
792 225.34 225.00800000000004 0.033399999999998035 0 30124.0
793 225.53 225.15400000000002 0.04179999999999963 0 30124.0
794 225.55 225.35600000000002 0.020800000000000665 0 30124.0
795 225.69 225.44800000000004 0.02659999999999603 0 30124.0
796 225.96 225.61400000000003 0.02799999999999907 0 30124.0
797 225.89 225.72400000000002 0.022599999999999218 0 30124.0
798 225.89 225.72400000000002 0.022599999999999218 0 30124.0
799 225.855 225.78900000000002 0.016199999999999517 0 30124.0
800 225.905 225.86 0.006499999999995133 0 30124.0
801 225.905 225.86 0.006499999999995133 0 30124.0
802 226.1 225.942 0.0059000000000008004 0 30124.0
803 226.165 225.983 0.01589999999999468 0 30124.0
804 226.03 226.01100000000002 0.012200000000002086 0 30124.0
805 225.97 226.03400000000005 0.001199999999997228 25 30124.0
806 225.77 226.007 -0.017100000000006145 25 30119.0
807 225.77 226.007 -0.017100000000006145 25 30119.0
808 225.55 225.89700000000002 -0.029799999999999674 25 30113.5
809 225.65 225.794 -0.023600000000002133 25 30116.0
810 225.65 225.794 -0.023600000000002133 25 30116.0
811 225.14 225.616 -0.03560000000000416 25 30103.25
812 225.39 225.5 -0.023400000000002506 25 30109.5
813 225.63 225.472 -0.001999999999999885 0 30115.5
814 225.52 225.466 0.004600000000001731 0 30115.5
815 225.485 225.43300000000002 0.016399999999998843 0 30115.5
816 225.485 225.43300000000002 0.016399999999998843 0 30115.5
817 225.32 225.46900000000002 -0.005699999999999977 0 30115.5
818 225.5 225.491 -0.009200000000002605 0 30115.5
819 225.52 225.46900000000002 0.0003000000000001432 0 30115.5
820 225.52 225.46900000000002 0.0003000000000001432 0 30115.5
821 225.79 225.52300000000002 0.016199999999999836 0 30115.5
822 226.09 225.644 0.03660000000000343 0 30115.5
823 226.03 225.78600000000006 0.03260000000000091 0 30115.5
824 225.93 225.87200000000004 0.021199999999999674 0 30115.5
825 225.86 225.94 -0.0003999999999965914 0 30115.5
826 225.845 225.95100000000002 -0.013200000000001788 0 30115.5
827 226.145 225.96200000000005 0.0028999999999990557 0 30115.5
828 225.955 225.94700000000003 0.006699999999999441 0 30115.5
829 225.955 225.95200000000003 0.006000000000002362 0 30115.5
830 225.885 225.957 -0.0022000000000022848 0 30115.5
831 225.97 225.98200000000003 -0.008400000000004511 0 30115.5
832 225.88 225.92899999999997 -0.0027000000000022913 0 30115.5
833 225.76 225.89 -0.007900000000005035 0 30115.5
834 225.97 225.89300000000003 -0.0007999999999962239 0 30115.5
835 226.02 225.92000000000002 0.003800000000003672 0 30115.5
836 226.25 225.976 0.020000000000001197 0 30115.5
837 226.22 226.044 0.023999999999997423 0 30115.5
838 226.02 226.09600000000003 0.006000000000003757 25 30115.5
839 225.89 226.08 -0.009800000000001727 25 30112.25
840 226.175 226.11100000000002 -0.009599999999998603 0 30119.375
841 225.81 226.02300000000002 -0.013300000000000504 0 30119.375
842 226.08 225.99500000000003 0.0007999999999984003 0 30119.375
843 226.15 226.02100000000002 0.008500000000001832 0 30119.375
844 226.15 226.02100000000002 0.008500000000001832 0 30119.375
845 225.99 226.04100000000003 -0.0006000000000030314 0 30119.375
846 225.83 225.972 -0.0009999999999998597 0 30119.375
847 226.03 226.01600000000002 -0.008400000000001647 0 30119.375
848 225.81 225.96200000000002 -0.012800000000000233 0 30119.375
849 225.67 225.86599999999999 -0.01320000000000056 0 30119.375
850 225.47 225.762 -0.021600000000000896 0 30119.375
851 225.35 225.666 -0.03400000000000146 0 30119.375
852 225.71 225.602 -0.010400000000004359 0 30119.375
853 225.72 225.584 0.006800000000003273 0 30119.375
854 225.72 225.584 0.006800000000003273 0 30119.375
855 225.36 225.52200000000002 0.0029999999999990768 25 30119.375
856 225.33 225.494 -0.007799999999998796 25 30118.625
857 225.33 225.494 -0.007799999999998796 25 30118.625
858 225.61 225.54600000000002 -0.01179999999999945 0 30125.625
859 225.76 225.55600000000004 0.006599999999999509 0 30125.625
860 225.8 225.57200000000003 0.026199999999998187 0 30125.625
861 225.8 225.57200000000003 0.026199999999998187 0 30125.625
862 225.99 225.69800000000004 0.03020000000000006 0 30125.625
863 226.1 225.852 0.02419999999999607 0 30125.625
864 226.05 225.94000000000003 0.01759999999999538 0 30125.625
865 226.165 226.02100000000002 0.01580000000000324 0 30125.625
866 226.25 226.11100000000002 0.011699999999999648 0 30125.625
867 226.2 226.15300000000002 0.007999999999999547 0 30125.625
868 226.475 226.228 0.017699999999998856 0 30125.625
869 226.47 226.31200000000004 0.01670000000000129 0 30125.625
870 226.47 226.31200000000004 0.01670000000000129 0 30125.625
871 226.47 226.31200000000004 0.01670000000000129 0 30125.625
872 226.47 226.31200000000004 0.01670000000000129 0 30125.625
873 226.05 226.28900000000004 -0.0025999999999987604 0 30125.625
874 226.41 226.32100000000003 -0.00010000000000135022 0 30125.625
875 226.3 226.341 -0.008200000000000445 0 30125.625
876 226.3 226.341 -0.008200000000000445 0 30125.625
877 226.25 226.29600000000005 -0.0037999999999980766 0 30125.625
878 226.16 226.234 0.0011999999999958095 25 30125.625
879 226.16 226.234 0.0011999999999958095 50 30125.625
880 226.07 226.238 -0.016400000000005868 50 30121.125
881 226.25 226.20600000000002 -0.0056000000000035015 0 30130.125
882 226.25 226.196 0.0017999999999959628 0 30130.125
883 226.35 226.216 0.011199999999995054 0 30130.125
884 226.3 226.24400000000003 0.0111999999999992 0 30130.125
885 226.22 226.27400000000003 -0.0001999999999970757 0 30130.125
886 226.27 226.27800000000002 -0.0017999999999995526 0 30130.125
887 226.47 226.32200000000003 0.004200000000001598 0 30130.125
888 226.47 226.32200000000003 0.004200000000001598 0 30130.125
889 226.73 226.39800000000002 0.022200000000002086 0 30130.125
890 226.89 226.51600000000002 0.035999999999996965 0 30130.125
891 226.89 226.51600000000002 0.035999999999996965 0 30130.125
892 226.83 226.638 0.030799999999998405 0 30130.125
893 226.7 226.72400000000005 0.011199999999996262 25 30130.125
894 226.83 226.79600000000002 0.00020000000000448628 0 30133.375
895 226.73 226.79600000000002 -0.006399999999996413 0 30133.375
896 226.32 226.68200000000004 -0.0198000000000041 0 30133.375
897 226.22 226.56000000000003 -0.029400000000001827 0 30133.375
898 226.22 226.56000000000003 -0.029400000000001827 0 30133.375
899 225.97 226.41400000000004 -0.04460000000000681 0 30133.375
900 225.805 226.209 -0.04400000000000494 0 30133.375
901 225.71 226.005 -0.03270000000000307 0 30133.375
902 225.93 225.927 -0.016799999999999662 0 30133.375
903 226.08 225.89900000000003 0.0069000000000027486 0 30133.375
904 225.91 225.887 0.011599999999999349 0 30133.375
905 225.91 225.887 0.011599999999999349 0 30133.375
906 226.14 225.954 0.016799999999998406 0 30133.375
907 225.905 225.99300000000002 0.00019999999999953513 25 30133.375
908 225.17 225.841 -0.03650000000000188 25 30115.0
909 225.12 225.649 -0.05100000000000099 25 30113.75
910 225.38 225.543 -0.0461000000000033 25 30120.25
911 225.19 225.353 -0.02440000000000464 25 30115.5
912 225.39 225.25 0.010200000000002351 0 30120.5
913 225.43 225.30200000000002 0.012600000000001223 0 30120.5
914 225.19 225.31600000000003 -0.002799999999999684 0 30120.5
915 225.12 225.26400000000004 -0.006800000000002461 0 30120.5
916 225.12 225.26400000000004 -0.006800000000002461 0 30120.5
917 224.92 225.21000000000004 -0.02499999999999771 0 30120.5
918 224.73 225.07800000000003 -0.03340000000000298 0 30120.5
919 224.76 224.94400000000002 -0.025000000000000102 0 30120.5
920 224.85 224.876 -0.013999999999999069 0 30120.5
921 224.33 224.71800000000002 -0.021200000000001176 0 30120.5
922 224.29 224.592 -0.026199999999997885 0 30120.5
923 224.25 224.496 -0.03159999999999983 0 30120.5
924 224.21 224.38600000000002 -0.02719999999999808 0 30120.5
925 224.645 224.34500000000003 0.010999999999995283 0 30120.5
926 224.71 224.42100000000002 0.024700000000001693 0 30120.5
927 224.86 224.53500000000003 0.034400000000004025 0 30120.5
928 224.64 224.61300000000003 0.021500000000000682 0 30120.5
929 224.55 224.681 -0.005200000000002681 0 30120.5
930 223.96 224.544 -0.03620000000000094 0 30120.5
931 224.56 224.514 -0.02559999999999892 0 30120.5
932 224.49 224.44 -0.0057999999999974 0 30120.5
933 225.13 224.538 0.033800000000002606 0 30120.5
934 225.08 224.644 0.056200000000000416 0 30120.5
935 224.69 224.79000000000002 0.01699999999999758 25 30120.5
936 224.54 224.786 -0.006799999999996648 25 30116.75
937 224.42 224.77200000000005 -0.039200000000003066 25 30113.75
938 224.26 224.59800000000004 -0.03820000000000228 25 30109.75
939 224.07 224.39600000000002 -0.03039999999999824 25 30105.0
940 224.13 224.284 -0.02340000000000238 25 30106.5
941 224.42 224.26 -0.0025999999999993403 0 30113.75
942 224.31 224.23799999999997 0.009000000000001425 0 30113.75
943 224.36 224.258 0.015200000000001233 0 30113.75
944 224.35 224.31400000000002 0.007600000000002455 0 30113.75
945 224.46 224.38000000000002 0.002400000000000166 0 30113.75
946 224.525 224.401 0.010600000000002973 0 30113.75
947 224.695 224.478 0.01689999999999667 0 30113.75
948 224.79 224.564 0.022300000000000056 0 30113.75
949 224.89 224.672 0.02249999999999933 0 30113.75
950 224.41 224.662 -0.000699999999997798 0 30113.75
951 224.59 224.675 -0.01179999999999599 0 30113.75
952 224.63 224.66200000000003 -0.012399999999997005 0 30113.75
953 224.485 224.601 -0.011799999999997403 0 30113.75
954 224.605 224.54399999999998 0.0056999999999998475 0 30113.75
955 224.88 224.638 0.011100000000000273 0 30113.75
956 224.88 224.638 0.011100000000000273 0 30113.75
957 225.13 224.746 0.027900000000000643 0 30113.75
958 225.13 224.746 0.027900000000000643 0 30113.75
959 224.87 224.79400000000004 0.02590000000000075 0 30113.75
