time-hour stock-price avg-price-5-min regression coef number-of-stocks portfolio-value 570 218.695 213.865 0.2524000000000002 0 30000.0
571 218.01 214.959 0.33870000000000133 0 30000.0
572 217.88 216.02100000000002 0.3121999999999987 0 30000.0
573 218.235 217.14 0.1979000000000008 0 30000.0
574 219.19 218.40200000000002 0.024299999999994847 0 30000.0
575 220.9 218.843 0.14179999999999746 0 30000.0
576 218.26 218.89300000000003 0.06849999999999903 0 30000.0
577 218.5 219.017 -0.007999999999997896 0 30000.0
578 218.7 219.11 -0.06760000000000299 0 30000.0
579 218.6 218.99200000000002 -0.08320000000000236 25 30000.0
580 217.4 218.29200000000003 -0.03239999999999788 0 29970.0
581 217.53 218.146 -0.06480000000000002 0 29970.0
582 217.12 217.87 -0.0845999999999968 0 29970.0
583 216.69 217.46800000000002 -0.08199999999999946 0 29970.0
584 217.56 217.26000000000002 -0.010399999999999684 0 29970.0
585 217.79 217.338 0.019199999999997417 0 29970.0
586 218.02 217.436 0.05800000000000085 0 29970.0
587 218.18 217.648 0.06879999999999963 0 29970.0
588 218.12 217.934 0.030199999999998492 0 29970.0
589 218.31 218.084 0.022800000000001538 0 29970.0
590 219.01 218.328 0.04219999999999909 0 29970.0
591 218.81 218.48600000000002 0.042999999999998165 0 29970.0
592 219.655 218.781 0.07140000000000331 0 29970.0
593 218.8 218.91700000000003 0.03250000000000158 0 29970.0
594 219.55 219.165 0.021400000000000755 0 29970.0
595 219.2 219.20300000000003 0.01350000000000359 0 29970.0
596 219.015 219.244 -0.01759999999999932 25 29970.0
597 219.305 219.17400000000004 0.009500000000000966 0 29977.25
598 218.76 219.166 -0.029499999999997254 0 29977.25
599 218.64 218.98400000000004 -0.027500000000002106 25 29977.25
600 219.1 218.964 -0.00990000000000426 0 29988.75
601 219.58 219.077 0.01779999999999835 0 29988.75
602 219.335 219.08300000000003 0.04180000000000082 0 29988.75
