time-hour stock-price avg-price-5-min regression-coef number-of-stocks portfolio-value 570 192.83 192.808 -0.0015999999999968006 0 30000.0
571 192.9 192.824 0.005600000000002684 0 30000.0
572 192.3 192.72000000000003 -0.024399999999994416 0 30000.0
573 192.29 192.61 -0.04439999999999609 0 30000.0
574 192.89 192.64200000000002 -0.0008000000000001022 0 30000.0
575 193.1 192.69600000000003 0.06000000000000429 0 30000.0
576 193.22 192.76000000000002 0.06000000000000529 0 30000.0
577 193.3 192.96 0.02700000000000086 0 30000.0
578 193.46 193.19400000000002 0.02320000000000546 0 30000.0
579 193.27 193.27 0.0062000000000042785 0 30000.0
580 193.79 193.40800000000002 0.02560000000000172 0 30000.0
581 194 193.56400000000002 0.04279999999999747 0 30000.0
582 193.85 193.67400000000004 0.03900000000000517 0 30000.0
583 193.73 193.72800000000004 -0.006599999999996454 0 30000.0
584 193.88 193.85000000000002 -0.009599999999998483 0 30000.0
585 194.03 193.89800000000002 0.013800000000001433 0 30000.0
586 193.75 193.848 0.004200000000003556 50 30000.0
587 193.92 193.862 -0.0032000000000027384 0 30008.5
588 194.18 193.95200000000003 0.01240000000000367 0 30008.5
589 194.16 194.008 0.029800000000005492 0 30008.5
590 194.21 194.044 0.01700000000000331 0 30008.5
591 194.12 194.11800000000002 -0.0026000000000025126 0 30008.5
592 194.17 194.16800000000003 -0.00120000000000144 0 30008.5
593 194.44 194.22000000000003 0.014800000000001761 0 30008.5
594 194.51 194.29000000000002 0.028800000000003698 0 30008.5
595 194.74 194.39600000000004 0.03560000000000321 0 30008.5
596 194.56 194.484 0.011800000000005095 0 30008.5
597 194.59 194.56800000000004 0.0012000000000058637 0 30008.5
598 194.53 194.586 -0.011999999999997919 0 30008.5
599 194.62 194.60800000000003 0.0024000000000012813 0 30008.5
600 194.58 194.57600000000002 0.001200000000000943 0 30008.5
601 194.74 194.61200000000002 0.011800000000002689 0 30008.5
602 194.6 194.61400000000003 0.0019999999999998873 50 30008.5
603 194.43 194.59400000000002 -0.011800000000003395 50 30000.0
604 194.54 194.57800000000003 -0.01540000000000267 50 30005.5
605 194.53 194.56800000000004 -0.0019999999999958606 50 30005.0
606 194.62 194.544 0.011200000000001762 0 30009.5
607 194.61 194.54600000000002 0.006000000000000589 0 30009.5
608 194.65 194.59000000000003 0.006999999999998566 0 30009.5
609 194.59 194.60000000000002 -0.0009999999999924635 0 30009.5
610 194.39 194.572 -0.014400000000002636 0 30009.5
611 194.41 194.53000000000003 -0.018400000000001856 0 30009.5
612 194.34 194.476 -0.01459999999999504 0 30009.5
613 194.3 194.40600000000003 -0.006799999999994734 0 30009.5
614 194.36 194.36000000000004 -0.0037999999999977197 0 30009.5
615 194.33 194.34800000000004 0.0006000000000047365 50 30009.5
616 194.29 194.32400000000004 -0.0012000000000004611 50 30007.5
617 194.17 194.29000000000002 -0.01219999999999833 50 30001.5
618 194.27 194.28400000000002 -0.005999999999998629 50 30006.5
619 194.31 194.27400000000003 0.003199999999999927 0 30008.5
620 194.32 194.27200000000002 0.009800000000002284 0 30008.5
621 194.25 194.264 -0.001000000000001467 0 30008.5
622 194.4 194.31 0.004000000000000247 0 30008.5
623 194.435 194.343 0.0099000000000006 0 30008.5
624 194.52 194.385 0.01690000000000457 0 30008.5
625 194.48 194.41700000000003 0.006500000000003156 0 30008.5
626 194.44 194.455 -0.0004999999999971998 0 30008.5
627 194.44 194.463 -0.005599999999999225 0 30008.5
628 194.66 194.50800000000004 0.010799999999997383 0 30008.5
629 194.54 194.512 0.01039999999999766 0 30008.5
630 194.52 194.52 0.0024000000000044953 0 30008.5
631 194.56 194.544 -0.006399999999996786 0 30008.5
632 194.59 194.574 0.0038000000000053247 0 30008.5
633 194.74 194.59000000000003 0.013800000000003514 0 30008.5
634 194.78 194.63800000000003 0.016200000000000023 0 30008.5
635 194.82 194.69800000000004 0.014600000000001433 0 30008.5
636 194.695 194.725 -0.0019000000000007492 0 30008.5
637 194.835 194.77400000000003 0.0008000000000006714 0 30008.5
638 194.84 194.79400000000004 0.004000000000004827 0 30008.5
639 194.78 194.79400000000004 0.005200000000005775 50 30008.5
640 194.89 194.80800000000002 0.002099999999999058 0 30014.0
641 194.91 194.851 0.0064000000000017975 0 30014.0
642 194.73 194.83 -0.00260000000000052 0 30014.0
643 194.66 194.79399999999998 -0.017399999999998136 0 30014.0
644 194.71 194.78000000000003 -0.01339999999999624 0 30014.0
645 194.58 194.71800000000002 -0.007999999999993488 0 30014.0
646 194.7 194.67600000000002 -0.00020000000000010653 0 30014.0
647 194.66 194.66200000000003 -0.0005999999999978828 0 30014.0
648 194.72 194.67400000000004 0.007600000000002784 0 30014.0
649 194.59 194.65 -0.00539999999999415 0 30014.0
650 194.64 194.662 -0.0037999999999990984 0 30014.0
651 194.7 194.662 -0.0001999999999992022 0 30014.0
652 194.735 194.67700000000002 0.009899999999998391 0 30014.0
653 194.75 194.683 0.007300000000007023 0 30014.0
654 194.68 194.701 -0.0008999999999961887 0 30014.0
655 194.65 194.70300000000003 -0.006499999999999879 0 30014.0
656 194.71 194.70500000000004 -0.002999999999995077 0 30014.0
657 194.55 194.66800000000003 -0.006599999999998323 0 30014.0
658 194.63 194.644 -0.004399999999997381 0 30014.0
659 194.65 194.63800000000003 -0.0019999999999989106 0 30014.0
660 194.59 194.62600000000003 0.0028000000000046087 50 30014.0
661 194.58 194.60000000000002 -0.004199999999994918 50 30013.5
662 194.65 194.62000000000003 -0.0001999999999943243 0 30017.0
663 194.67 194.62800000000001 0.00619999999999888 0 30017.0
664 194.63 194.62400000000002 0.0033999999999997487 0 30017.0
665 194.555 194.61700000000002 -0.006500000000000528 0 30017.0
666 194.44 194.58900000000003 -0.015299999999991959 0 30017.0
667 194.51 194.56099999999998 -0.009499999999997769 0 30017.0
668 194.53 194.53300000000002 -9.999999999727222e-05 0 30017.0
669 194.55 194.51700000000002 0.007000000000004963 0 30017.0
670 194.57 194.52000000000004 0.004000000000004293 0 30017.0
671 194.59 194.55 0.003999999999999906 0 30017.0
672 194.57 194.562 0.0015999999999980908 0 30017.0
673 194.48 194.55200000000002 -0.005799999999998272 0 30017.0
674 194.54 194.55 -0.004800000000000725 0 30017.0
675 194.57 194.55 0.001200000000003834 0 30017.0
676 194.51 194.534 0.0024000000000020737 50 30017.0
677 194.55 194.53 -0.0005999999999972065 0 30019.0
678 194.56 194.54600000000002 0.00020000000000595586 0 30019.0
679 194.43 194.524 -0.00459999999999479 0 30019.0
680 194.44 194.49800000000002 -0.009199999999995732 0 30019.0
681 194.49 194.494 -0.004000000000001256 0 30019.0
682 194.455 194.47500000000002 0.002500000000004286 50 30019.0
683 194.38 194.439 -0.00429999999999959 50 30015.25
684 194.17 194.387 -0.02070000000000022 50 30004.75
685 194.17 194.33300000000003 -0.021299999999997727 50 30004.75
686 194.165 194.268 -0.012900000000000184 50 30004.5
687 194.08 194.193 -0.005499999999998928 50 30000.25
688 194.15 194.14700000000002 -0.0028999999999939803 0 30003.75
689 194.15 194.14300000000003 0.0005000000000057429 0 30003.75
690 194.275 194.16400000000004 0.01169999999999977 0 30003.75
691 194.24 194.17900000000003 0.007900000000002487 0 30003.75
692 194.35 194.23300000000003 0.011300000000001684 0 30003.75
693 194.29 194.26100000000002 0.0031000000000018235 0 30003.75
694 194.31 194.293 0.0030000000000023233 0 30003.75
695 194.28 194.294 -0.003799999999997892 0 30003.75
696 194.29 194.304 -0.0005999999999971843 0 30003.75
697 194.33 194.3 0.001400000000003375 0 30003.75
698 194.28 194.298 0.0007999999999996929 50 30003.75
699 194.265 194.28900000000002 -0.0024999999999995737 50 30003.0
700 194.35 194.30300000000003 0.0009000000000028264 0 30007.25
701 194.4 194.32500000000002 0.008900000000003794 0 30007.25
702 194.41 194.341 0.009700000000001095 0 30007.25
703 194.32 194.34900000000002 -0.001599999999996914 0 30007.25
704 194.365 194.36900000000003 -0.0038999999999980413 0 30007.25
705 194.36 194.37100000000004 -0.0021000000000006825 0 30007.25
706 194.38 194.36700000000002 0.003499999999999596 0 30007.25
707 194.43 194.371 0.004299999999999731 0 30007.25
708 194.435 194.394 0.005500000000000646 0 30007.25
709 194.47 194.41500000000002 0.005500000000005783 0 30007.25
710 194.38 194.419 -0.0022999999999984188 0 30007.25
711 194.33 194.40900000000002 -0.008099999999999895 0 30007.25
712 194.27 194.37700000000004 -0.012999999999998478 0 30007.25
713 194.11 194.31200000000004 -0.01740000000000085 0 30007.25
714 194.16 194.25000000000003 -0.01340000000000047 0 30007.25
715 194.105 194.19500000000002 -0.00889999999999708 0 30007.25
716 194.09 194.14700000000002 -0.002299999999998956 0 30007.25
717 194.095 194.11200000000002 -0.004199999999991672 0 30007.25
718 194.13 194.116 0.0016000000000006723 0 30007.25
719 194.13 194.11 0.0031000000000019233 0 30007.25
720 194.2 194.129 0.0063000000000027635 0 30007.25
721 194.25 194.161 0.0086000000000038 0 30007.25
722 194.1 194.162 -0.000799999999998658 0 30007.25
723 194.1 194.162 -0.000799999999998658 0 30007.25
724 194.075 194.15099999999998 -0.010500000000001765 0 30007.25
725 194.05 194.135 -0.0124999999999977 0 30007.25
726 194.03 194.10100000000003 -0.004699999999997526 0 30007.25
727 193.95 194.041 -0.007899999999998129 0 30007.25
728 193.94 194.00900000000001 -0.008199999999997076 0 30007.25
729 194 193.99400000000003 -0.002000000000000945 0 30007.25
730 194.06 193.99600000000004 0.007799999999999155 0 30007.25
731 194.1 194.01000000000002 0.010800000000000672 0 30007.25
732 194.13 194.046 0.008599999999999273 0 30007.25
733 194.19 194.096 0.008400000000002792 0 30007.25
734 194.2 194.136 0.00720000000000312 0 30007.25
735 194.15 194.15400000000002 0.0014000000000057003 50 30007.25
736 194.14 194.162 -0.003999999999994556 50 30006.75
737 194.2 194.17600000000002 -0.00019999999999758557 0 30009.75
738 194.16 194.17000000000002 0.0018000000000001316 50 30009.75
739 194.14 194.15800000000002 -0.0008000000000009458 50 30008.75
740 194.06 194.14000000000001 -0.00879999999999877 50 30004.75
741 194.09 194.13000000000002 -0.005799999999996971 50 30006.25
742 194.07 194.104 -0.0036000000000022537 50 30005.25
743 194.05 194.08200000000002 -0.0010000000000017781 50 30004.25
744 194.1 194.074 0.0002000000000015516 0 30006.75
745 194.06 194.074 0.00040000000000053974 50 30006.75
746 194.03 194.062 -0.0019999999999925967 50 30005.25
747 193.96 194.04000000000002 -0.008999999999996665 50 30001.75
748 194.02 194.03400000000002 -0.0037999999999990155 50 30004.75
749 194.07 194.028 0.0036000000000030786 0 30007.25
750 194.07 194.03 0.00760000000000171 0 30007.25
751 194.06 194.036 0.0024000000000030746 0 30007.25
752 194.15 194.074 0.004600000000004176 0 30007.25
753 194.18 194.10600000000002 0.008400000000004145 0 30007.25
754 194.17 194.12600000000003 0.0072000000000013425 0 30007.25
755 194.24 194.16000000000003 0.005200000000005374 0 30007.25
756 194.19 194.186 0.001999999999997926 0 30007.25
757 194.25 194.20600000000002 0.003800000000002096 0 30007.25
758 194.24 194.21800000000002 0.0011999999999989478 0 30007.25
759 194.29 194.24200000000002 0.00580000000000126 0 30007.25
760 194.24 194.24200000000002 0.00040000000000539685 50 30007.25
761 194.295 194.26300000000003 0.002300000000001452 0 30010.0
762 194.26 194.26500000000004 -0.0007000000000000542 0 30010.0
763 194.28 194.27300000000002 0.0017000000000024305 0 30010.0
764 194.275 194.27000000000004 -0.0007999999999973468 0 30010.0
765 194.25 194.27200000000002 -0.0006999999999969816 0 30010.0
766 194.18 194.24900000000002 -0.006499999999999555 0 30010.0
767 194.25 194.247 -0.0028999999999977126 0 30010.0
768 194.24 194.23900000000003 0.0008000000000027987 0 30010.0
769 194.24 194.23200000000003 0.0034000000000010545 0 30010.0
770 194.31 194.24400000000003 0.003599999999998444 0 30010.0
771 194.24 194.25600000000003 0.001400000000003984 50 30010.0
772 194.18 194.24200000000005 -0.004999999999999825 50 30007.0
773 194.18 194.23000000000005 -0.008999999999994974 50 30007.0
774 194.13 194.20800000000003 -0.006600000000003908 50 30004.5
775 194.12 194.17000000000002 -0.0045999999999984074 50 30004.0
776 194.14 194.15000000000003 -0.002600000000000537 50 30005.0
777 194.14 194.14200000000002 0.0010000000000039767 50 30005.0
778 194.14 194.13400000000001 0.0012000000000035 0 30005.0
779 194.23 194.15400000000002 0.005400000000004117 0 30005.0
780 194.15 194.16000000000003 0.0024000000000063346 50 30005.0
781 194.25 194.18200000000002 0.005000000000003171 0 30010.0
782 194.28 194.21 0.0049999999999982125 0 30010.0
783 194.3 194.24200000000002 0.009600000000003687 0 30010.0
784 194.25 194.246 0.0004000000000003908 0 30010.0
785 194.14 194.244 -0.009400000000002642 0 30010.0
786 194.17 194.228 -0.009999999999996343 0 30010.0
787 194.185 194.209 -0.003299999999999166 0 30010.0
788 194.23 194.195 0.005700000000000893 0 30010.0
789 194.18 194.18100000000004 0.0015000000000057105 50 30010.0
790 194.2 194.193 -9.999999999768758e-05 0 30011.0
791 194.2 194.199 -0.0014000000000000531 0 30011.0
792 194.305 194.223 0.007500000000001424 0 30011.0
793 194.25 194.227 0.00510000000000355 0 30011.0
794 194.33 194.25700000000003 0.006700000000002185 0 30011.0
795 194.33 194.28300000000004 0.0031000000000043584 0 30011.0
796 194.33 194.30900000000005 0.004800000000005688 0 30011.0
797 194.32 194.31200000000004 -0.0006000000000009751 0 30011.0
798 194.34 194.33 0.0003999999999997551 0 30011.0
799 194.29 194.32200000000003 -0.001999999999997772 0 30011.0
800 194.32 194.32000000000002 -0.0009999999999998328 0 30011.0
801 194.3 194.31400000000002 -0.0017999999999984485 0 30011.0
802 194.25 194.3 -0.002799999999999422 0 30011.0
803 194.28 194.288 -0.003400000000001593 0 30011.0
804 194.28 194.286 -0.0006000000000000895 0 30011.0
805 194.22 194.266 -0.0017999999999962306 0 30011.0
806 194.22 194.25 -0.004799999999999397 0 30011.0
807 194.2 194.24 -0.004799999999999358 0 30011.0
808 194.2 194.22400000000002 -0.001599999999993752 0 30011.0
809 194.2 194.22400000000002 -0.001599999999993752 0 30011.0
810 194.245 194.21699999999998 0.0015000000000039008 0 30011.0
811 194.22 194.21699999999998 0.002099999999997841 0 30011.0
812 194.33 194.23900000000003 0.007300000000003981 0 30011.0
813 194.29 194.25700000000003 0.004900000000002679 0 30011.0
814 194.29 194.27500000000003 0.00340000000000567 0 30011.0
815 194.27 194.28000000000003 -0.0035999999999982287 0 30011.0
816 194.31 194.29800000000003 0.0008000000000038232 0 30011.0
817 194.34 194.3 0.0038000000000010504 0 30011.0
818 194.34 194.31 0.004799999999997803 0 30011.0
819 194.42 194.336 0.006600000000000764 0 30011.0
820 194.47 194.37600000000003 0.009399999999999815 0 30011.0
821 194.52 194.418 0.01180000000000366 0 30011.0
822 194.59 194.46800000000002 0.011200000000002517 0 30011.0
823 194.52 194.50400000000002 0.004400000000000756 0 30011.0
824 194.5 194.52 -0.002599999999997708 0 30011.0
825 194.51 194.52800000000002 -0.005200000000000929 0 30011.0
826 194.5 194.52400000000003 -0.0009999999999944838 0 30011.0
827 194.53 194.512 0.0016000000000019584 0 30011.0
828 194.48 194.50400000000002 -0.0011999999999966092 0 30011.0
829 194.47 194.49800000000002 -0.0027999999999984222 0 30011.0
830 194.52 194.5 -0.000799999999995168 0 30011.0
831 194.48 194.49600000000004 0.0010000000000010129 50 30011.0
832 194.48 194.48600000000005 -0.00019999999999702358 50 30011.0
833 194.49 194.488 -0.001799999999995773 0 30011.5
834 194.54 194.502 0.003800000000003646 0 30011.5
835 194.59 194.51600000000002 0.007600000000003593 0 30011.5
836 194.6 194.54000000000002 0.007600000000000065 0 30011.5
837 194.575 194.559 0.002299999999997513 0 30011.5
838 194.61 194.583 0.00069999999999771 0 30011.5
839 194.6 194.59500000000003 0.0007000000000000867 0 30011.5
840 194.64 194.60500000000002 0.0036999999999996268 0 30011.5
841 194.75 194.635 0.009199999999999429 0 30011.5
842 194.73 194.66600000000003 0.010000000000003683 0 30011.5
843 194.74 194.692 0.005600000000002992 0 30011.5
844 194.7 194.712 -0.0027999999999977127 0 30011.5
845 194.7 194.724 -0.0026000000000009414 0 30011.5
846 194.66 194.70600000000002 -0.004799999999997664 0 30011.5
847 194.63 194.68599999999998 -0.004999999999995375 0 30011.5
848 194.59 194.656 -0.007199999999996953 0 30011.5
849 194.59 194.63400000000001 -0.004999999999995717 0 30011.5
850 194.46 194.586 -0.010199999999997761 0 30011.5
851 194.45 194.54400000000004 -0.010999999999996008 0 30011.5
852 194.47 194.512 -0.007399999999999716 0 30011.5
853 194.445 194.483 -0.0004999999999974462 0 30011.5
854 194.47 194.45900000000003 0.0007000000000052414 0 30011.5
855 194.47 194.461 0.0005000000000046119 0 30011.5
856 194.49 194.46900000000002 0.002699999999998632 0 30011.5
857 194.51 194.47700000000003 0.002800000000002376 0 30011.5
858 194.5 194.48800000000003 0.002200000000001266 0 30011.5
859 194.47 194.488 -0.0013999999999951757 0 30011.5
860 194.44 194.48200000000003 -0.004799999999993582 0 30011.5
861 194.39 194.462 -0.007200000000001556 0 30011.5
862 194.445 194.449 -0.002499999999999094 0 30011.5
863 194.41 194.431 -0.0006999999999977638 0 30011.5
864 194.4 194.417 -9.999999999167343e-05 0 30011.5
865 194.37 194.403 -0.004699999999998318 0 30011.5
866 194.34 194.393 -0.004799999999999796 0 30011.5
867 194.35 194.374 -0.0035999999999995584 0 30011.5
868 194.3 194.35200000000003 -0.003999999999993209 0 30011.5
869 194.28 194.328 -0.00459999999999765 0 30011.5
870 194.34 194.322 -0.0009999999999980242 0 30011.5
871 194.36 194.32600000000002 0.004800000000000343 0 30011.5
872 194.36 194.32800000000003 0.005200000000003663 0 30011.5
873 194.39 194.346 0.003000000000002217 0 30011.5
874 194.38 194.366 0.0018000000000018969 0 30011.5
875 194.41 194.38000000000002 0.0028000000000026025 0 30011.5
876 194.42 194.392 0.0024000000000041475 0 30011.5
877 194.45 194.41000000000003 0.00440000000000074 0 30011.5
878 194.44 194.42000000000002 0.0024000000000011902 0 30011.5
879 194.455 194.435 0.0019000000000053106 0 30011.5
880 194.45 194.44299999999998 0.0002999999999986083 0 30011.5
881 194.4 194.43900000000002 -0.0025000000000008327 0 30011.5
882 194.43 194.435 -0.0024999999999974513 0 30011.5
883 194.405 194.428 -0.0020999999999943273 0 30011.5
884 194.425 194.42200000000003 0.0010000000000055175 0 30011.5
885 194.425 194.42200000000003 0.0010000000000055175 0 30011.5
886 194.325 194.39700000000002 -0.005899999999999275 0 30011.5
887 194.31 194.379 -0.007699999999997673 0 30011.5
888 194.26 194.345 -0.0101999999999975 0 30011.5
889 194.25 194.314 -0.005499999999995041 0 30011.5
890 194.195 194.268 -0.007100000000000267 0 30011.5
891 194.25 194.253 -0.0016999999999984543 0 30011.5
892 194.21 194.233 -0.0012999999999969627 0 30011.5
893 194.22 194.225 0.0007000000000007001 50 30011.5
894 194.18 194.211 -0.003999999999997169 50 30009.5
895 194.18 194.20800000000003 -0.0025999999999979082 50 30009.5
896 194.23 194.20400000000004 0.0006000000000014149 0 30012.0
897 194.24 194.21000000000004 0.004600000000004059 0 30012.0
898 194.26 194.21800000000002 0.005000000000000804 0 30012.0
899 194.21 194.22400000000005 -0.0008000000000002579 0 30012.0
900 194.13 194.21400000000003 -0.007599999999998922 0 30012.0
901 194.06 194.20000000000005 -0.011799999999998447 0 30012.0
902 194.15 194.16200000000003 -0.00499999999999833 0 30012.0
903 194.07 194.12400000000002 -0.001799999999998761 0 30012.0
904 194.14 194.11 0.0032000000000032935 0 30012.0
905 194.24 194.13200000000003 0.0068000000000015695 0 30012.0
906 194.23 194.16600000000003 0.0116000000000016 0 30012.0
907 194.245 194.185 0.006100000000006504 0 30012.0
908 194.24 194.21900000000005 0.0002999999999969352 0 30012.0
909 194.25 194.241 0.0011000000000027767 0 30012.0
910 194.28 194.249 0.002300000000000014 0 30012.0
911 194.42 194.28699999999998 0.011399999999997747 0 30012.0
912 194.41 194.32 0.01240000000000348 0 30012.0
913 194.39 194.35000000000002 0.00639999999999957 0 30012.0
914 194.32 194.364 -0.0063999999999995545 0 30012.0
915 194.38 194.38400000000001 -0.0031999999999965754 0 30012.0
916 194.43 194.386 0.0036000000000043185 0 30012.0
917 194.395 194.38300000000004 0.005500000000001073 0 30012.0
918 194.37 194.379 -0.0013000000000005134 0 30012.0
919 194.34 194.383 -0.005900000000001113 0 30012.0
920 194.37 194.381 -0.0020999999999980925 0 30012.0
921 194.305 194.356 -0.0032999999999958752 0 30012.0
922 194.37 194.35100000000003 0.0005000000000025364 0 30012.0
923 194.37 194.351 0.0013000000000017533 0 30012.0
924 194.39 194.361 0.005099999999998712 0 30012.0
925 194.4 194.36700000000002 0.0021999999999992633 0 30012.0
926 194.48 194.402 0.006799999999998292 0 30012.0
927 194.44 194.41600000000003 0.004600000000008596 0 30012.0
928 194.39 194.42000000000002 -0.0013999999999985985 0 30012.0
929 194.39 194.42000000000002 -0.006399999999998746 0 30012.0
930 194.19 194.37800000000001 -0.01500000000000097 0 30012.0
931 194.26 194.334 -0.011799999999992788 0 30012.0
932 194.26 194.298 -0.00639999999999452 0 30012.0
933 194.32 194.28400000000002 0.007800000000004129 0 30012.0
934 194.22 194.25 -0.0011999999999993945 0 30012.0
935 194.13 194.238 -0.009799999999996485 0 30012.0
936 194.17 194.22 -0.010799999999996392 0 30012.0
937 194.12 194.192 -0.005199999999997051 0 30012.0
938 194.07 194.142 -0.004599999999998599 0 30012.0
939 193.9 194.078 -0.01720000000000105 0 30012.0
940 193.95 194.042 -0.01359999999999892 0 30012.0
941 193.97 194.002 -0.004999999999996428 0 30012.0
942 193.99 193.976 0.005800000000003004 0 30012.0
943 194.01 193.964 0.003999999999999182 0 30012.0
944 193.95 193.974 -0.0008000000000002258 0 30012.0
945 193.97 193.978 -0.002399999999997336 0 30012.0
946 193.92 193.968 -0.004999999999998699 0 30012.0
947 193.82 193.934 -0.008799999999992418 0 30012.0
948 193.88 193.90800000000002 -0.007400000000000771 0 30012.0
949 193.775 193.87300000000002 -0.007499999999996522 0 30012.0
950 193.64 193.80700000000002 -0.01289999999999286 0 30012.0
951 193.75 193.77300000000002 -0.010499999999998514 0 30012.0
952 193.77 193.76300000000003 0.0019000000000037064 0 30012.0
953 193.79 193.74500000000003 0.00939999999999939 0 30012.0
954 193.77 193.74400000000003 0.0015999999999992019 0 30012.0
955 193.77 193.74400000000003 0.0015999999999992019 0 30012.0
956 193.79 193.77400000000003 0.000799999999999819 0 30012.0
957 193.69 193.762 -0.005599999999999328 0 30012.0
958 193.68 193.74400000000003 -0.007399999999998405 0 30012.0
959 193.94 193.774 0.008800000000000315 0 30012.0
