time-hour stock-price avg-price-5-min regression-coef number-of-stocks portfolio-value 570 195.74 194.168 0.11818181818181624 0 30000.0
571 195.64 194.538 0.1889696969696983 0 30000.0
572 196.26 195.05200000000002 0.2766666666666745 0 30000.0
573 196.6 195.636 0.3538181818181997 0 30000.0
574 196.59 196.16600000000003 0.3974545454545529 0 30000.0
575 196.91 196.4 0.4232727272727311 0 30000.0
576 196.88 196.64800000000002 0.410727272727276 0 30000.0
577 196.74 196.74400000000003 0.3464242424242467 0 30000.0
578 196.835 196.79100000000005 0.24966666666666568 0 30000.0
579 197.58 196.98900000000003 0.17263636363637241 0 30000.0
580 198.205 197.24800000000005 0.20557575757576696 0 30000.0
581 198.24 197.52 0.2038787878787931 0 30000.0
582 198.63 197.89800000000002 0.23327272727273404 0 30000.0
583 198.97 198.32500000000002 0.27515151515152 0 30000.0
584 198.75 198.55900000000003 0.2756363636363735 0 30000.0
585 198.94 198.70600000000002 0.2816363636363739 0 30000.0
586 199.06 198.87000000000003 0.26757575757575824 0 30000.0
587 199.32 199.00800000000004 0.23193939393940163 0 30000.0
588 199.71 199.15600000000003 0.19263636363636677 0 30000.0
589 199.7 199.346 0.16760606060605007 0 30000.0
590 199.76 199.51000000000002 0.1618181818181908 0 30000.0
591 199.68 199.63400000000001 0.13515151515152996 0 30000.0
592 199.42 199.654 0.10284848484848945 50 30000.0
593 199.39 199.58999999999997 0.08200000000000006 50 29998.5
594 199.34 199.518 0.03866666666666412 50 29996.0
595 199.18 199.40200000000002 -0.00787878787878503 0 29988.0
596 198.85 199.23600000000002 -0.06733333333332665 0 29988.0
597 198.88 199.12800000000004 -0.10527272727273038 0 29988.0
598 199.09 199.06800000000004 -0.1004242424242227 0 29988.0
599 199.2 199.04000000000002 -0.0827272727272701 0 29988.0
600 199.3 199.06400000000002 -0.049515151515146315 0 29988.0
601 199.63 199.22000000000003 0.0019393939393992838 0 29988.0
602 199.61 199.366 0.03557575757575764 0 29988.0
603 199.54 199.45600000000002 0.06109090909090142 0 29988.0
604 199.65 199.546 0.08745454545454612 0 29988.0
605 199.78 199.64200000000005 0.1064848484848477 0 29988.0
606 199.44 199.604 0.07769696969697316 50 29988.0
607 199.52 199.586 0.048121212121203266 50 29992.0
608 199.4 199.55800000000002 0.01824242424242154 50 29986.0
609 199.35 199.49800000000002 -0.010787878787881252 0 29983.5
610 199.33 199.40800000000002 -0.03606060606060271 0 29983.5
611 199.32 199.38400000000001 -0.04024242424242336 0 29983.5
612 199.43 199.366 -0.03599999999999564 0 29983.5
613 199.52 199.39000000000001 -0.029333333333335036 0 29983.5
614 199.445 199.40900000000002 -0.019181818181807878 0 29983.5
615 199.3 199.40300000000002 -0.005787878787876155 0 29983.5
616 199.42 199.423 -0.0026969696969679534 0 29983.5
617 199.52 199.44100000000003 0.011424242424241603 0 29983.5
618 199.94 199.525 0.040454545454547325 0 29983.5
619 199.79 199.594 0.05142424242423439 0 29983.5
620 199.58 199.65 0.04427272727272456 50 29983.5
621 199.55 199.676 0.03178787878789054 50 29982.0
622 199.75 199.72199999999998 0.0347575757575897 0 29992.0
623 199.76 199.68599999999998 0.04039393939395255 0 29992.0
624 199.4 199.608 0.01848484848483997 50 29992.0
625 199.315 199.555 -0.01718181818181513 0 29987.75
626 199.425 199.53000000000003 -0.03903030303030098 0 29987.75
627 199.42 199.464 -0.05454545454545593 0 29987.75
628 199.38 199.388 -0.04303030303030468 0 29987.75
629 199.51 199.41000000000003 -0.027636363636371706 0 29987.75
630 199.63 199.473 -0.016303030303025684 0 29987.75
631 199.53 199.49400000000003 -0.013030303030294083 0 29987.75
632 199.66 199.54200000000003 0.010909090909086814 0 29987.75
633 199.63 199.59199999999998 0.03496969696969637 0 29987.75
634 199.67 199.624 0.03878787878788227 0 29987.75
635 199.7 199.638 0.035303030303032175 0 29987.75
636 199.67 199.666 0.032848484848485966 0 29987.75
637 199.76 199.68599999999998 0.03200000000000508 0 29987.75
638 199.885 199.737 0.03118181818182995 0 29987.75
639 199.88 199.779 0.03263636363635932 0 29987.75
640 199.86 199.811 0.03651515151516134 0 29987.75
641 199.85 199.847 0.030393939393942672 0 29987.75
642 199.82 199.859 0.02742424242424434 50 29987.75
643 199.83 199.848 0.021060606060614065 50 29988.25
644 199.89 199.85000000000002 0.018212121212114307 0 29991.25
645 199.89 199.85600000000002 0.014696969696981718 0 29991.25
646 199.91 199.86800000000002 0.007969696969696695 0 29991.25
647 199.89 199.88200000000003 0.0032424242424296417 0 29991.25
648 199.91 199.898 0.006363636363635654 0 29991.25
649 199.96 199.91200000000003 0.011575757575761094 0 29991.25
650 199.93 199.92000000000002 0.012848484848489005 0 29991.25
651 199.79 199.89600000000002 0.004969696969704435 50 29991.25
652 199.92 199.90200000000002 0.002909090909090469 0 29997.75
653 200.05 199.93 0.0073939393939478374 0 29997.75
654 200.19 199.976 0.02084848484849931 0 29997.75
655 200.14 200.018 0.027939393939400793 0 29997.75
656 200.23 200.106 0.03824242424242143 0 29997.75
657 200.1 200.142 0.03624242424243635 50 29997.75
658 200.06 200.144 0.030848484848479706 50 29995.75
659 200.04 200.114 0.02587878787877895 50 29994.75
660 200.1 200.10600000000002 0.02121212121213078 50 29997.75
661 200.13 200.08600000000004 0.006787878787883435 0 29999.25
662 199.99 200.06400000000002 -0.01072727272727361 0 29999.25
663 199.82 200.01600000000002 -0.029696969696965867 0 29999.25
664 199.91 199.99 -0.031636363636359716 0 29999.25
665 200.08 199.986 -0.02424242424242154 0 29999.25
666 199.97 199.954 -0.01612121212120817 0 29999.25
667 200.11 199.978 -0.005878787878783193 0 29999.25
668 200.1 200.03400000000002 0.0010303030302951514 0 29999.25
669 200.05 200.062 0.003393939393936168 50 29999.25
670 199.98 200.042 0.005818181818183291 50 29995.75
671 200.08 200.06400000000002 0.01715151515151563 0 30000.75
672 199.73 199.98800000000003 0.0006666666666762242 50 30000.75
673 199.74 199.91600000000003 -0.023454545454547008 0 30001.25
674 199.65 199.836 -0.045515151515160834 0 30001.25
675 199.62 199.76400000000004 -0.054727272727270945 0 30001.25
676 199.63 199.67400000000004 -0.0651515151515137 0 30001.25
677 199.5 199.62800000000001 -0.06921212121212174 0 30001.25
678 199.4 199.56 -0.07199999999999793 0 30001.25
679 199.475 199.52500000000003 -0.0655454545454494 0 30001.25
680 199.6 199.52100000000002 -0.04996969696969283 0 30001.25
681 199.62 199.51900000000003 -0.02203030303029573 0 30001.25
682 199.63 199.54500000000002 -0.01130303030302944 0 30001.25
683 199.28 199.52100000000002 -0.017787878787869436 0 30001.25
684 199.07 199.44 -0.03615151515151391 0 30001.25
685 199.36 199.39200000000002 -0.03366666666666434 0 30001.25
686 199.35 199.33800000000002 -0.027909090909085554 0 30001.25
687 199.28 199.268 -0.031242424242409528 0 30001.25
688 199.02 199.216 -0.05275757575757613 0 30001.25
689 199.03 199.20800000000003 -0.06412121212121197 0 30001.25
690 198.96 199.12800000000001 -0.06557575757575629 0 30001.25
691 199.26 199.11 -0.041575757575758605 0 30001.25
692 199.2 199.09400000000002 -0.015818181818180507 0 30001.25
693 198.99 199.08800000000002 -0.01963636363636682 0 30001.25
694 198.77 199.036 -0.04593939393938877 0 30001.25
695 198.91 199.02600000000004 -0.041636363636361494 0 30001.25
696 198.9 198.954 -0.03309090909090134 0 30001.25
697 199.06 198.92600000000002 -0.015030303030307059 0 30001.25
698 199.01 198.93 -0.014363636363632032 0 30001.25
699 199.05 198.98600000000002 -0.01072727272726905 0 30001.25
700 199.13 199.03 -0.00763636363636728 0 30001.25
701 199.03 199.056 0.007939393939392365 50 30001.25
702 199.07 199.058 0.024484848484844397 0 30003.25
703 199.07 199.07 0.028606060606051774 0 30003.25
704 199.1 199.07999999999998 0.018727272727274424 0 30003.25
705 199.13 199.07999999999998 0.01581818181818808 0 30003.25
706 199.2 199.114 0.013393939393938585 0 30003.25
707 199.17 199.13400000000001 0.016363636363632084 0 30003.25
708 199 199.12 0.005393939393946762 50 30003.25
709 198.91 199.08200000000002 -0.007696969696971376 0 29998.75
710 198.89 199.03400000000002 -0.014848484848482722 0 29998.75
711 198.77 198.94800000000004 -0.0323030303030327 0 29998.75
712 198.72 198.85800000000003 -0.046666666666663296 0 29998.75
713 198.77 198.812 -0.05406060606059854 0 29998.75
714 198.79 198.78800000000004 -0.054727272727264686 0 29998.75
715 198.78 198.76600000000002 -0.05018181818181491 0 29998.75
716 198.49 198.71 -0.05254545454545143 0 29998.75
717 198.48 198.662 -0.04884848484848182 0 29998.75
718 198.55 198.61800000000002 -0.04430303030303085 0 29998.75
719 198.52 198.56400000000002 -0.04193939393939899 0 29998.75
720 198.67 198.54200000000003 -0.027999999999989294 0 29998.75
721 198.73 198.59000000000003 -0.016121212121218323 0 29998.75
722 198.865 198.66700000000003 0.0002727272727393192 0 29998.75
723 198.82 198.72100000000003 0.01578787878788665 0 29998.75
724 198.765 198.77000000000004 0.0290303030303056 50 29998.75
725 198.89 198.814 0.04872727272727522 0 30005.0
726 198.92 198.852 0.04939393939393642 0 30005.0
727 198.87 198.85299999999998 0.04145454545454796 0 30005.0
728 198.97 198.883 0.038909090909085856 0 30005.0
729 198.9 198.91 0.025454545454557807 50 30005.0
730 198.98 198.928 0.021757575757581017 0 30009.0
731 198.92 198.928 0.015030303030314322 50 30009.0
732 198.82 198.918 0.009545454545455506 50 30004.0
733 198.755 198.875 -0.0019393939393970861 0 30000.75
734 198.77 198.849 -0.015484848484842178 0 30000.75
735 198.6 198.773 -0.030030303030295982 0 30000.75
736 198.58 198.70500000000004 -0.040151515151505876 0 30000.75
737 198.51 198.64300000000003 -0.05330303030303658 0 30000.75
738 198.45 198.582 -0.05869696969696684 0 30000.75
739 198.61 198.55 -0.053727272727272554 0 30000.75
740 198.61 198.55200000000002 -0.039909090909083525 0 30000.75
741 198.52 198.54000000000002 -0.030515151515145934 0 30000.75
742 198.57 198.55200000000002 -0.020212121212121688 0 30000.75
743 198.49 198.56000000000003 -0.015575757575764907 0 30000.75
744 198.49 198.53600000000003 -0.0067272727272701905 0 30000.75
745 198.66 198.54600000000002 0.0034545454545504527 0 30000.75
746 198.73 198.58800000000002 0.015393939393945592 0 30000.75
747 198.66 198.60600000000002 0.017030303030308436 0 30000.75
748 198.69 198.64600000000002 0.014484848484847308 0 30000.75
749 198.84 198.716 0.02787878787879167 0 30000.75
750 198.725 198.729 0.03221212121212275 50 30000.75
751 198.66 198.715 0.02560606060606185 50 29997.5
752 198.71 198.72500000000002 0.02336363636364348 50 30000.0
753 198.61 198.70900000000003 0.008636363636360854 50 29995.0
754 198.67 198.67500000000004 -0.004272727272726497 0 29998.0
755 198.63 198.656 -0.010212121212122479 0 29998.0
756 198.73 198.67000000000002 -0.005666666666660899 0 29998.0
757 198.73 198.67400000000004 -0.005787878787869469 0 29998.0
758 198.82 198.71600000000004 0.00015151515151087805 0 29998.0
759 198.82 198.74600000000004 0.014515151515153238 0 29998.0
760 198.9 198.8 0.025818181818185317 0 29998.0
761 198.875 198.829 0.02930303030302874 0 29998.0
762 198.89 198.86100000000002 0.03433333333334306 0 29998.0
763 198.81 198.859 0.026151515151517136 50 29998.0
764 198.81 198.857 0.019545454545459598 50 29998.0
765 198.65 198.80700000000002 -0.0001515151515079392 0 29990.0
766 198.63 198.75799999999998 -0.014515151515146337 0 29990.0
767 198.81 198.74200000000002 -0.017848484848472457 0 29990.0
768 198.86 198.752 -0.013424242424234206 0 29990.0
769 198.96 198.782 -0.0040303030302904245 0 29990.0
770 199 198.85200000000003 0.011181818181823943 0 29990.0
771 198.95 198.916 0.020787878787884073 0 29990.0
772 198.86 198.926 0.025575757575756572 50 29990.0
773 198.855 198.925 0.025121212121208214 50 29989.75
774 198.89 198.911 0.02603030303031179 50 29991.5
775 198.95 198.901 0.018575757575769982 0 29994.5
776 198.92 198.89499999999998 0.0045151515151608335 0 29994.5
777 198.82 198.887 -0.006515151515150321 0 29994.5
778 198.805 198.877 -0.015151515151521881 0 29994.5
779 198.76 198.851 -0.01890909090908383 0 29994.5
780 198.57 198.775 -0.027939393939386666 0 29994.5
781 198.6 198.711 -0.033454545454542524 0 29994.5
782 198.63 198.673 -0.0390909090909013 0 29994.5
783 198.63 198.638 -0.04227272727273514 0 29994.5
784 198.43 198.572 -0.051303030303032945 0 29994.5
785 198.39 198.536 -0.052939393939388985 0 29994.5
786 198.4 198.496 -0.0492424242424226 0 29994.5
787 198.36 198.442 -0.04809090909090472 0 29994.5
788 198.42 198.4 -0.0390909090909048 0 29994.5
789 198.44 198.402 -0.02733333333331955 0 29994.5
790 198.49 198.422 -0.021636363636367974 0 29994.5
791 198.46 198.43400000000003 -0.014606060606049869 0 29994.5
792 198.48 198.458 -0.0027878787878765046 0 29994.5
793 198.57 198.488 0.015757575757575852 0 29994.5
794 198.48 198.496 0.01678787878788859 50 29994.5
795 198.45 198.488 0.012909090909092836 50 29993.0
796 198.48 198.492 0.010606060606052204 50 29994.5
797 198.37 198.47 -0.0013333333333377636 0 29989.0
798 198.355 198.427 -0.010212121212124779 0 29989.0
799 198.44 198.41899999999998 -0.012333333333315277 0 29989.0
800 198.45 198.41899999999998 -0.010575757575757723 0 29989.0
801 198.28 198.37900000000002 -0.019606060606057678 0 29989.0
802 198.29 198.363 -0.024575757575750236 0 29989.0
803 198.3 198.352 -0.020696969696967847 0 29989.0
804 198.26 198.31600000000003 -0.02172727272726823 0 29989.0
805 198.27 198.28000000000003 -0.02154545454545494 0 29989.0
806 198.245 198.27300000000002 -0.018545454545447523 0 29989.0
807 198.28 198.27100000000002 -0.018121212121205682 0 29989.0
808 198.215 198.25400000000002 -0.021151515151507094 0 29989.0
809 198.27 198.256 -0.013818181818177034 0 29989.0
810 198.43 198.288 0.004969696969703391 0 29989.0
811 198.32 198.303 0.00666666666667235 0 29989.0
812 198.48 198.343 0.01727272727272673 0 29989.0
813 198.42 198.384 0.022969696969695568 0 29989.0
814 198.355 198.401 0.021000000000004532 50 29989.0
815 198.39 198.393 0.020454545454546794 50 29990.75
816 198.37 198.403 0.015696969696979157 50 29989.75
817 198.37 198.381 0.011757575757569359 50 29989.75
818 198.26 198.349 -0.0036060606060579 0 29984.25
819 198.28 198.334 -0.014757575757570801 0 29984.25
820 198.22 198.3 -0.018636363636356387 0 29984.25
821 198.28 198.28200000000004 -0.02403030303029355 0 29984.25
822 198.11 198.23000000000002 -0.027545454545455497 0 29984.25
823 198.23 198.22400000000005 -0.0240303030303027 0 29984.25
824 198.26 198.22000000000003 -0.020909090909089767 0 29984.25
825 198.3 198.23600000000002 -0.012121212121214022 0 29984.25
826 198.29 198.238 -0.004121212121214468 0 29984.25
827 198.1 198.236 -0.005515151515149483 0 29984.25
828 198.09 198.20800000000003 -0.011515151515146742 0 29984.25
829 198.32 198.22000000000003 -0.0015757575757604832 0 29984.25
830 198.33 198.226 0.004424242424244706 0 29984.25
831 198.48 198.264 0.021272727272726367 0 29984.25
832 198.44 198.332 0.02218181818181976 0 29984.25
833 198.465 198.407 0.028454545454551596 0 29984.25
834 198.56 198.45499999999998 0.039060606060608453 0 29984.25
835 198.5 198.48899999999998 0.04542424242425027 0 29984.25
836 198.53 198.49900000000002 0.050333333333335124 0 29984.25
837 198.61 198.53300000000002 0.04403030303030386 0 29984.25
838 198.55 198.55000000000004 0.027606060606077273 50 29984.25
839 198.56 198.55 0.021484848484857003 0 29984.75
840 198.74 198.598 0.022939393939397073 0 29984.75
841 198.81 198.65400000000002 0.03324242424243622 0 29984.75
842 198.9 198.71200000000002 0.041787878787873566 0 29984.75
843 198.84 198.77 0.043151515151520985 0 29984.75
844 198.74 198.80599999999998 0.040848484848486896 50 29984.75
845 198.65 198.788 0.027454545454552667 50 29980.25
846 198.73 198.77200000000002 0.018606060606056758 50 29984.25
847 198.685 198.729 0.010212121212133557 50 29982.0
848 198.74 198.709 -9.090909090870467e-05 0 29984.75
849 198.82 198.72500000000002 -0.0076666666666663184 0 29984.75
850 198.87 198.769 -0.0036666666666623523 0 29984.75
851 198.92 198.80700000000002 0.006151515151523464 0 29984.75
852 198.92 198.85399999999998 0.02063636363636398 0 29984.75
853 198.92 198.85399999999998 0.02063636363636398 0 29984.75
854 198.92 198.85399999999998 0.02063636363636398 0 29984.75
855 198.92 198.85399999999998 0.02063636363636398 0 29984.75
856 198.92 198.85399999999998 0.02063636363636398 0 29984.75
857 198.92 198.85399999999998 0.02063636363636398 0 29984.75
858 198.92 198.85399999999998 0.02063636363636398 0 29984.75
859 198.93 198.892 0.02063636363636398 0 29984.75
860 198.92 198.85399999999998 0.02063636363636398 0 29984.75
861 198.92 198.85399999999998 0.02063636363636398 0 29984.75
862 198.92 198.85399999999998 0.02063636363636398 0 29984.75
863 198.92 198.85399999999998 0.02063636363636398 0 29984.75
864 198.92 198.85399999999998 0.02063636363636398 0 29984.75
865 198.92 198.85399999999998 0.02063636363636398 0 29984.75
866 198.92 198.85399999999998 0.02063636363636398 0 29984.75
867 198.92 198.85399999999998 0.02063636363636398 0 29984.75
868 198.92 198.85399999999998 0.031424242424245324 0 29984.75
869 198.93 198.892 0.02063636363636398 0 29984.75
870 198.92 198.85399999999998 0.02063636363636398 0 29984.75
871 198.73 198.852 0.0205151515151554 50 29984.75
872 198.83 198.85399999999998 0.020515151515151955 50 29989.75
873 198.79 198.838 0.011242424242426165 50 29987.75
874 198.88 198.83 0.010515151515149678 0 29992.25
875 198.825 198.81100000000004 0.001969696969701883 0 29992.25
876 198.8 198.825 -0.005969696969684323 0 29992.25
877 198.86 198.83100000000002 -0.006030303030291336 0 29992.25
878 198.93 198.859 0.0005757575757719701 0 29992.25
879 198.93 198.859 0.0005757575757719701 0 29992.25
880 198.89 198.86100000000002 0.00021212121213557198 0 29992.25
881 198.87 198.87 0.013909090909082657 0 29992.25
882 198.87 198.87 0.013909090909082657 0 29992.25
883 198.91 198.89200000000002 0.010333333333330667 0 29992.25
884 198.87 198.894 0.009060606060615747 50 29992.25
885 198.87 198.894 0.009060606060615747 50 29992.25
886 198.89 198.886 0.005727272727276744 0 29993.25
887 198.93 198.894 0.009363636363638224 0 29993.25
888 198.98 198.916 0.011454545454543413 0 29993.25
889 198.97 198.928 0.009454545454550602 0 29993.25
890 198.97 198.928 0.009454545454550602 0 29993.25
891 198.85 198.91400000000002 0.0018787878787817833 50 29993.25
892 198.805 198.907 -0.0014242424242260601 0 29991.0
893 198.81 198.883 -0.006575757575755966 0 29991.0
894 198.76 198.83900000000003 -0.014818181818184282 0 29991.0
895 198.75 198.79500000000002 -0.019606060606050753 0 29991.0
896 198.85 198.79500000000002 -0.01966666666665558 0 29991.0
897 198.84 198.80200000000002 -0.01869696969696947 0 29991.0
898 198.9 198.82000000000002 -0.011181818181821524 0 29991.0
899 198.88 198.84400000000002 -0.001060606060609885 0 29991.0
900 198.83 198.86 0.006878787878776116 50 29991.0
901 198.89 198.86800000000002 0.011787878787885914 0 29994.0
902 198.95 198.89000000000001 0.016484848484847266 0 29994.0
903 198.97 198.90800000000002 0.0208484848484815 0 29994.0
904 198.91 198.91000000000003 0.016666666666675548 50 29994.0
905 198.87 198.918 0.00781818181818042 50 29992.0
906 198.88 198.91600000000003 0.004727272727277684 50 29992.5
907 198.885 198.90300000000002 0.0008787878787935866 50 29992.75
908 198.75 198.85900000000004 -0.006878787878789733 0 29986.0
909 198.76 198.829 -0.013606060606062703 0 29986.0
910 198.84 198.823 -0.017848484848478636 0 29986.0
911 198.79 198.805 -0.020939393939379918 0 29986.0
912 198.83 198.79400000000004 -0.016636363636363616 0 29986.0
913 198.79 198.80200000000005 -0.011727272727269289 0 29986.0
914 198.74 198.798 -0.01136363636363863 0 29986.0
915 198.55 198.74000000000004 -0.021969696969692133 0 29986.0
916 198.53 198.68800000000005 -0.029121212121201025 0 29986.0
917 198.68 198.65800000000002 -0.023515151515149907 0 29986.0
918 198.68 198.63600000000002 -0.024424242424241693 0 29986.0
919 198.71 198.63000000000005 -0.022181818181815097 0 29986.0
920 198.7 198.66000000000003 -0.014545454545452443 0 29986.0
921 198.54 198.662 -0.017272727272723463 0 29986.0
922 198.655 198.657 -0.008030303030289851 0 29986.0
923 198.59 198.639 -0.00287878787878136 0 29986.0
924 198.63 198.623 0.003545454545450698 0 29986.0
925 198.66 198.61499999999998 0.00027272727272731475 0 29986.0
926 198.63 198.633 -0.007303030303033668 0 29986.0
927 198.62 198.62599999999998 -0.006636363636361912 0 29986.0
928 198.67 198.64200000000002 -0.002515151515147723 0 29986.0
929 198.65 198.64600000000002 0.0026363636363596066 0 29986.0
930 198.65 198.64600000000002 0.0026363636363596066 0 29986.0
931 198.44 198.60199999999998 -0.0036060606060628318 0 29986.0
932 198.36 198.548 -0.021727272727269112 0 29986.0
933 198.45 198.514 -0.025090909090908935 0 29986.0
934 198.47 198.474 -0.029212121212124624 0 29986.0
935 198.49 198.44200000000004 -0.028121212121204 0 29986.0
936 198.67 198.48800000000003 -0.013515151515161045 0 29986.0
937 198.59 198.534 -0.005393939393939932 0 29986.0
938 198.35 198.514 -0.010545454545451742 0 29986.0
939 198.41 198.502 -0.005818181818175682 0 29986.0
940 198.42 198.488 0.0012727272727217798 50 29986.0
941 198.5 198.454 0.00151515151515438 0 29990.0
942 198.44 198.42399999999998 -0.0075757575757569124 0 29990.0
943 198.35 198.42400000000004 -0.016545454545454395 0 29990.0
944 198.42 198.42600000000002 -0.019151515151510177 0 29990.0
945 198.42 198.42600000000002 -0.019151515151510177 0 29990.0
946 198.49 198.44000000000003 -0.015999999999980894 0 29990.0
947 198.51 198.442 0.00024242424243180885 0 29990.0
948 198.4 198.43400000000003 0.007090909090912325 50 29990.0
949 198.4 198.43400000000003 0.007090909090912325 50 29990.0
950 198.305 198.425 -0.004939393939381961 0 29985.25
951 198.16 198.37300000000002 -0.020333333333324606 0 29985.25
952 198.16 198.37300000000002 -0.020333333333324606 0 29985.25
953 198.34 198.34300000000002 -0.02221212121212191 0 29985.25
954 198.17 198.27500000000003 -0.02706060606059432 0 29985.25
955 198.18 198.23100000000002 -0.03136363636363463 0 29985.25
956 198.18 198.23100000000002 -0.03136363636363463 0 29985.25
957 198.22 198.21400000000003 -0.036333333333330935 0 29985.25
958 198.45 198.27200000000002 -0.022515151515151977 0 29985.25
959 198.5 198.30400000000003 -0.0016666666666713505 0 29985.25
