time-hour stock-price avg-price-5-min regression-coef number-of-stocks portfolio-value 570 194.76 193.086 0.10387878787878943 0 30000.0
571 195.1 193.57400000000004 0.21981818181818175 0 30000.0
572 195.17 194.084 0.30848484848484414 0 30000.0
573 195.2 194.56799999999998 0.3704848484848632 0 30000.0
574 195.31 195.108 0.39460606060605613 0 30000.0
575 195.38 195.232 0.3844242424242493 0 30000.0
576 195.07 195.226 0.3341818181818165 50 30000.0
577 194.62 195.116 0.22751515151515522 50 29977.5
578 194.29 194.93400000000003 0.0892727272727351 50 29961.0
579 194.13 194.698 -0.08733333333333552 50 29953.0
580 194.37 194.496 -0.12593939393938336 50 29965.0
581 194.19 194.32 -0.14696969696969203 50 29956.0
582 194.63 194.322 -0.12830303030302231 0 29978.0
583 194.66 194.39600000000002 -0.0994545454545302 0 29978.0
584 194.31 194.432 -0.07581818181818471 0 29978.0
585 194.62 194.48200000000003 -0.018484848484843483 0 29978.0
586 194.54 194.55200000000002 0.023030303030303727 50 29978.0
587 194.325 194.49100000000004 0.02924242424242444 50 29967.25
588 194.53 194.465 0.028212121212131434 0 29977.5
589 194.64 194.531 0.01960606060606468 0 29977.5
590 194.38 194.483 0.006636363636379118 50 29977.5
591 194.48 194.471 -0.012999999999998126 0 29982.5
592 194.58 194.522 -0.0013636363636396506 0 29982.5
593 194.53 194.52200000000002 0.010151515151513912 0 29982.5
594 194.755 194.54500000000002 0.012181818181815377 0 29982.5
595 194.83 194.63500000000002 0.03357575757575119 0 29982.5
596 194.93 194.72500000000002 0.052545454545456914 0 29982.5
597 194.77 194.76300000000003 0.04372727272727945 0 29982.5
598 194.475 194.75200000000004 0.02709090909091248 50 29982.5
599 194.42 194.685 0.015454545454548736 50 29979.75
600 194.59 194.637 -0.0015757575757482747 50 29988.25
601 194.7 194.591 -0.00848484848484283 0 29993.75
602 194.71 194.579 -0.010848484848483038 0 29993.75
603 194.74 194.63200000000003 -0.01648484848484693 0 29993.75
604 195.07 194.76200000000003 0.008333333333331744 0 29993.75
605 194.97 194.83800000000002 0.028878787878782973 0 29993.75
606 195.02 194.90200000000004 0.05712121212121071 0 29993.75
607 194.53 194.86600000000004 0.04687878787879017 50 29993.75
608 194.43 194.804 0.014424242424247382 50 29988.75
609 194.74 194.73800000000003 -0.004242424242419976 0 30004.25
610 194.57 194.65800000000002 -0.024727272727266162 0 30004.25
611 194.34 194.522 -0.05018181818181414 0 30004.25
612 194.42 194.5 -0.06624242424242695 0 30004.25
613 194.49 194.51200000000003 -0.07296969696969863 0 30004.25
614 194.78 194.52000000000004 -0.03884848484848326 0 30004.25
615 194.9 194.586 -0.0013333333333301483 0 30004.25
616 194.81 194.68 0.035454545454546946 0 30004.25
617 194.83 194.76200000000003 0.04321212121212841 0 30004.25
618 195.05 194.87400000000002 0.052666666666673315 0 30004.25
619 194.87 194.892 0.06545454545455451 50 30004.25
620 195.15 194.94200000000004 0.08060606060606644 0 30018.25
621 195.34 195.04800000000003 0.08375757575757718 0 30018.25
622 195.45 195.17200000000003 0.08612121212121887 0 30018.25
623 195.38 195.238 0.07684848484848456 0 30018.25
624 195.51 195.366 0.08321212121212412 0 30018.25
625 195.57 195.45000000000002 0.09200000000001243 0 30018.25
626 195.69 195.52 0.09321212121212201 0 30018.25
627 195.65 195.56 0.08290909090908839 0 30018.25
628 195.77 195.638 0.08387878787879152 0 30018.25
629 195.935 195.723 0.07312121212122165 0 30018.25
630 195.78 195.76500000000001 0.05966666666668006 0 30018.25
631 195.92 195.811 0.05887878787878621 0 30018.25
632 195.94 195.86900000000003 0.05948484848484042 0 30018.25
633 195.71 195.85700000000003 0.03693939393939464 50 30018.25
634 195.65 195.8 0.015787878787872724 50 30015.25
635 195.65 195.774 -0.0030606060606004192 50 30015.25
636 195.55 195.70000000000002 -0.02033333333333391 50 30010.25
637 195.61 195.63400000000004 -0.03530303030301806 50 30013.25
638 195.73 195.63800000000003 -0.035242424242427475 0 30019.25
639 195.85 195.67800000000005 -0.01715151515150458 0 30019.25
640 195.73 195.69400000000002 -0.014909090909075606 0 30019.25
641 195.41 195.666 -0.020181818181815317 0 30019.25
642 195.12 195.568 -0.0337575757575785 0 30019.25
643 195.09 195.44 -0.05436363636362846 0 30019.25
644 195.14 195.298 -0.06872727272726858 0 30019.25
645 195.22 195.196 -0.07254545454545866 0 30019.25
646 195.21 195.156 -0.07836363636364232 0 30019.25
647 194.92 195.116 -0.0918787878787891 0 30019.25
648 194.78 195.05400000000003 -0.09666666666667753 0 30019.25
649 194.9 195.00600000000003 -0.07539393939394452 0 30019.25
650 194.56 194.87400000000002 -0.0691515151515039 0 30019.25
651 194.19 194.67 -0.09024242424242843 0 30019.25
652 194.36 194.55800000000002 -0.10660606060606871 0 30019.25
653 194.12 194.42600000000004 -0.12884848484847816 0 30019.25
654 194.31 194.30800000000002 -0.12563636363636566 0 30019.25
655 194.35 194.26600000000002 -0.10484848484848716 0 30019.25
656 194.49 194.32600000000002 -0.06654545454544643 0 30019.25
657 194.5 194.354 -0.03830303030302794 0 30019.25
658 194.58 194.446 -0.009939393939379176 0 30019.25
659 194.57 194.498 0.028303030303031683 0 30019.25
660 194.32 194.492 0.03424242424242814 50 30019.25
661 194.38 194.47 0.02169696969697244 50 30022.25
662 194.42 194.454 0.02036363636363169 50 30024.25
663 194.53 194.44400000000002 0.00830303030302893 0 30029.75
664 194.53 194.43600000000004 0.003939393939401458 0 30029.75
665 194.58 194.488 0.0023030303030352767 0 30029.75
666 194.79 194.57000000000002 0.018666666666667206 0 30029.75
667 194.88 194.662 0.036969696969691566 0 30029.75
668 194.76 194.708 0.04945454545455286 0 30029.75
669 194.75 194.752 0.058545454545463387 50 30029.75
670 194.66 194.76800000000003 0.04387878787879471 50 30025.25
671 194.67 194.744 0.029636363636367506 50 30025.75
672 194.61 194.69 0.011272727272728968 50 30022.75
673 194.68 194.674 0.0017575757575805891 0 30026.25
674 194.6 194.644 -0.013939393939388936 0 30026.25
675 194.61 194.634 -0.026606060606050155 0 30026.25
676 194.69 194.63800000000003 -0.021272727272734476 0 30026.25
677 194.84 194.68400000000003 -0.0005454545454483599 0 30026.25
678 194.87 194.72200000000004 0.014303030303035515 0 30026.25
679 195.04 194.81000000000003 0.03642424242424715 0 30026.25
680 195.04 194.89600000000002 0.04903030303030783 0 30026.25
681 195.09 194.97600000000003 0.060424242424247314 0 30026.25
682 195.12 195.032 0.06436363636364133 0 30026.25
683 195.085 195.075 0.06487878787878516 0 30026.25
684 195.2 195.107 0.061424242424240875 0 30026.25
685 195.025 195.10399999999998 0.041818181818197124 50 30026.25
686 195.03 195.09199999999998 0.022787878787875426 50 30026.5
687 194.99 195.06600000000003 0.007454545454551921 50 30024.5
688 194.91 195.031 -0.012060606060608636 50 30020.5
689 194.85 194.96099999999998 -0.02399999999999189 50 30017.5
690 194.97 194.95000000000002 -0.02709090909090436 0 30023.5
691 194.97 194.93800000000002 -0.026000000000000568 0 30023.5
692 194.905 194.921 -0.02499999999999577 0 30023.5
693 194.88 194.915 -0.025090909090904556 0 30023.5
694 194.83 194.911 -0.017757575757565397 0 30023.5
695 194.9 194.897 -0.013787878787877206 0 30023.5
696 194.79 194.86100000000002 -0.013969696969692108 0 30023.5
697 194.63 194.80599999999998 -0.022636363636363094 0 30023.5
698 194.405 194.711 -0.04454545454544856 0 30023.5
699 194.25 194.595 -0.0727878787878802 0 30023.5
700 194.36 194.48700000000002 -0.07975757575757798 0 30023.5
701 194.36 194.40100000000004 -0.07933333333331441 0 30023.5
702 194.47 194.36900000000003 -0.06984848484847159 0 30023.5
703 194.48 194.38400000000001 -0.056212121212127875 0 30023.5
704 194.57 194.44800000000004 -0.03615151515151275 0 30023.5
705 194.59 194.49400000000003 -0.0071818181818074645 0 30023.5
706 194.64 194.55 0.02093939393939434 0 30023.5
707 194.63 194.582 0.039666666666665365 0 30023.5
708 194.4 194.566 0.030848484848485163 50 30023.5
709 194.35 194.52200000000002 0.009030303030301794 50 30021.0
710 194.45 194.49400000000003 -0.0012121212121219862 50 30026.0
711 194.48 194.46200000000005 -0.01090909090908832 0 30027.5
712 194.62 194.46 -0.0070909090909047874 0 30027.5
713 194.51 194.48200000000003 -0.010424242424228842 0 30027.5
714 194.63 194.538 -0.0015757575757576814 0 30027.5
715 194.585 194.56500000000003 0.005424242424245786 0 30027.5
716 194.66 194.601 0.019909090909093038 0 30027.5
717 194.73 194.62300000000002 0.03730303030302629 0 30027.5
718 194.55 194.631 0.028333333333348934 50 30027.5
719 194.5 194.60500000000002 0.01148484848485731 50 30025.0
720 194.39 194.56600000000003 -0.006515151515147412 50 30019.5
721 194.23 194.48000000000002 -0.030515151515153584 50 30011.5
722 193.95 194.32399999999998 -0.057424242424236646 50 29997.5
723 193.95 194.204 -0.08354545454544451 50 29997.5
724 194.155 194.135 -0.0836969696969656 0 30007.75
725 194.14 194.085 -0.08190909090908702 0 30007.75
726 193.76 193.991 -0.09045454545454996 0 30007.75
727 193.85 193.97100000000003 -0.07851515151515046 0 30007.75
728 194.01 193.983 -0.05918181818181414 0 30007.75
729 193.95 193.942 -0.03990909090909245 0 30007.75
730 193.97 193.90800000000002 -0.020212121212122975 0 30007.75
731 194.1 193.976 0.0010000000000054434 0 30007.75
732 194 194.006 -0.0003333333333177776 0 30007.75
733 193.98 194.0 -0.0033636363636325318 0 30007.75
734 194.06 194.02200000000002 0.011272727272738427 0 30007.75
735 194.08 194.044 0.027151515151519978 0 30007.75
736 194.15 194.05400000000003 0.02224242424242835 0 30007.75
737 194.28 194.11 0.025696969696976962 0 30007.75
738 194.17 194.14800000000002 0.028606060606057422 0 30007.75
739 194.08 194.15200000000002 0.02066666666665922 50 30007.75
740 194.14 194.16400000000002 0.015757575757581438 50 30010.75
741 194.19 194.172 0.020181818181814252 0 30013.25
742 194.195 194.155 0.01712121212120676 0 30013.25
743 194.11 194.143 0.0057272727272693995 50 30013.25
744 194.12 194.151 -0.0013636363636305685 50 30013.75
745 194.06 194.13500000000002 -0.011121212121203518 50 30010.75
746 194.04 194.10500000000002 -0.01706060606060011 50 30009.75
747 194.03 194.07200000000003 -0.013545454545442754 50 30009.25
748 193.91 194.03200000000004 -0.020878787878792777 50 30003.25
749 193.88 193.98400000000004 -0.03269696969695577 50 30001.75
750 194.1 193.99200000000002 -0.02609090909089802 0 30012.75
751 194.17 194.018 -0.011848484848487714 0 30012.75
752 194.21 194.05400000000003 0.005151515151522095 0 30012.75
753 194.18 194.10800000000003 0.014666666666667305 0 30012.75
754 194.16 194.16400000000002 0.02290909090908799 50 30012.75
755 194.24 194.19200000000004 0.03103030303031011 0 30016.75
756 193.96 194.15000000000003 0.020363636363639515 50 30016.75
757 194.03 194.11400000000003 0.013818181818186807 50 30020.25
758 194.07 194.092 0.0014545454545532228 50 30022.25
759 194.16 194.092 -0.009939393939385418 0 30026.75
760 194.07 194.058 -0.014969696969698233 0 30026.75
761 194.09 194.084 -0.013878787878789487 0 30026.75
762 194.1 194.098 -0.00860606060605518 0 30026.75
763 194.09 194.102 -0.004545454545442237 0 30026.75
764 194.09 194.08800000000002 -0.0007272727272735971 0 30026.75
765 194.16 194.10600000000002 0.013090909090912577 0 30026.75
766 194.12 194.11200000000002 0.007030303030309233 0 30026.75
767 194.02 194.09600000000003 -0.0017575757575740412 0 30026.75
768 193.87 194.05200000000002 -0.015939393939384486 0 30026.75
769 193.78 193.99 -0.026606060606053923 0 30026.75
770 193.83 193.92400000000004 -0.03593939393940238 0 30026.75
771 193.88 193.87600000000003 -0.038303030303031345 0 30026.75
772 193.97 193.866 -0.03254545454545778 0 30026.75
773 193.93 193.87800000000001 -0.028060606060602827 0 30026.75
774 193.7 193.86200000000002 -0.03418181818182066 0 30026.75
775 193.61 193.818 -0.035818181818183546 0 30026.75
776 193.62 193.76600000000002 -0.03290909090908691 0 30026.75
777 193.73 193.71800000000005 -0.024606060606055382 0 30026.75
778 193.71 193.67400000000004 -0.023878787878786334 0 30026.75
779 193.81 193.69600000000003 -0.02175757575757237 0 30026.75
780 193.82 193.738 -0.016121212121208463 0 30026.75
781 193.97 193.80800000000002 0.0011515151515146193 0 30026.75
782 193.93 193.848 0.02115151515150869 0 30026.75
783 193.97 193.90000000000003 0.04115151515151405 0 30026.75
784 193.83 193.904 0.03769696969697599 50 30026.75
785 193.89 193.91800000000003 0.029939393939395965 50 30029.75
786 193.81 193.88600000000002 0.015090909090901817 50 30025.75
787 193.88 193.876 0.00909090909090259 0 30029.25
788 193.815 193.84500000000003 -0.003606060606050472 0 30029.25
789 193.85 193.84900000000002 -0.00899999999999654 0 30029.25
790 193.82 193.83500000000004 -0.01584848484848253 0 30029.25
791 193.83 193.83900000000006 -0.012151515151512351 0 30029.25
792 193.82 193.82700000000006 -0.009969696969697338 0 30029.25
793 193.91 193.84600000000003 0.001121212121214786 0 30029.25
794 194.13 193.90200000000002 0.015606060606064643 0 30029.25
795 194.2 193.978 0.0342727272727377 0 30029.25
796 194.08 194.02800000000002 0.037303030303042176 0 30029.25
797 194.03 194.07000000000002 0.039000000000004906 50 30029.25
798 194.09 194.10600000000002 0.037818181818187004 50 30032.25
799 194.02 194.08400000000003 0.031818181818177686 50 30028.75
800 193.98 194.04000000000002 0.01957575757575891 50 30026.75
801 194.01 194.026 0.007696969696983411 50 30028.25
802 194.03 194.026 -0.005939393939400852 0 30029.25
803 193.98 194.004 -0.018848484848474255 0 30029.25
804 193.9 193.98 -0.022303030303032958 0 30029.25
805 193.85 193.954 -0.021030303030301317 0 30029.25
806 193.8 193.91200000000003 -0.026242424242414297 0 30029.25
807 193.84 193.874 -0.029212121212112353 0 30029.25
808 193.81 193.84000000000003 -0.027515151515144217 0 30029.25
809 193.88 193.836 -0.023272727272728794 0 30029.25
810 193.8 193.82600000000002 -0.024363636363632007 0 30029.25
811 193.89 193.84400000000002 -0.016363636363625905 0 30029.25
812 193.99 193.87400000000002 -0.00012121212120903716 0 30029.25
813 194.07 193.926 0.017636363636363003 0 30029.25
814 194.02 193.954 0.026242424242426343 0 30029.25
815 194.06 194.006 0.032242424242425995 0 30029.25
816 194.125 194.053 0.03590909090909374 0 30029.25
817 194.02 194.059 0.032575757575758306 50 30029.25
818 194.12 194.06900000000002 0.030515151515156727 0 30034.25
819 194.05 194.07500000000002 0.025545454545458854 50 30034.25
820 194.06 194.07500000000002 0.013727272727280655 50 30034.75
821 194.14 194.07800000000003 0.009121212121219106 0 30038.75
822 194.155 194.10500000000002 0.008969696969714929 0 30038.75
823 194.1 194.101 0.009151515151510302 50 30038.75
824 194.12 194.11500000000004 0.00672727272727943 0 30039.75
825 194.12 194.12700000000004 0.005757575757567661 50 30039.75
826 194.05 194.10900000000004 0.004575757575768839 50 30036.25
827 194.01 194.08 -0.004878787878786797 50 30034.25
828 194.03 194.06600000000003 -0.0064545454545428226 50 30035.25
829 194.09 194.06000000000003 -0.008333333333324876 0 30038.25
830 194.14 194.06400000000002 -0.007303030303026697 0 30038.25
831 194.13 194.08 -0.0024545454545412456 0 30038.25
832 194.18 194.11400000000003 0.006242424242415616 0 30038.25
833 194.24 194.15600000000003 0.014242424242420944 0 30038.25
834 194.33 194.20400000000004 0.02678787878788144 0 30038.25
835 194.41 194.25800000000004 0.041151515151526874 0 30038.25
836 194.4 194.312 0.04678787878787874 0 30038.25
837 194.5 194.37600000000003 0.05096969696969266 0 30038.25
838 194.44 194.41600000000003 0.04727272727272618 0 30038.25
839 194.38 194.42600000000002 0.03933333333333315 50 30038.25
840 194.6 194.464 0.04321212121212203 0 30049.25
841 194.61 194.506 0.04139393939394584 0 30049.25
842 194.72 194.55 0.04309090909091226 0 30049.25
843 194.7 194.60200000000003 0.041151515151518867 0 30049.25
844 194.67 194.66 0.03800000000000191 0 30049.25
845 194.54 194.64800000000002 0.028969696969692788 50 30049.25
846 194.55 194.636 0.018242424242422624 50 30049.75
847 194.61 194.614 0.015636363636365277 50 30052.75
848 194.6 194.594 0.007151515151520335 0 30052.25
849 194.54 194.56800000000004 -0.010545454545456658 0 30052.25
850 194.36 194.53200000000004 -0.025333333333326706 0 30052.25
851 194.36 194.49400000000003 -0.036545454545450794 0 30052.25
852 194.44 194.46000000000004 -0.03303030303030228 0 30052.25
853 194.45 194.43 -0.026909090909091417 0 30052.25
854 194.48 194.418 -0.01812121212120816 0 30052.25
855 194.43 194.43200000000002 -0.018424242424239158 0 30052.25
856 194.385 194.437 -0.01918181818181199 0 30052.25
857 194.39 194.42700000000002 -0.013666666666655886 0 30052.25
858 194.35 194.40700000000004 -0.00833333333332488 0 30052.25
859 194.26 194.36300000000003 -0.008878787878783642 0 30052.25
860 194.41 194.359 -0.00984848484848322 0 30052.25
861 194.41 194.36400000000003 -0.011424242424247555 0 30052.25
862 194.42 194.37 -0.007727272727276982 0 30052.25
863 194.44 194.388 -0.002030303030305871 0 30052.25
864 194.46 194.428 0.006878787878796671 0 30052.25
865 194.39 194.42400000000004 0.008878787878795912 50 30052.25
866 194.27 194.39600000000004 0.0018181818181791046 50 30046.25
867 194.44 194.4 0.0057575757575825705 0 30054.75
868 194.36 194.38400000000004 0.0020606060606146634 50 30054.75
869 194.25 194.342 -0.01375757575756552 50 30049.25
870 194.32 194.32800000000003 -0.015636363636357783 50 30052.75
871 194.255 194.32500000000002 -0.019969696969695788 50 30049.5
872 194.26 194.28900000000002 -0.021484848484849866 50 30049.75
873 194.35 194.287 -0.014818181818176112 0 30054.25
874 194.26 194.28900000000002 -0.010636363636357985 0 30054.25
875 194.115 194.24800000000002 -0.016606060606051798 0 30054.25
876 194.2 194.23700000000002 -0.022606060606051633 0 30054.25
877 194.04 194.193 -0.025151515151514807 0 30054.25
878 193.94 194.11100000000002 -0.03363636363634969 0 30054.25
879 194.07 194.073 -0.03727272727273329 0 30054.25
880 194.02 194.054 -0.03678787878787306 0 30054.25
881 194.01 194.016 -0.0375454545454475 0 30054.25
882 194.03 194.014 -0.033909090909084845 0 30054.25
883 194.13 194.052 -0.016030303030302877 0 30054.25
884 194.15 194.068 -0.0003939393939367962 0 30054.25
885 194.05 194.074 0.0014545454545474544 50 30054.25
886 193.99 194.07000000000002 0.006484848484861049 50 30051.25
887 194.11 194.086 0.009939393939398728 0 30057.25
888 194.185 194.09700000000004 0.009969696969689825 0 30057.25
889 194.13 194.093 0.012696969696973603 0 30057.25
890 194.18 194.11900000000003 0.0140909090909192 0 30057.25
891 194.22 194.16500000000002 0.015060606060611683 0 30057.25
892 194.28 194.199 0.018090909090915572 0 30057.25
893 194.21 194.204 0.020939393939399302 0 30057.25
894 194.17 194.21200000000002 0.021969696969696875 50 30057.25
895 194.12 194.20000000000002 0.013363636363635238 50 30054.75
896 194.26 194.20800000000003 0.007545454545459635 0 30061.75
897 194.3 194.21200000000005 0.008636363636366915 0 30061.75
898 194.39 194.24800000000005 0.017333333333342426 0 30061.75
899 194.44 194.30200000000005 0.02260606060606767 0 30061.75
900 194.4 194.358 0.025272727272731766 0 30061.75
901 194.34 194.374 0.024666666666662066 50 30061.75
902 194.19 194.352 0.018424242424237947 50 30054.25
903 194.1 194.29399999999998 0.0036969696969793905 50 30049.75
904 194.12 194.23000000000002 -0.011272727272716138 50 30050.75
905 194.24 194.19800000000004 -0.02242424242423962 0 30056.75
906 194.37 194.204 -0.018606060606058072 0 30056.75
907 194.45 194.25600000000003 -0.009090909090905928 0 30056.75
908 194.48 194.33200000000005 0.006242424242424924 0 30056.75
909 194.64 194.436 0.032545454545449444 0 30056.75
910 194.53 194.49400000000003 0.04775757575757479 0 30056.75
911 194.64 194.548 0.06339393939393645 0 30056.75
912 194.72 194.60200000000003 0.06975757575757977 0 30056.75
913 194.59 194.62400000000002 0.056606060606054796 50 30056.75
914 194.69 194.63400000000001 0.044303030303028165 0 30061.75
915 194.75 194.678 0.0363636363636415 0 30061.75
916 194.83 194.716 0.035272727272720295 0 30061.75
917 194.74 194.72000000000003 0.02903030303031682 0 30061.75
918 194.74 194.75000000000003 0.021272727272729476 50 30061.75
919 194.71 194.75400000000002 0.019393939393947318 50 30060.25
920 194.82 194.76800000000003 0.015333333333330451 0 30065.75
921 194.74 194.75000000000003 0.010727272727272155 50 30065.75
922 194.55 194.71200000000002 -0.00012121212120887247 50 30056.25
923 194.57 194.678 -0.016484848484863736 50 30057.25
924 194.74 194.684 -0.016666666666674178 0 30065.75
925 194.69 194.65800000000002 -0.016181818181819085 0 30065.75
926 194.77 194.66400000000004 -0.005272727272732746 0 30065.75
927 194.83 194.72000000000003 0.003636363636367922 0 30065.75
928 194.77 194.76000000000005 0.008181818181826438 0 30065.75
929 194.85 194.782 0.014727272727262139 0 30065.75
930 194.79 194.80200000000002 0.023636363636359625 50 30065.75
931 194.79 194.80200000000002 0.023636363636359625 50 30065.75
932 195.05 194.858 0.0417575757575789 0 30078.75
933 195.14 194.92 0.048363636363644325 0 30078.75
934 194.99 194.964 0.04096969696969985 0 30078.75
935 195.02 194.99800000000005 0.04145454545454722 0 30078.75
936 194.97 195.03400000000002 0.03248484848485831 50 30078.75
937 194.85 194.994 0.018909090909095018 50 30072.75
938 194.82 194.93 0.009454545454557086 50 30071.25
939 194.935 194.919 -0.0030606060606059313 0 30077.0
940 194.9 194.89499999999998 -0.011424242424241912 0 30077.0
941 194.93 194.887 -0.022757575757568992 0 30077.0
942 194.95 194.907 -0.017363636363639377 0 30077.0
943 194.82 194.907 -0.011848484848481104 0 30077.0
944 194.91 194.90200000000002 -0.007545454545458458 0 30077.0
945 194.9 194.902 -0.0008181818181773973 0 30077.0
946 194.93 194.902 0.005666666666668506 0 30077.0
947 195.09 194.93 0.013363636363639785 0 30077.0
948 195.08 194.98200000000003 0.015606060606058195 0 30077.0
949 195.04 195.008 0.020181818181825913 0 30077.0
950 194.92 195.01200000000003 0.014606060606062184 50 30077.0
951 194.83 194.99200000000002 0.0058787878787899634 50 30072.5
952 194.8 194.93400000000003 -0.00193939393939185 50 30071.0
953 194.84 194.88600000000002 -0.014424242424227582 50 30073.0
954 194.835 194.84500000000006 -0.021424242424244313 50 30072.75
955 194.89 194.83900000000003 -0.02518181818181943 0 30075.5
956 194.85 194.84300000000002 -0.028999999999992948 0 30075.5
957 194.81 194.84500000000003 -0.023363636363634307 0 30075.5
958 194.81 194.84500000000003 -0.023363636363634307 0 30075.5
959 194.81 194.839 -0.014999999999993595 0 30075.5
