time-hour stock-price avg-price-5-min regression coef number-of-stocks portfolio-value 570 192.83 192.808 -0.0013999999999962367 0 30000.0
571 192.9 192.824 0.0030000000000021208 0 30000.0
572 192.3 192.72000000000003 -0.018199999999998245 0 30000.0
573 192.29 192.61 -0.028200000000001765 0 30000.0
574 192.89 192.64200000000002 -0.009800000000003134 0 30000.0
575 193.1 192.69600000000003 0.019799999999999523 0 30000.0
576 193.22 192.76000000000002 0.053000000000002497 0 30000.0
577 193.3 192.96 0.04700000000000016 0 30000.0
578 193.46 193.19400000000002 0.026800000000000906 0 30000.0
579 193.27 193.27 0.011600000000001325 0 30000.0
580 193.79 193.40800000000002 0.02219999999999827 0 30000.0
581 194 193.56400000000002 0.034599999999999694 0 30000.0
582 193.85 193.67400000000004 0.030199999999999866 0 30000.0
583 193.73 193.72800000000004 0.019600000000000232 0 30000.0
584 193.88 193.85000000000002 -0.0018000000000034599 0 30000.0
585 194.03 193.89800000000002 0.0017999999999975247 0 30000.0
586 193.75 193.848 0.0020000000000004324 25 30000.0
587 193.92 193.862 0.005000000000005042 0 30004.25
588 194.18 193.95200000000003 0.00980000000000202 0 30004.25
589 194.16 194.008 0.013800000000000525 0 30004.25
590 194.21 194.044 0.02320000000000237 0 30004.25
591 194.12 194.11800000000002 0.008599999999999053 0 30004.25
592 194.17 194.16800000000003 -0.0011999999999975448 0 30004.25
593 194.44 194.22000000000003 0.010400000000008182 0 30004.25
594 194.51 194.29000000000002 0.018400000000000895 0 30004.25
595 194.74 194.39600000000004 0.03160000000000015 0 30004.25
596 194.56 194.484 0.021599999999997843 0 30004.25
597 194.59 194.56800000000004 0.007000000000004868 0 30004.25
598 194.53 194.586 -0.002200000000001808 0 30004.25
599 194.62 194.60800000000003 -0.005400000000000016 0 30004.25
600 194.58 194.57600000000002 0.0013999999999958416 0 30004.25
601 194.74 194.61200000000002 0.00700000000000134 0 30004.25
602 194.6 194.61400000000003 0.005199999999997091 25 30004.25
603 194.43 194.59400000000002 -0.007199999999998394 25 30000.0
604 194.54 194.57800000000003 -0.007800000000001082 25 30002.75
605 194.53 194.56800000000004 -0.009600000000000742 25 30002.5
606 194.62 194.544 0.0027999999999977093 0 30004.75
607 194.61 194.54600000000002 0.008800000000003813 0 30004.75
608 194.65 194.59000000000003 0.00600000000000424 0 30004.75
609 194.59 194.60000000000002 0.0029999999999957548 25 30004.75
610 194.39 194.572 -0.009600000000003776 25 29999.75
611 194.41 194.53000000000003 -0.013200000000004684 25 30000.25
612 194.34 194.476 -0.015999999999999036 25 29998.5
613 194.3 194.40600000000003 -0.012599999999998479 25 29997.5
614 194.36 194.36000000000004 -0.003399999999998984 25 29999.0
615 194.33 194.34800000000004 -0.002799999999996326 25 29998.25
616 194.29 194.32400000000004 -0.0013999999999994499 25 29997.25
617 194.17 194.29000000000002 -0.006599999999998881 25 29994.25
618 194.27 194.28400000000002 -0.00679999999999463 25 29996.75
619 194.31 194.27400000000003 -0.0012000000000006552 0 29997.75
620 194.32 194.27200000000002 0.004000000000000863 0 29997.75
621 194.25 194.264 0.00419999999999905 25 29997.75
622 194.4 194.31 0.003999999999998779 0 30001.5
623 194.435 194.343 0.00659999999999691 0 30001.5
624 194.52 194.385 0.011699999999998443 0 30001.5
625 194.48 194.41700000000003 0.011600000000003611 0 30001.5
626 194.44 194.455 0.0025000000000025744 25 30001.5
627 194.44 194.463 -0.0014000000000026053 25 30001.5
628 194.66 194.50800000000004 0.004800000000003388 0 30007.0
629 194.54 194.512 0.00680000000000147 0 30007.0
630 194.52 194.52 0.0051999999999975954 0 30007.0
631 194.56 194.544 0.002000000000003059 0 30007.0
632 194.59 194.574 -0.0024000000000032173 0 30007.0
633 194.74 194.59000000000003 0.009400000000003541 0 30007.0
634 194.78 194.63800000000003 0.013999999999998236 0 30007.0
635 194.82 194.69800000000004 0.01419999999999832 0 30007.0
636 194.695 194.725 0.00579999999999959 25 30007.0
637 194.835 194.77400000000003 0.0020999999999975687 0 30010.5
638 194.84 194.79400000000004 0.002699999999997224 0 30010.5
639 194.78 194.79400000000004 0.0013000000000033143 25 30010.5
640 194.89 194.80800000000002 0.006699999999999492 0 30013.25
641 194.91 194.851 0.0040000000000015275 0 30013.25
642 194.73 194.83 -0.0018000000000066715 0 30013.25
643 194.66 194.79399999999998 -0.007999999999998973 0 30013.25
644 194.71 194.78000000000003 -0.012199999999999787 0 30013.25
645 194.58 194.71800000000002 -0.013599999999998393 0 30013.25
646 194.7 194.67600000000002 -0.002800000000001017 0 30013.25
647 194.66 194.66200000000003 -0.00020000000000362482 0 30013.25
648 194.72 194.67400000000004 0.0019999999999979886 0 30013.25
649 194.59 194.65 0.0008000000000004718 25 30013.25
650 194.64 194.662 -0.0038000000000039023 25 30014.5
651 194.7 194.662 -1.71663426107351e-16 0 30016.0
652 194.735 194.67700000000002 0.0027999999999977483 0 30016.0
653 194.75 194.683 0.008299999999996895 0 30016.0
654 194.68 194.701 0.0026000000000053042 25 30016.0
655 194.65 194.70300000000003 -0.003099999999998455 25 30015.25
656 194.71 194.70500000000004 -0.0030000000000017625 0 30016.75
657 194.55 194.66800000000003 -0.007400000000002071 0 30016.75
658 194.63 194.644 -0.003999999999999687 0 30016.75
659 194.65 194.63800000000003 -0.0015999999999952946 0 30016.75
660 194.59 194.62600000000003 -0.0027999999999956493 0 30016.75
661 194.58 194.60000000000002 0.0004000000000004043 25 30016.75
662 194.65 194.62000000000003 -0.0005999999999947097 0 30018.5
663 194.67 194.62800000000001 0.0019999999999970037 0 30018.5
664 194.63 194.62400000000002 0.003399999999996705 0 30018.5
665 194.555 194.61700000000002 -0.001400000000004728 0 30018.5
666 194.44 194.58900000000003 -0.010700000000002652 0 30018.5
667 194.51 194.56099999999998 -0.010200000000000839 0 30018.5
668 194.53 194.53300000000002 -0.004899999999995951 0 30018.5
669 194.55 194.51700000000002 0.0016000000000039867 0 30018.5
670 194.57 194.52000000000004 0.005999999999999912 0 30018.5
671 194.59 194.55 0.003999999999999062 0 30018.5
672 194.57 194.562 0.0023999999999992578 0 30018.5
673 194.48 194.55200000000002 -0.002800000000001735 0 30018.5
674 194.54 194.55 -0.0034000000000016747 0 30018.5
675 194.57 194.55 -0.0014000000000023122 0 30018.5
676 194.51 194.534 -0.0006000000000037066 0 30018.5
677 194.55 194.53 0.002200000000000327 0 30018.5
678 194.56 194.54600000000002 0.0003999999999989435 0 30018.5
679 194.43 194.524 -0.004600000000000666 0 30018.5
680 194.44 194.49800000000002 -0.0051999999999998835 0 30018.5
681 194.49 194.494 -0.004799999999998006 0 30018.5
682 194.455 194.47500000000002 -0.0029999999999981803 0 30018.5
683 194.38 194.439 -0.0016999999999957654 0 30018.5
684 194.17 194.387 -0.012999999999999666 0 30018.5
685 194.17 194.33300000000003 -0.018499999999996086 0 30018.5
686 194.165 194.268 -0.01580000000000095 0 30018.5
687 194.08 194.193 -0.0120999999999994 0 30018.5
688 194.15 194.14700000000002 -0.002600000000000674 0 30018.5
689 194.15 194.14300000000003 -0.0010999999999980893 0 30018.5
690 194.275 194.16400000000004 0.00580000000000259 0 30018.5
691 194.24 194.17900000000003 0.008900000000001379 0 30018.5
692 194.35 194.23300000000003 0.009799999999999415 0 30018.5
693 194.29 194.26100000000002 0.007099999999997264 0 30018.5
694 194.31 194.293 0.002399999999997622 0 30018.5
695 194.28 194.294 0.0007999999999978649 25 30018.5
696 194.29 194.304 -0.0026000000000039967 25 30018.75
697 194.33 194.3 0.0012000000000000571 0 30019.75
698 194.28 194.298 -0.00020000000000371706 0 30019.75
699 194.265 194.28900000000002 -0.000800000000000497 0 30019.75
700 194.35 194.30300000000003 0.0011000000000022832 0 30019.75
701 194.4 194.32500000000002 0.004199999999998474 0 30019.75
702 194.41 194.341 0.00789999999999768 0 30019.75
703 194.32 194.34900000000002 0.003400000000001815 25 30019.75
704 194.365 194.36900000000003 -0.0009999999999994232 25 30020.875
705 194.36 194.37100000000004 -0.002500000000003646 25 30020.75
706 194.38 194.36700000000002 -0.0004000000000037186 0 30021.25
707 194.43 194.371 0.004700000000002261 0 30021.25
708 194.435 194.394 0.0042000000000002894 0 30021.25
709 194.47 194.41500000000002 0.005500000000000371 0 30021.25
710 194.38 194.419 0.0008000000000026157 25 30021.25
711 194.33 194.40900000000002 -0.0050999999999945395 25 30020.0
712 194.27 194.37700000000004 -0.00939999999999863 25 30018.5
713 194.11 194.31200000000004 -0.016600000000004875 25 30014.5
714 194.16 194.25000000000003 -0.01320000000000368 25 30015.75
715 194.105 194.19500000000002 -0.011200000000004342 25 30014.375
716 194.09 194.14700000000002 -0.007299999999999227 25 30014.0
717 194.095 194.11200000000002 -0.002000000000002001 25 30014.125
718 194.13 194.116 -0.0013999999999978298 0 30015.0
719 194.13 194.11 0.0018000000000008166 0 30015.0
720 194.2 194.129 0.005100000000003132 0 30015.0
721 194.25 194.161 0.007600000000002574 0 30015.0
722 194.1 194.162 0.001199999999997383 25 30015.0
723 194.1 194.162 0.001199999999997383 50 30015.0
724 194.075 194.15099999999998 -0.004200000000001631 50 30013.75
725 194.05 194.135 -0.009499999999999207 50 30012.5
726 194.03 194.10100000000003 -0.009799999999997587 50 30011.5
727 193.95 194.041 -0.006899999999998395 50 30007.5
728 193.94 194.00900000000001 -0.007400000000002191 50 30007.0
729 194 193.99400000000003 -0.0038000000000008656 0 30010.0
730 194.06 193.99600000000004 0.0021999999999994897 0 30010.0
731 194.1 194.01000000000002 0.008400000000000345 0 30010.0
732 194.13 194.046 0.009600000000000376 0 30010.0
733 194.19 194.096 0.008999999999999979 0 30010.0
734 194.2 194.136 0.007399999999996371 0 30010.0
735 194.15 194.15400000000002 0.003400000000000681 25 30010.0
736 194.14 194.162 -0.00040000000000065726 25 30009.75
737 194.2 194.17600000000002 -0.0008000000000007015 0 30011.25
738 194.16 194.17000000000002 -0.0006000000000022795 0 30011.25
739 194.14 194.15800000000002 -9.762343545305764e-16 0 30011.25
740 194.06 194.14000000000001 -0.004400000000000973 0 30011.25
741 194.09 194.13000000000002 -0.0063999999999974945 0 30011.25
742 194.07 194.104 -0.004599999999998389 0 30011.25
743 194.05 194.08200000000002 -0.0034000000000016925 0 30011.25
744 194.1 194.074 0.000799999999995055 0 30011.25
745 194.06 194.074 -0.0005999999999991355 0 30011.25
746 194.03 194.062 -0.0013999999999988937 0 30011.25
747 193.96 194.04000000000002 -0.004999999999996928 0 30011.25
748 194.02 194.03400000000002 -0.0052000000000000605 0 30011.25
749 194.07 194.028 0.00019999999999780155 0 30011.25
750 194.07 194.03 0.003800000000000279 0 30011.25
751 194.06 194.036 0.005000000000000277 0 30011.25
752 194.15 194.074 0.005000000000000108 0 30011.25
753 194.18 194.10600000000002 0.006000000000002709 0 30011.25
754 194.17 194.12600000000003 0.006400000000001388 0 30011.25
755 194.24 194.16000000000003 0.007600000000000856 0 30011.25
756 194.19 194.186 0.002800000000005242 0 30011.25
757 194.25 194.20600000000002 0.0031999999999982893 0 30011.25
758 194.24 194.21800000000002 0.003000000000004734 0 30011.25
759 194.29 194.24200000000002 0.003000000000001652 0 30011.25
760 194.24 194.24200000000002 0.00280000000000147 25 30011.25
761 194.295 194.26300000000003 0.0018000000000014847 0 30012.625
762 194.26 194.26500000000004 0.0008999999999986019 25 30012.625
763 194.28 194.27300000000002 -4.7658205577448286e-15 0 30013.125
764 194.275 194.27000000000004 0.0010999999999983798 0 30013.125
765 194.25 194.27200000000002 -0.0015000000000029974 0 30013.125
766 194.18 194.24900000000002 -0.003799999999999666 0 30013.125
767 194.25 194.247 -0.003099999999999278 0 30013.125
768 194.24 194.23900000000003 -0.0013999999999957918 0 30013.125
769 194.24 194.23200000000003 0.000800000000002635 0 30013.125
770 194.31 194.24400000000003 0.005000000000000011 0 30013.125
771 194.24 194.25600000000003 0.0009999999999979348 25 30013.125
772 194.18 194.24200000000005 -0.0024000000000023642 25 30011.625
773 194.18 194.23000000000005 -0.005000000000003732 25 30011.625
774 194.13 194.20800000000003 -0.008400000000003946 25 30010.375
775 194.12 194.17000000000002 -0.005800000000004594 25 30010.125
776 194.14 194.15000000000003 -0.002800000000000537 25 30010.625
777 194.14 194.14200000000002 -0.0014000000000010736 25 30010.625
778 194.14 194.13400000000001 0.0008000000000022245 0 30010.625
779 194.23 194.15400000000002 0.0044000000000010975 0 30010.625
780 194.15 194.16000000000003 0.0022000000000013975 25 30010.625
781 194.25 194.18200000000002 0.004599999999998436 0 30013.125
782 194.28 194.21 0.00599999999999677 0 30013.125
783 194.3 194.24200000000002 0.005400000000001611 0 30013.125
784 194.25 194.246 0.004999999999996578 0 30013.125
785 194.14 194.244 -0.005000000000000703 0 30013.125
786 194.17 194.228 -0.007599999999998361 0 30013.125
787 194.185 194.209 -0.006199999999998897 0 30013.125
788 194.23 194.195 9.999999999782236e-05 0 30013.125
789 194.18 194.18100000000004 0.0028000000000004102 25 30013.125
790 194.2 194.193 0.0010999999999977235 0 30013.625
791 194.2 194.199 -2.9065935177960768e-15 0 30013.625
792 194.305 194.223 0.003400000000002894 0 30013.625
793 194.25 194.227 0.004900000000000205 0 30013.625
794 194.33 194.25700000000003 0.006200000000000566 0 30013.625
795 194.33 194.28300000000004 0.005700000000001508 0 30013.625
796 194.33 194.30900000000005 0.0026000000000019107 0 30013.625
797 194.32 194.31200000000004 0.0027999999999977375 0 30013.625
798 194.34 194.33 0.000200000000001425 0 30013.625
799 194.29 194.32200000000003 -0.0014000000000014851 0 30013.625
800 194.32 194.32000000000002 -0.0010000000000019657 0 30013.625
801 194.3 194.31400000000002 -0.0011999999999968724 0 30013.625
802 194.25 194.3 -0.003399999999999563 0 30013.625
803 194.28 194.288 -0.001800000000005788 0 30013.625
804 194.28 194.286 -0.001999999999997863 0 30013.625
805 194.22 194.266 -0.002599999999998196 0 30013.625
806 194.22 194.25 -0.0023999999999981723 0 30013.625
807 194.2 194.24 -0.004399999999997684 0 30013.625
808 194.2 194.22400000000002 -0.003600000000000037 0 30013.625
809 194.2 194.22400000000002 -0.003600000000000037 0 30013.625
810 194.245 194.21699999999998 0.0005999999999999009 0 30013.625
811 194.22 194.21699999999998 0.000900000000000653 0 30013.625
812 194.33 194.23900000000003 0.005599999999996404 0 30013.625
813 194.29 194.25700000000003 0.00529999999999948 0 30013.625
814 194.29 194.27500000000003 0.0032000000000033764 0 30013.625
815 194.27 194.28000000000003 0.0011999999999979091 25 30013.625
816 194.31 194.29800000000003 -0.0012000000000011435 0 30014.625
817 194.34 194.3 0.0024000000000016144 0 30014.625
818 194.34 194.31 0.0033999999999967615 0 30014.625
819 194.42 194.336 0.006599999999998947 0 30014.625
820 194.47 194.37600000000003 0.008000000000001032 0 30014.625
821 194.52 194.418 0.00979999999999589 0 30014.625
822 194.59 194.46800000000002 0.012000000000003315 0 30014.625
823 194.52 194.50400000000002 0.0064000000000018695 0 30014.625
824 194.5 194.52 0.001200000000004222 25 30014.625
825 194.51 194.52800000000002 -0.0022000000000000717 25 30014.875
826 194.5 194.52400000000003 -0.003800000000002347 25 30014.625
827 194.53 194.512 0.0003999999999999113 0 30015.375
828 194.48 194.50400000000002 -0.00039999999999972523 0 30015.375
829 194.47 194.49800000000002 -0.0020000000000022357 0 30015.375
830 194.52 194.5 -0.0003999999999990051 0 30015.375
831 194.48 194.49600000000004 -0.0012000000000037554 0 30015.375
832 194.48 194.48600000000005 0.0001999999999994212 25 30015.375
833 194.49 194.488 -1.7161584165477358e-15 0 30015.625
834 194.54 194.502 0.000999999999999698 0 30015.625
835 194.59 194.51600000000002 0.005600000000002348 0 30015.625
836 194.6 194.54000000000002 0.0068000000000033 0 30015.625
837 194.575 194.559 0.004599999999996287 0 30015.625
838 194.61 194.583 0.002499999999999582 0 30015.625
839 194.6 194.59500000000003 0.0006000000000005454 0 30015.625
840 194.64 194.60500000000002 0.0020999999999980977 0 30015.625
841 194.75 194.635 0.007600000000003627 0 30015.625
842 194.73 194.66600000000003 0.007799999999994973 0 30015.625
843 194.74 194.692 0.007400000000000995 0 30015.625
844 194.7 194.712 0.0021999999999997542 25 30015.625
845 194.7 194.724 -0.0026000000000004084 25 30015.625
846 194.66 194.70600000000002 -0.0036000000000068516 25 30014.625
847 194.63 194.68599999999998 -0.005199999999998978 25 30013.875
848 194.59 194.656 -0.005799999999996519 25 30012.875
849 194.59 194.63400000000001 -0.005799999999994556 25 30012.875
850 194.46 194.586 -0.008800000000000347 25 30009.625
851 194.45 194.54400000000004 -0.009800000000000832 25 30009.375
852 194.47 194.512 -0.007599999999998449 25 30009.875
853 194.445 194.483 -0.005599999999996723 25 30009.25
854 194.47 194.45900000000003 0.0003000000000002771 0 30009.875
855 194.47 194.461 0.0008000000000024045 0 30009.875
856 194.49 194.46900000000002 0.0012999999999963824 0 30009.875
857 194.51 194.47700000000003 0.0029999999999993014 0 30009.875
858 194.5 194.48800000000003 0.0020000000000011983 0 30009.875
859 194.47 194.488 0.00020000000000049828 25 30009.875
860 194.44 194.48200000000003 -0.002799999999997161 25 30009.125
861 194.39 194.462 -0.006000000000000509 25 30007.875
862 194.445 194.449 -0.0038000000000023232 25 30009.25
863 194.41 194.431 -0.0023000000000012494 25 30008.375
864 194.4 194.417 -0.001200000000002334 25 30008.125
865 194.37 194.403 -0.0016999999999992622 25 30007.375
866 194.34 194.393 -0.004999999999996673 25 30006.625
867 194.35 194.374 -0.0035999999999954103 25 30006.875
868 194.3 194.35200000000003 -0.004399999999998241 25 30005.625
869 194.28 194.328 -0.0043999999999992725 25 30005.125
870 194.34 194.322 -0.0014000000000014851 0 30006.625
871 194.36 194.32600000000002 0.0011999999999990102 0 30006.625
872 194.36 194.32800000000003 0.0040000000000043594 0 30006.625
873 194.39 194.346 0.00480000000000188 0 30006.625
874 194.38 194.366 0.0022000000000015744 0 30006.625
875 194.41 194.38000000000002 0.002400000000002028 0 30006.625
876 194.42 194.392 0.002799999999999109 0 30006.625
877 194.45 194.41000000000003 0.003199999999997786 0 30006.625
878 194.44 194.42000000000002 0.003200000000000181 0 30006.625
879 194.455 194.435 0.002200000000000913 0 30006.625
880 194.45 194.44299999999998 0.0012999999999945549 0 30006.625
881 194.4 194.43900000000002 -0.0017999999999987648 0 30006.625
882 194.43 194.435 -0.0015000000000043282 0 30006.625
883 194.405 194.428 -0.0024000000000046155 0 30006.625
884 194.425 194.42200000000003 -0.0009000000000006309 0 30006.625
885 194.32 194.39600000000002 -0.0033000000000005013 0 30006.625
886 194.325 194.38100000000003 -0.005900000000002749 0 30006.625
887 194.31 194.357 -0.005799999999999262 0 30006.625
888 194.26 194.328 -0.006800000000000189 0 30006.625
889 194.25 194.293 -0.00409999999999572 0 30006.625
890 194.195 194.268 -0.006400000000002369 0 30006.625
891 194.25 194.253 -0.0037000000000016156 0 30006.625
892 194.21 194.233 -0.0019999999999973242 0 30006.625
893 194.22 194.225 -0.0008999999999990098 0 30006.625
894 194.18 194.211 -0.0012000000000018335 0 30006.625
895 194.18 194.20800000000003 -0.0033999999999968582 0 30006.625
896 194.23 194.20400000000004 2.9991325262138584e-15 0 30006.625
897 194.24 194.21000000000004 0.0017999999999995463 0 30006.625
898 194.26 194.21800000000002 0.004400000000001915 0 30006.625
899 194.21 194.22400000000005 0.0018000000000020148 25 30006.625
900 194.21 194.22400000000005 0.0018000000000020148 50 30006.625
901 194.06 194.20000000000005 -0.007400000000000569 50 29999.125
902 194.15 194.18400000000005 -0.007600000000000349 50 30003.625
903 194.07 194.15000000000003 -0.008799999999996545 50 29999.625
904 194.14 194.126 -0.0025999999999990727 0 30003.125
905 194.24 194.13200000000003 0.006999999999998808 0 30003.125
906 194.23 194.16600000000003 0.006600000000002992 0 30003.125
907 194.245 194.185 0.00879999999999626 0 30003.125
908 194.24 194.21900000000005 0.004099999999999331 0 30003.125
909 194.25 194.241 0.0005999999999986188 0 30003.125
910 194.28 194.249 0.0020999999999968457 0 30003.125
911 194.42 194.28699999999998 0.007800000000000439 0 30003.125
912 194.41 194.32 0.010200000000001031 0 30003.125
913 194.39 194.35000000000002 0.008199999999999505 0 30003.125
914 194.32 194.364 0.0010000000000002954 25 30003.125
915 194.38 194.38400000000001 -0.0033999999999980695 25 30004.625
916 194.43 194.386 0.0006000000000012882 0 30005.875
917 194.395 194.38300000000004 0.0024000000000016695 0 30005.875
918 194.37 194.379 0.002299999999997145 25 30005.875
919 194.34 194.383 -0.0028000000000044777 25 30005.125
920 194.37 194.381 -0.003499999999999519 25 30005.875
921 194.305 194.356 -0.0036000000000021137 25 30004.25
922 194.37 194.35100000000003 -0.0007000000000039032 0 30005.875
923 194.37 194.351 0.0011999999999983248 0 30005.875
924 194.39 194.361 0.0021000000000005667 0 30005.875
925 194.4 194.36700000000002 0.004199999999996463 0 30005.875
926 194.48 194.402 0.005000000000002801 0 30005.875
927 194.44 194.41600000000003 0.00459999999999785 0 30005.875
928 194.39 194.42000000000002 0.0008000000000024186 25 30005.875
929 194.39 194.42000000000002 -0.0021999999999966833 25 30005.875
930 194.19 194.37800000000001 -0.012600000000000704 25 30000.875
931 194.26 194.334 -0.011200000000001467 25 30002.625
932 194.26 194.298 -0.007799999999998442 25 30002.625
933 194.32 194.28400000000002 -0.0013999999999991196 0 30004.125
934 194.22 194.25 0.0024000000000003914 25 30004.125
935 194.13 194.238 -0.0060000000000017565 25 30001.875
936 194.17 194.22 -0.007400000000002254 25 30002.875
937 194.12 194.192 -0.008999999999998573 25 30001.625
938 194.07 194.142 -0.006200000000000595 25 30000.375
939 193.9 194.078 -0.011200000000004784 25 29996.125
940 193.95 194.042 -0.013199999999999464 25 29997.375
941 193.97 194.002 -0.00840000000000508 25 29997.875
942 193.99 193.976 -0.0017999999999995838 0 29998.375
943 194.01 193.964 0.005199999999997763 0 29998.375
944 193.95 193.974 0.0007999999999960449 25 29998.375
945 193.97 193.978 -0.0008000000000010802 25 29998.875
946 193.92 193.968 -0.0035999999999978853 25 29997.625
947 193.82 193.934 -0.00820000000000037 25 29995.125
948 193.88 193.90800000000002 -0.005799999999998686 25 29996.625
949 193.775 193.87300000000002 -0.00859999999999768 25 29994.0
950 193.64 193.80700000000002 -0.012100000000004352 25 29990.625
951 193.75 193.77300000000002 -0.007600000000000222 25 29993.375
952 193.77 193.76300000000003 -0.004899999999995876 0 29993.875
953 193.77 193.76300000000003 -0.004899999999995876 0 29993.875
954 193.77 193.74100000000004 0.0024000000000003875 0 29993.875
955 193.83 193.752 0.007999999999999187 0 29993.875
956 193.79 193.782 0.0027999999999996153 0 29993.875
957 193.69 193.77 -0.002800000000000342 0 29993.875
958 193.68 193.752 -0.006400000000001575 0 29993.875
959 193.94 193.786 0.002199999999999355 0 29993.875
