time-hour stock-price avg-price-5-min regression-coef number-of-stocks portfolio-value 570 193.77 194.62600000000003 -0.06275757575756477 50 30000.0
571 194.02 194.45200000000003 -0.08948484848484693 0 30012.5
572 194.21 194.32400000000004 -0.10093939393938296 0 30012.5
573 194.32 194.22600000000003 -0.10087878787878372 0 30012.5
574 194.28 194.12 -0.09451515151514475 0 30012.5
575 194.4 194.246 -0.07515151515150664 0 30012.5
576 194.33 194.30800000000002 -0.0506666666666638 0 30012.5
577 194.64 194.394 -0.0051515151515176515 0 30012.5
578 194.65 194.46 0.0407878787878828 50 30012.5
579 194.39 194.48200000000003 0.07448484848485475 50 29999.5
580 194.39 194.48000000000002 0.043939393939393875 50 29999.5
581 194.61 194.536 0.03454545454545084 100 30010.5
582 194.605 194.529 0.03039393939394214 150 30010.0
583 194.46 194.49099999999999 0.020878787878791494 150 29988.25
584 194.4 194.493 0.0037272727272730233 200 29979.25
585 194.44 194.50300000000001 -0.004696969696969463 250 29987.25
586 194.64 194.50900000000001 -0.007363636363639161 0 30037.25
587 194.26 194.44000000000003 -0.013848484848481337 50 30037.25
588 194.58 194.464 0.00239393939393564 0 30053.25
589 194.43 194.47 -0.0060303030302937865 50 30053.25
590 194.7 194.522 -0.00021212121213061742 0 30066.75
591 194.79 194.552 0.021424242424247397 50 30066.75
592 194.86 194.672 0.04436363636363806 100 30070.25
593 194.74 194.704 0.048000000000010375 150 30058.25
594 194.71 194.76000000000002 0.04260606060605372 150 30053.75
595 194.61 194.74200000000002 0.03066666666666121 150 30038.750000000004
596 194.79 194.74200000000002 0.03981818181819012 200 30065.75
597 194.94 194.758 0.030000000000002698 250 30095.75
598 194.77 194.764 0.02399999999998961 300 30053.25
599 195.16 194.854 0.026969696969696234 350 30170.25
600 195.05 194.942 0.033090909090910114 400 30131.75
601 195.13 195.01000000000005 0.04533333333333309 450 30163.75
602 195.08 195.038 0.05539393939393597 500 30141.25
603 195.05 195.094 0.05315151515151099 500 30126.25
604 195.04 195.07000000000002 0.04460606060606152 500 30121.25
605 194.88 195.036 0.01666666666666174 500 30041.25
606 194.84 194.978 -0.004727272727263348 550 30021.25
607 194.78 194.918 -0.019999999999991264 600 29988.25
608 194.79 194.866 -0.04412121212120319 650 29994.25
609 194.73 194.804 -0.04575757575756528 700 29955.25
610 194.9 194.808 -0.040242424242420756 0 30074.25
611 194.86 194.812 -0.02975757575757173 0 30074.25
612 194.75 194.80599999999998 -0.025333333333324094 50 30074.25
613 194.6 194.76800000000003 -0.027090909090910685 50 30066.75
614 194.66 194.75400000000002 -0.020787878787877922 50 30069.75
615 194.59 194.692 -0.02436363636363085 50 30066.25
616 194.71 194.66200000000003 -0.0205454545454422 0 30072.25
617 194.66 194.644 -0.021878787878788702 0 30072.25
618 194.795 194.68300000000002 -0.013727272727264034 0 30072.25
619 194.77 194.70500000000004 -0.010999999999996691 0 30072.25
620 194.77 194.74100000000004 0.0025757575757629227 0 30072.25
621 194.91 194.78100000000003 0.022696969696966964 50 30072.25
622 195.15 194.87900000000002 0.04796969696970084 100 30084.25
623 195.1 194.94000000000003 0.055666666666663624 150 30079.25
624 194.77 194.94000000000003 0.043303030303025375 150 30029.75
625 194.81 194.94800000000004 0.027121212121212757 150 30035.75
626 194.735 194.913 0.012181818181821501 150 30024.500000000004
627 194.68 194.81900000000005 -0.009393939393931065 200 30016.25
628 194.72 194.74300000000005 -0.02003030303030543 250 30024.25
629 194.67 194.723 -0.03415151515151381 300 30011.749999999993
630 194.45 194.651 -0.05906060606060068 350 29945.75
631 194.47 194.598 -0.06966666666665497 400 29952.75
632 194.52 194.566 -0.05621212121212586 450 29972.75
633 194.52 194.526 -0.03845454545453753 500 29972.75
634 194.39 194.47000000000003 -0.04275757575757528 550 29907.749999999985
635 194.42 194.464 -0.03815151515151018 600 29924.249999999985
636 194.58 194.486 -0.025090909090908015 0 30020.250000000015
637 194.655 194.51300000000003 -0.00972727272725857 0 30020.250000000015
638 194.79 194.567 0.015969696969699694 50 30020.250000000015
639 194.92 194.67300000000003 0.044575757575763555 100 30026.750000000015
640 195.02 194.793 0.06093939393939263 150 30036.750000000015
641 195.07 194.89100000000002 0.07445454545454085 200 30044.250000000015
642 194.94 194.948 0.0769393939394081 200 30018.250000000015
643 195 194.99 0.07760606060605514 250 30030.250000000015
644 194.87 194.98000000000002 0.05669696969698767 250 29997.750000000015
645 194.97 194.97 0.03742424242423765 300 30022.750000000015
646 195.48 195.05200000000002 0.04996969696969771 350 30175.750000000015
647 195.49 195.16200000000003 0.05715151515151375 400 30179.250000000015
648 195.81 195.324 0.08066666666667272 450 30307.250000000015
649 195.74 195.49800000000002 0.0966666666666761 500 30275.750000000015
650 195.86 195.67600000000002 0.11593939393940156 550 30335.75000000003
651 195.93 195.76600000000002 0.13218181818182068 600 30374.250000000015
652 195.83 195.834 0.12387878787879637 600 30314.25000000003
653 195.62 195.79600000000002 0.09733333333333814 600 30188.250000000015
654 195.54 195.756 0.050242424242419696 600 30140.250000000015
655 195.51 195.686 6.060606060599565e-05 650 30122.250000000015
656 195.4 195.58 -0.028666666666666226 700 30050.750000000015
657 195.31 195.47600000000003 -0.060666666666660166 750 29987.750000000015
658 195.26 195.40400000000002 -0.07187878787879558 800 29950.250000000015
659 195.15 195.32600000000002 -0.08709090909089898 850 29862.25
660 195.37 195.29800000000003 -0.07515151515152946 0 30049.25
661 195.275 195.27300000000002 -0.05778787878787101 0 30049.25
662 195.125 195.23600000000002 -0.04733333333333162 50 30049.25
663 195.175 195.21900000000002 -0.03960606060604922 50 30051.75
664 195.32 195.25300000000001 -0.023909090909095255 0 30059.0
665 195.25 195.229 -0.011363636363636104 0 30059.0
666 195.27 195.228 -0.0019090909090741337 0 30059.0
667 195.21 195.245 -0.0001515151515152124 50 30059.0
668 195.29 195.268 0.003848484848488132 0 30063.0
669 195.19 195.24200000000002 -0.0053030303030299685 50 30063.0
670 195.24 195.24 0.002454545454555507 0 30065.5
671 195.27 195.24 0.0070909090909051925 0 30065.5
672 195.05 195.20800000000003 -0.010212121212127409 50 30065.5
673 195.06 195.16200000000003 -0.02272727272726244 50 30066.0
674 194.945 195.11300000000003 -0.03045454545454451 50 30060.25
675 194.94 195.053 -0.038575757575757624 50 30060.0
676 194.97 194.99300000000002 -0.039969696969702054 50 30061.5
677 195.02 194.98700000000002 -0.03899999999999278 0 30064.0
678 195.04 194.98300000000003 -0.029303030303028936 0 30064.0
679 195.08 195.01 -0.021060606060593914 0 30064.0
680 195.01 195.024 -0.011969696969690458 50 30064.0
681 194.97 195.024 -0.00027272727272191553 50 30062.0
682 194.97 195.014 0.0003939393939407164 50 30062.0
683 195.03 195.012 0.005969696969701774 0 30065.0
684 195.06 195.008 0.005878787878786661 0 30065.0
685 195.04 195.014 0.0029696969696967283 0 30065.0
686 195.14 195.048 0.006303030303033283 0 30065.0
687 195.03 195.06 0.004909090909098491 50 30065.0
688 194.96 195.046 0.0009090909090837487 50 30061.5
689 194.92 195.018 -0.0016363636363629641 50 30059.5
690 195.01 195.012 -0.0020000000000034413 50 30064.0
691 194.98 194.98000000000002 -0.006666666666661715 50 30062.5
692 194.89 194.95200000000003 -0.016363636363631435 50 30058.0
693 195.06 194.972 -0.011818181818170539 0 30066.5
694 195.02 194.99200000000002 -0.007818181818176798 0 30066.5
695 194.785 194.947 -0.01748484848484159 50 30066.5
696 194.69 194.889 -0.02257575757574482 50 30061.75
697 194.67 194.845 -0.030636363636353022 50 30060.75
698 194.69 194.77100000000002 -0.03790909090908284 50 30061.75
699 194.78 194.723 -0.039666666666658225 0 30066.25
700 194.84 194.73400000000004 -0.03045454545455283 0 30066.25
701 194.87 194.76999999999998 -0.01954545454545333 0 30066.25
702 194.96 194.82800000000003 -0.008393939393941618 0 30066.25
703 195.03 194.89600000000002 0.01706060606061474 50 30066.25
704 194.97 194.934 0.03693939393940004 100 30063.25
705 194.9 194.94600000000003 0.03793939393939823 100 30056.25
706 194.84 194.94 0.02793939393939736 100 30050.25
707 194.92 194.93200000000002 0.01915151515150994 100 30058.25
708 194.93 194.91200000000003 0.009212121212123501 150 30059.25
709 194.86 194.89000000000001 -0.0014545454545452912 200 30048.75
710 194.89 194.88800000000003 -0.007454545454545308 0 30054.75
711 194.83 194.88600000000002 -0.015333333333338982 50 30054.75
712 194.69 194.84000000000003 -0.02436363636363706 50 30047.75
713 194.705 194.79500000000004 -0.02463636363635263 50 30048.5
714 194.74 194.77100000000004 -0.023060606060600796 50 30050.25
715 194.75 194.743 -0.022818181818184357 0 30050.75
716 194.78 194.733 -0.023121212121209704 0 30050.75
717 194.87 194.769 -0.012454545454559245 0 30050.75
718 194.79 194.78600000000003 -0.004878787878786953 0 30050.75
719 194.7 194.77800000000002 -0.005181818181821627 50 30050.75
720 194.82 194.792 0.004999999999989793 0 30056.75
721 194.82 194.792 0.004999999999989793 0 30056.75
722 194.87 194.81 0.01475757575758098 50 30056.75
723 194.83 194.80200000000002 0.012515151515153903 100 30054.75
724 194.81 194.80599999999998 0.008484848484847993 0 30052.75
725 194.77 194.82000000000002 0.0033333333333330504 50 30052.75
726 194.84 194.824 0.0023030303030322067 0 30056.25
727 194.88 194.82600000000002 0.004363636363644219 0 30056.25
728 194.96 194.85200000000003 0.01557575757576552 50 30056.25
729 194.9 194.87 0.017090909090923062 100 30053.25
730 194.83 194.882 0.007454545454544018 150 30046.250000000004
731 194.75 194.86400000000003 -0.00012121212120953896 200 30034.25
732 194.75 194.83800000000002 -0.0035151515151547854 250 30034.25
733 194.71 194.788 -0.010303030303029615 300 30024.25
734 194.57 194.72200000000004 -0.024606060606058834 350 29982.25
735 194.54 194.66400000000004 -0.0403030303030276 400 29971.75
736 194.58 194.63 -0.04636363636364685 450 29987.75
737 194.5 194.58 -0.05096969696969627 500 29951.75
738 194.5 194.538 -0.045636363636369935 550 29951.75
739 194.55 194.53400000000002 -0.036000000000002405 0 29979.25
740 194.39 194.50400000000002 -0.035515151515153096 50 29979.25
741 194.59 194.50600000000003 -0.02412121212121029 0 29989.25
742 194.46 194.498 -0.017878787878782255 50 29989.25
743 194.55 194.508 -0.005878787878781023 0 29993.75
744 194.515 194.501 -0.0031818181818131985 0 29993.75
745 194.84 194.591 0.01590909090908466 50 29993.75
746 194.82 194.637 0.03293939393938456 100 29992.75
747 194.74 194.693 0.03736363636364008 150 29984.75
748 194.77 194.73700000000002 0.04051515151515681 200 29989.25
749 194.75 194.784 0.04263636363637148 200 29985.25
750 194.77 194.77000000000004 0.03275757575757958 200 29989.25
751 194.76 194.75800000000004 0.03106060606059788 250 29987.25
752 194.85 194.78 0.023545454545463827 300 30009.75
753 194.81 194.788 0.01512121212121045 350 29997.75
754 194.8 194.79800000000003 0.0006666666666626199 0 29994.25
755 194.79 194.802 0.0038787878787968216 50 29994.25
756 194.69 194.788 0.0009090909090936192 50 29989.25
757 194.64 194.746 -0.008545454545461528 50 29986.75
758 194.68 194.72 -0.012606060606061998 50 29988.75
759 194.65 194.69 -0.01854545454544976 50 29987.25
760 194.73 194.67800000000003 -0.01757575757575564 0 29991.25
761 194.71 194.68200000000002 -0.017878787878784053 0 29991.25
762 194.73 194.70000000000002 -0.010484848484848864 0 29991.25
763 194.58 194.68 -0.012484848484845656 50 29991.25
764 194.57 194.664 -0.012909090909083145 50 29990.75
765 194.675 194.65300000000002 -0.005484848484849342 0 29996.0
766 194.77 194.66500000000002 0.0018484848484921375 0 29996.0
767 194.83 194.68500000000003 0.008151515151518905 0 29996.0
768 194.89 194.747 0.018090909090919743 50 29996.0
769 194.98 194.82900000000004 0.028393939393937303 100 30000.5
770 195.02 194.89800000000002 0.042212121212125586 150 30004.5
771 194.905 194.925 0.0449090909090894 150 29987.25
772 194.94 194.947 0.04848484848484844 150 29992.5
773 194.94 194.957 0.03951515151515496 150 29992.5
774 194.89 194.93900000000002 0.022787878787886982 150 29984.999999999996
775 194.9 194.91500000000002 0.009727272727273629 150 29986.5
776 194.95 194.92400000000004 0.002999999999997527 0 29994.0
777 194.96 194.928 -0.001363636363638164 0 29994.0
778 194.9 194.92000000000002 -0.00657575757575399 50 29994.0
779 194.83 194.90800000000002 -0.009727272727259005 50 29990.5
780 194.9 194.90800000000002 -0.004575757575756056 50 29994.0
781 194.82 194.882 -0.01000000000000548 50 29990.0
782 194.8 194.85000000000002 -0.013151515151500101 50 29989.0
783 194.82 194.834 -0.01351515151514951 50 29990.0
784 194.87 194.84199999999998 -0.013030303030299574 0 29992.5
785 194.92 194.84600000000003 -0.00890909090909042 0 29992.5
786 194.94 194.87 -0.0006060606060566922 0 29992.5
787 194.9 194.89 0.006303030303038682 0 29992.5
788 194.91 194.908 0.01048484848484899 50 29992.5
789 194.76 194.88600000000002 0.0016969696969655215 50 29985.0
790 194.65 194.832 -0.007575757575755831 50 29979.5
791 194.6 194.764 -0.021878787878791196 50 29977.0
792 194.7 194.724 -0.029393939393933505 50 29982.0
793 194.68 194.67800000000003 -0.03545454545454184 0 29981.0
794 194.59 194.644 -0.04139393939393002 50 29981.0
795 194.51 194.61599999999999 -0.044969696969688104 50 29977.0
796 194.55 194.60600000000002 -0.04006060606060361 50 29979.0
797 194.56 194.57800000000003 -0.03254545454544469 50 29979.5
798 194.62 194.56600000000003 -0.016969696969681872 0 29982.5
799 194.63 194.574 -0.007333333333322456 0 29982.5
800 194.74 194.62000000000003 0.002545454545456504 0 29982.5
801 194.74 194.65800000000004 0.008000000000011177 0 29982.5
802 194.68 194.68200000000004 0.01515151515151319 0 29982.5
803 194.67 194.69200000000004 0.020666666666678723 0 29982.5
804 194.7 194.70600000000002 0.021939393939399508 0 29982.5
805 194.62 194.68200000000002 0.012181818181822892 0 29982.5
806 194.65 194.66400000000002 0.005393939393937989 50 29982.5
807 194.59 194.64600000000002 -0.0052121212121177575 50 29979.5
808 194.59 194.63000000000002 -0.012181818181825593 50 29979.5
809 194.62 194.61400000000003 -0.016484848484852103 0 29981.0
810 194.61 194.61200000000002 -0.013878787878778505 50 29981.0
811 194.52 194.586 -0.014606060606055713 50 29976.5
812 194.51 194.57 -0.017212121212118046 50 29976.0
813 194.575 194.56699999999998 -0.014878787878794663 0 29979.25
814 194.64 194.571 -0.00584848484848325 0 29979.25
815 194.59 194.567 -0.004151515151506483 0 29979.25
816 194.61 194.585 0.0010000000000014336 0 29979.25
817 194.56 194.595 -9.090909089771708e-05 50 29979.25
818 194.52 194.584 -0.002999999999996483 50 29977.25
819 194.49 194.554 -0.0046969696969625715 50 29975.75
820 194.48 194.53199999999998 -0.006030303030294918 50 29975.25
821 194.55 194.52 -0.007969696969697355 0 29978.75
822 194.55 194.518 -0.010939393939393121 0 29978.75
823 194.56 194.526 -0.009515151515147938 0 29978.75
824 194.58 194.544 -0.0024848484848502377 0 29978.75
825 194.62 194.57200000000003 0.004121212121210384 0 29978.75
826 194.57 194.57600000000002 0.008969696969708015 50 29978.75
827 194.59 194.584 0.012060606060609385 100 29979.75
828 194.61 194.59400000000002 0.013212121212132189 150 29981.750000000004
829 194.59 194.59600000000003 0.010181818181826051 150 29978.75
830 194.63 194.598 0.007454545454543982 0 29984.75
831 194.65 194.61400000000003 0.008666666666662205 0 29984.75
832 194.57 194.61 0.004303030303026414 50 29984.75
833 194.55 194.598 -0.000727272727271359 50 29983.75
834 194.58 194.596 -0.0026666666666649826 50 29985.25
835 194.55 194.58 -0.003575757575750034 50 29983.75
836 194.58 194.566 -0.005333333333332446 0 29985.25
837 194.58 194.568 -0.005878787878780769 0 29985.25
838 194.57 194.572 -0.005515151515149016 50 29985.25
839 194.565 194.56900000000002 -0.006272727272726787 50 29985.0
840 194.52 194.56300000000002 -0.006515151515147217 50 29982.75
841 194.52 194.55100000000002 -0.0040909090909128695 50 29982.75
842 194.6 194.555 -0.0010606060605907771 0 29986.75
843 194.63 194.567 0.0019090909090923199 0 29986.75
844 194.57 194.56799999999998 0.0026363636363634572 0 29986.75
845 194.41 194.54600000000002 -0.007242424242421153 50 29986.75
846 194.49 194.54 -0.00906060606061057 50 29990.75
847 194.48 194.51600000000002 -0.010333333333332048 50 29990.25
848 194.37 194.46400000000003 -0.017060606060603827 50 29984.75
849 194.33 194.41600000000003 -0.023878787878787465 50 29982.75
850 194.31 194.39600000000002 -0.031939393939385455 50 29981.75
851 194.32 194.36200000000002 -0.03690909090909891 50 29982.25
852 194.29 194.324 -0.03575757575756465 50 29980.75
853 194.24 194.29800000000003 -0.03157575757574051 50 29978.25
854 194.25 194.282 -0.02612121212120627 50 29978.75
855 194.36 194.29200000000003 -0.0214545454545375 0 29984.25
856 194.31 194.29000000000002 -0.013575757575754943 0 29984.25
857 194.16 194.264 -0.012363636363641697 50 29984.25
858 194.18 194.252 -0.013515151515143119 50 29985.25
859 194.16 194.234 -0.016121212121215964 50 29984.25
860 194.29 194.22 -0.0109090909090923 0 29990.75
861 194.12 194.18200000000002 -0.014060606060600993 50 29990.75
862 194.18 194.18600000000004 -0.013515151515141976 50 29993.75
863 194.09 194.16800000000003 -0.0198787878787815 50 29989.25
864 194.21 194.17800000000005 -0.017212121212117622 0 29995.25
865 194.19 194.15800000000002 -0.007818181818186441 0 29995.25
866 194.19 194.172 0.00030303030302970515 0 29995.25
867 194.21 194.17800000000003 0.000969696969697615 0 29995.25
868 194.21 194.20200000000003 0.0023636363636377637 0 29995.25
869 194.25 194.21 0.004242424242425673 0 29995.25
870 194.31 194.234 0.016969696969696375 50 29995.25
871 194.23 194.24200000000002 0.013757575757565737 50 29991.25
872 194.19 194.238 0.011030303030303468 50 29989.25
873 194.21 194.23800000000003 0.003272727272725998 50 29990.25
874 194.26 194.24 0.00478787878788433 0 29992.75
875 194.28 194.234 0.00545454545454372 0 29992.75
876 194.3 194.24800000000002 0.006121212121208868 0 29992.75
877 194.3 194.27000000000004 0.006787878787873598 0 29992.75
878 194.44 194.31600000000003 0.013999999999998004 50 29992.75
879 194.33 194.33000000000004 0.015090909090911514 50 29987.25
880 194.27 194.32800000000003 0.01593939393939896 50 29984.25
881 194.225 194.31300000000005 0.009484848484845607 50 29982.0
882 194.25 194.30300000000003 0.0017878787878937781 50 29983.25
883 194.26 194.26700000000002 -0.0047575757575724995 50 29983.75
884 194.24 194.24900000000002 -0.00966666666666069 50 29982.75
885 194.44 194.28300000000002 -0.002090909090901465 0 29992.75
886 194.57 194.35200000000003 0.011969696969693272 50 29992.75
887 194.55 194.412 0.021666666666660325 100 29991.75
888 194.61 194.48200000000003 0.040939393939403074 150 29997.750000000004
889 194.55 194.544 0.04754545454545431 200 29988.75
890 194.5 194.556 0.044757575757594155 200 29978.75
891 194.5 194.54200000000003 0.036181818181824 200 29978.75
892 194.52 194.536 0.027030303030312956 200 29982.75
893 194.48 194.51 0.013090909090920094 200 29974.75
894 194.45 194.49 -0.00648484848484104 250 29968.75
895 194.5 194.49 -0.012545454545460447 0 29981.25
896 194.51 194.49200000000002 -0.010121212121204998 0 29981.25
897 194.46 194.48000000000002 -0.01103030303029975 50 29981.25
898 194.45 194.474 -0.007393939393932258 50 29980.75
899 194.39 194.462 -0.009090909090914088 50 29977.75
900 194.33 194.42800000000003 -0.015454545454545497 50 29974.75
901 194.29 194.38400000000001 -0.021939393939384585 50 29972.75
902 194.3 194.35200000000003 -0.023999999999995022 50 29973.25
903 194.31 194.324 -0.0255151515151599 50 29973.75
904 194.31 194.324 -0.0255151515151599 50 29973.75
905 194.2 194.28600000000003 -0.03296969696969233 50 29968.25
906 194.23 194.26600000000002 -0.03242424242424046 50 29969.75
907 194.24 194.25600000000003 -0.02739393939393281 50 29970.25
908 194.16 194.228 -0.026787878787866894 50 29966.25
909 194.3 194.22600000000003 -0.015575757575751959 0 29973.25
910 194.25 194.23600000000002 -0.009272727272716202 0 29973.25
911 194.19 194.228 -0.008545454545444763 50 29973.25
912 194.29 194.238 -0.003333333333339153 0 29978.25
913 194.22 194.25 -0.0012727272727209944 50 29978.25
914 194.27 194.24400000000003 0.005151515151518286 0 29980.75
915 194.2 194.234 0.0009090909090824325 50 29980.75
916 194.26 194.24800000000002 0.0019393939393908106 0 29983.75
917 194.255 194.241 0.0029999999999968047 0 29983.75
918 194.24 194.24500000000003 -0.002272727272711855 50 29983.75
919 194.32 194.25500000000002 0.005181818181820666 0 29987.75
920 194.29 194.27300000000002 0.0074242424242530955 0 29987.75
921 194.23 194.26700000000002 0.0019090909090936133 50 29987.75
922 194.25 194.26600000000002 0.003666666666669975 50 29988.75
923 194.26 194.27 0.0017878787878783976 50 29989.25
924 194.13 194.232 -0.004333333333331392 50 29982.75
925 194.26 194.226 -0.006333333333335387 0 29989.25
926 194.22 194.224 -0.007242424242420544 50 29989.25
927 194.09 194.192 -0.015090909090908981 50 29982.75
928 194.24 194.18800000000002 -0.013757575757564668 0 29990.25
929 194.16 194.19400000000002 -0.011454545454536318 50 29990.25
930 194.18 194.17800000000003 -0.008121212121202367 0 29991.25
931 194.23 194.18000000000004 -0.004727272727261696 0 29991.25
932 194.21 194.20400000000004 -0.0010909090909050673 0 29991.25
933 194.19 194.19400000000002 0.002606060606067983 50 29991.25
934 194.21 194.20400000000004 -0.00042424242423241343 0 29992.25
935 194.21 194.20400000000004 -0.00042424242423241343 0 29992.25
936 194.24 194.21600000000004 0.0058787878787964236 0 29992.25
937 194.13 194.19600000000003 0.0037575757575717566 50 29992.25
938 194.13 194.19600000000003 0.0037575757575717566 50 29992.25
939 194.2 194.19400000000002 -0.0021212121212239375 0 29995.75
940 194.3 194.21600000000004 0.006121212121219917 0 29995.75
941 194.34 194.24200000000002 0.010484848484855147 50 29995.75
942 194.28 194.25 0.010727272727280215 100 29992.75
943 194.2 194.264 0.008727272727279089 150 29984.75
944 194.17 194.258 0.004121212121208896 200 29980.25
945 194.17 194.23200000000003 -0.001333333333310897 250 29980.25
946 194.03 194.17000000000002 -0.012848484848478049 300 29945.25
947 194.09 194.13200000000003 -0.016909090909084868 350 29963.25
948 194.1 194.11200000000002 -0.025939393939393415 400 29966.75
949 194.09 194.09600000000003 -0.03048484848485115 450 29962.75
950 194.17 194.09600000000003 -0.022666666666673507 0 29998.75
951 194.16 194.122 -0.01115151515150777 0 29998.75
952 194.16 194.122 -0.01115151515150777 0 29998.75
953 194.26 194.156 0.003999999999991045 0 29998.75
954 194.2 194.17600000000002 0.010787878787877554 50 29998.75
955 194.08 194.174 0.009030303030305439 50 29992.75
956 194.08 194.174 0.009030303030305439 50 29992.75
957 193.815 194.103 -0.0060909090909076835 50 29979.5
958 193.83 194.03700000000003 -0.025424242424239126 50 29980.25
959 194.17 194.019 -0.019787878787873726 0 29997.25
570 193.77 194.61 -0.06469696969696 50 30000.0
571 194.02 194.436 -0.09045454545454128 0 30012.5
572 194.21 194.31600000000003 -0.1009393939393798 0 30012.5
573 194.32 194.22600000000003 -0.0999090909090898 0 30012.5
574 194.28 194.12 -0.09257575757576145 0 30012.5
575 194.4 194.246 -0.07224242424242779 0 30012.5
576 194.33 194.30800000000002 -0.04678787878786665 0 30012.5
577 194.64 194.394 -0.0029696969696969807 0 30012.5
578 194.65 194.46 0.0407878787878828 50 30012.5
579 194.39 194.48200000000003 0.07448484848485475 50 29999.5
580 194.39 194.48000000000002 0.043939393939393875 50 29999.5
581 194.61 194.536 0.03454545454545084 50 30010.5
582 194.605 194.529 0.03039393939394214 50 30010.25
583 194.46 194.49099999999999 0.020878787878791494 50 30003.0
584 194.4 194.493 0.0037272727272730233 50 30000.0
585 194.44 194.50300000000001 -0.004696969696969463 50 30002.0
586 194.64 194.50900000000001 -0.007363636363639161 0 30012.0
587 194.26 194.44000000000003 -0.013848484848481337 50 30012.0
588 194.58 194.464 0.00239393939393564 0 30028.0
589 194.43 194.47 -0.0060303030302937865 50 30028.0
590 194.7 194.522 -0.00021212121213061742 0 30041.5
591 194.79 194.552 0.021424242424247397 50 30041.5
592 194.86 194.672 0.04436363636363806 50 30045.0
593 194.74 194.704 0.048000000000010375 50 30039.0
594 194.71 194.76000000000002 0.04260606060605372 50 30037.5
595 194.61 194.74200000000002 0.03066666666666121 50 30032.5
596 194.79 194.74200000000002 0.03981818181819012 50 30041.5
597 194.94 194.758 0.030000000000002698 50 30049.0
598 194.77 194.764 0.02399999999998961 50 30040.5
599 195.16 194.854 0.026969696969696234 50 30060.0
600 195.05 194.942 0.033090909090910114 50 30054.5
601 195.13 195.01000000000005 0.04533333333333309 50 30058.5
602 195.08 195.038 0.05539393939393597 50 30056.0
603 195.05 195.094 0.05315151515151099 50 30054.5
604 195.04 195.07000000000002 0.04460606060606152 50 30054.0
605 194.88 195.036 0.01666666666666174 50 30046.0
606 194.84 194.978 -0.004727272727263348 50 30044.0
607 194.78 194.918 -0.019999999999991264 50 30041.0
608 194.79 194.866 -0.04412121212120319 50 30041.5
609 194.73 194.804 -0.04575757575756528 50 30038.5
610 194.9 194.808 -0.040242424242420756 0 30047.0
611 194.86 194.812 -0.02975757575757173 0 30047.0
612 194.75 194.80599999999998 -0.025333333333324094 50 30047.0
613 194.6 194.76800000000003 -0.027090909090910685 50 30039.5
614 194.66 194.75400000000002 -0.020787878787877922 50 30042.5
615 194.59 194.692 -0.02436363636363085 50 30039.0
616 194.71 194.66200000000003 -0.0205454545454422 0 30045.0
617 194.66 194.644 -0.021878787878788702 0 30045.0
618 194.795 194.68300000000002 -0.013727272727264034 0 30045.0
619 194.77 194.70500000000004 -0.010999999999996691 0 30045.0
620 194.77 194.74100000000004 0.0025757575757629227 0 30045.0
621 194.91 194.78100000000003 0.022696969696966964 50 30045.0
622 195.15 194.87900000000002 0.04796969696970084 50 30057.0
623 195.1 194.94000000000003 0.055666666666663624 50 30054.5
624 194.77 194.94000000000003 0.043303030303025375 50 30038.0
625 194.81 194.94800000000004 0.027121212121212757 50 30040.0
626 194.735 194.913 0.012181818181821501 50 30036.25
627 194.68 194.81900000000005 -0.009393939393931065 50 30033.5
628 194.72 194.74300000000005 -0.02003030303030543 50 30035.5
629 194.67 194.723 -0.03415151515151381 50 30033.0
630 194.45 194.651 -0.05906060606060068 50 30022.0
631 194.47 194.598 -0.06966666666665497 50 30023.0
632 194.52 194.566 -0.05621212121212586 50 30025.5
633 194.52 194.526 -0.03845454545453753 50 30025.5
634 194.39 194.47000000000003 -0.04275757575757528 50 30019.0
635 194.42 194.464 -0.03815151515151018 50 30020.5
636 194.58 194.486 -0.025090909090908015 0 30028.5
637 194.655 194.51300000000003 -0.00972727272725857 0 30028.5
638 194.79 194.567 0.015969696969699694 50 30028.5
639 194.92 194.67300000000003 0.044575757575763555 50 30035.0
640 195.02 194.793 0.06093939393939263 50 30040.0
641 195.07 194.89100000000002 0.07445454545454085 50 30042.5
642 194.94 194.948 0.0769393939394081 50 30036.0
643 195 194.99 0.07760606060605514 50 30039.0
644 194.87 194.98000000000002 0.05669696969698767 50 30032.5
645 194.97 194.97 0.03742424242423765 50 30037.5
646 195.48 195.05200000000002 0.04996969696969771 50 30063.0
647 195.49 195.16200000000003 0.05715151515151375 50 30063.5
648 195.81 195.324 0.08066666666667272 50 30079.5
649 195.74 195.49800000000002 0.0966666666666761 50 30076.0
650 195.86 195.67600000000002 0.11593939393940156 50 30082.0
651 195.93 195.76600000000002 0.13218181818182068 50 30085.5
652 195.83 195.834 0.12387878787879637 50 30080.5
653 195.62 195.79600000000002 0.09733333333333814 50 30070.0
654 195.54 195.756 0.050242424242419696 50 30066.0
655 195.51 195.686 6.060606060599565e-05 50 30064.5
656 195.4 195.58 -0.028666666666666226 50 30059.0
657 195.31 195.47600000000003 -0.060666666666660166 50 30054.5
658 195.26 195.40400000000002 -0.07187878787879558 50 30052.0
659 195.15 195.32600000000002 -0.08709090909089898 50 30046.5
660 195.37 195.29800000000003 -0.07515151515152946 0 30057.5
661 195.275 195.27300000000002 -0.05778787878787101 0 30057.5
662 195.125 195.23600000000002 -0.04733333333333162 50 30057.5
663 195.175 195.21900000000002 -0.03960606060604922 50 30060.0
664 195.32 195.25300000000001 -0.023909090909095255 0 30067.25
665 195.25 195.229 -0.011363636363636104 0 30067.25
666 195.27 195.228 -0.0019090909090741337 0 30067.25
667 195.21 195.245 -0.0001515151515152124 50 30067.25
668 195.29 195.268 0.003848484848488132 0 30071.25
669 195.19 195.24200000000002 -0.0053030303030299685 50 30071.25
670 195.24 195.24 0.002454545454555507 0 30073.75
671 195.27 195.24 0.0070909090909051925 0 30073.75
672 195.05 195.20800000000003 -0.010212121212127409 50 30073.75
673 195.06 195.16200000000003 -0.02272727272726244 50 30074.25
674 194.945 195.11300000000003 -0.03045454545454451 50 30068.5
675 194.94 195.053 -0.038575757575757624 50 30068.25
676 194.97 194.99300000000002 -0.039969696969702054 50 30069.75
677 195.02 194.98700000000002 -0.03899999999999278 0 30072.25
678 195.04 194.98300000000003 -0.029303030303028936 0 30072.25
679 195.08 195.01 -0.021060606060593914 0 30072.25
680 195.01 195.024 -0.011969696969690458 50 30072.25
681 194.97 195.024 -0.00027272727272191553 50 30070.25
682 194.97 195.014 0.0003939393939407164 50 30070.25
683 195.03 195.012 0.005969696969701774 0 30073.25
684 195.06 195.008 0.005878787878786661 0 30073.25
685 195.04 195.014 0.0029696969696967283 0 30073.25
686 195.14 195.048 0.006303030303033283 0 30073.25
687 195.03 195.06 0.004909090909098491 50 30073.25
688 194.96 195.046 0.0009090909090837487 50 30069.75
689 194.92 195.018 -0.0016363636363629641 50 30067.75
690 195.01 195.012 -0.0020000000000034413 50 30072.25
691 194.98 194.98000000000002 -0.006666666666661715 50 30070.75
692 194.89 194.95200000000003 -0.016363636363631435 50 30066.25
693 195.06 194.972 -0.011818181818170539 0 30074.75
694 195.02 194.99200000000002 -0.007818181818176798 0 30074.75
695 194.785 194.947 -0.01748484848484159 50 30074.75
696 194.69 194.889 -0.02257575757574482 50 30070.0
697 194.67 194.845 -0.030636363636353022 50 30069.0
698 194.69 194.77100000000002 -0.03790909090908284 50 30070.0
699 194.78 194.723 -0.039666666666658225 0 30074.5
700 194.84 194.73400000000004 -0.03045454545455283 0 30074.5
701 194.87 194.76999999999998 -0.01954545454545333 0 30074.5
702 194.96 194.82800000000003 -0.008393939393941618 0 30074.5
703 195.03 194.89600000000002 0.01706060606061474 50 30074.5
704 194.97 194.934 0.03693939393940004 50 30071.5
705 194.9 194.94600000000003 0.03793939393939823 50 30068.0
706 194.84 194.94 0.02793939393939736 50 30065.0
707 194.92 194.93200000000002 0.01915151515150994 50 30069.0
708 194.93 194.91200000000003 0.009212121212123501 50 30069.5
709 194.86 194.89000000000001 -0.0014545454545452912 50 30066.0
710 194.89 194.88800000000003 -0.007454545454545308 0 30067.5
711 194.83 194.88600000000002 -0.015333333333338982 50 30067.5
712 194.69 194.84000000000003 -0.02436363636363706 50 30060.5
713 194.705 194.79500000000004 -0.02463636363635263 50 30061.25
714 194.74 194.77100000000004 -0.023060606060600796 50 30063.0
715 194.75 194.743 -0.022818181818184357 0 30063.5
716 194.78 194.733 -0.023121212121209704 0 30063.5
717 194.87 194.769 -0.012454545454559245 0 30063.5
718 194.79 194.78600000000003 -0.004878787878786953 0 30063.5
719 194.7 194.77800000000002 -0.005181818181821627 50 30063.5
720 194.82 194.792 0.004999999999989793 0 30069.5
721 194.82 194.792 0.004999999999989793 0 30069.5
722 194.87 194.81 0.01475757575758098 50 30069.5
723 194.83 194.80200000000002 0.012515151515153903 50 30067.5
724 194.81 194.80599999999998 0.008484848484847993 0 30066.5
725 194.77 194.82000000000002 0.0033333333333330504 50 30066.5
726 194.84 194.824 0.0023030303030322067 0 30070.0
727 194.88 194.82600000000002 0.004363636363644219 0 30070.0
728 194.96 194.85200000000003 0.01557575757576552 50 30070.0
729 194.9 194.87 0.017090909090923062 50 30067.0
730 194.83 194.882 0.007454545454544018 50 30063.5
731 194.75 194.86400000000003 -0.00012121212120953896 50 30059.5
732 194.75 194.83800000000002 -0.0035151515151547854 50 30059.5
733 194.71 194.788 -0.010303030303029615 50 30057.5
734 194.57 194.72200000000004 -0.024606060606058834 50 30050.5
735 194.54 194.66400000000004 -0.0403030303030276 50 30049.0
736 194.58 194.63 -0.04636363636364685 50 30051.0
737 194.5 194.58 -0.05096969696969627 50 30047.0
738 194.5 194.538 -0.045636363636369935 50 30047.0
739 194.55 194.53400000000002 -0.036000000000002405 0 30049.5
740 194.39 194.50400000000002 -0.035515151515153096 50 30049.5
741 194.59 194.50600000000003 -0.02412121212121029 0 30059.5
742 194.46 194.498 -0.017878787878782255 50 30059.5
743 194.55 194.508 -0.005878787878781023 0 30064.0
744 194.515 194.501 -0.0031818181818131985 0 30064.0
745 194.84 194.591 0.01590909090908466 50 30064.0
746 194.82 194.637 0.03293939393938456 50 30063.0
747 194.74 194.693 0.03736363636364008 50 30059.0
748 194.77 194.73700000000002 0.04051515151515681 50 30060.5
749 194.75 194.784 0.04263636363637148 50 30059.5
750 194.77 194.77000000000004 0.03275757575757958 50 30060.5
751 194.76 194.75800000000004 0.03106060606059788 50 30060.0
752 194.85 194.78 0.023545454545463827 50 30064.5
753 194.81 194.788 0.01512121212121045 50 30062.5
754 194.8 194.79800000000003 0.0006666666666626199 0 30062.0
755 194.79 194.802 0.0038787878787968216 50 30062.0
756 194.69 194.788 0.0009090909090936192 50 30057.0
757 194.64 194.746 -0.008545454545461528 50 30054.5
758 194.68 194.72 -0.012606060606061998 50 30056.5
759 194.65 194.69 -0.01854545454544976 50 30055.0
760 194.73 194.67800000000003 -0.01757575757575564 0 30059.0
761 194.71 194.68200000000002 -0.017878787878784053 0 30059.0
762 194.73 194.70000000000002 -0.010484848484848864 0 30059.0
763 194.58 194.68 -0.012484848484845656 50 30059.0
764 194.57 194.664 -0.012909090909083145 50 30058.5
765 194.675 194.65300000000002 -0.005484848484849342 0 30063.75
766 194.77 194.66500000000002 0.0018484848484921375 0 30063.75
767 194.83 194.68500000000003 0.008151515151518905 0 30063.75
768 194.89 194.747 0.018090909090919743 50 30063.75
769 194.98 194.82900000000004 0.028393939393937303 50 30068.25
770 195.02 194.89800000000002 0.042212121212125586 50 30070.25
771 194.905 194.925 0.0449090909090894 50 30064.5
772 194.94 194.947 0.04848484848484844 50 30066.25
773 194.94 194.957 0.03951515151515496 50 30066.25
774 194.89 194.93900000000002 0.022787878787886982 50 30063.75
775 194.9 194.91500000000002 0.009727272727273629 50 30064.25
776 194.95 194.92400000000004 0.002999999999997527 0 30066.75
777 194.96 194.928 -0.001363636363638164 0 30066.75
778 194.9 194.92000000000002 -0.00657575757575399 50 30066.75
779 194.83 194.90800000000002 -0.009727272727259005 50 30063.25
780 194.9 194.90800000000002 -0.004575757575756056 50 30066.75
781 194.82 194.882 -0.01000000000000548 50 30062.75
782 194.8 194.85000000000002 -0.013151515151500101 50 30061.75
783 194.82 194.834 -0.01351515151514951 50 30062.75
784 194.87 194.84199999999998 -0.013030303030299574 0 30065.25
785 194.92 194.84600000000003 -0.00890909090909042 0 30065.25
786 194.94 194.87 -0.0006060606060566922 0 30065.25
787 194.9 194.89 0.006303030303038682 0 30065.25
788 194.91 194.908 0.01048484848484899 50 30065.25
789 194.76 194.88600000000002 0.0016969696969655215 50 30057.75
790 194.65 194.832 -0.007575757575755831 50 30052.25
791 194.6 194.764 -0.021878787878791196 50 30049.75
792 194.7 194.724 -0.029393939393933505 50 30054.75
793 194.68 194.67800000000003 -0.03545454545454184 0 30053.75
794 194.59 194.644 -0.04139393939393002 50 30053.75
795 194.51 194.61599999999999 -0.044969696969688104 50 30049.75
796 194.55 194.60600000000002 -0.04006060606060361 50 30051.75
797 194.56 194.57800000000003 -0.03254545454544469 50 30052.25
798 194.62 194.56600000000003 -0.016969696969681872 0 30055.25
799 194.63 194.574 -0.007333333333322456 0 30055.25
800 194.74 194.62000000000003 0.002545454545456504 0 30055.25
801 194.74 194.65800000000004 0.008000000000011177 0 30055.25
802 194.68 194.68200000000004 0.01515151515151319 0 30055.25
803 194.67 194.69200000000004 0.020666666666678723 0 30055.25
804 194.7 194.70600000000002 0.021939393939399508 0 30055.25
805 194.62 194.68200000000002 0.012181818181822892 0 30055.25
806 194.65 194.66400000000002 0.005393939393937989 50 30055.25
807 194.59 194.64600000000002 -0.0052121212121177575 50 30052.25
808 194.59 194.63000000000002 -0.012181818181825593 50 30052.25
809 194.62 194.61400000000003 -0.016484848484852103 0 30053.75
810 194.61 194.61200000000002 -0.013878787878778505 50 30053.75
811 194.52 194.586 -0.014606060606055713 50 30049.25
812 194.51 194.57 -0.017212121212118046 50 30048.75
813 194.575 194.56699999999998 -0.014878787878794663 0 30052.0
814 194.64 194.571 -0.00584848484848325 0 30052.0
815 194.59 194.567 -0.004151515151506483 0 30052.0
816 194.61 194.585 0.0010000000000014336 0 30052.0
817 194.56 194.595 -9.090909089771708e-05 50 30052.0
818 194.52 194.584 -0.002999999999996483 50 30050.0
819 194.49 194.554 -0.0046969696969625715 50 30048.5
820 194.48 194.53199999999998 -0.006030303030294918 50 30048.0
821 194.55 194.52 -0.007969696969697355 0 30051.5
822 194.55 194.518 -0.010939393939393121 0 30051.5
823 194.56 194.526 -0.009515151515147938 0 30051.5
824 194.58 194.544 -0.0024848484848502377 0 30051.5
825 194.62 194.57200000000003 0.004121212121210384 0 30051.5
826 194.57 194.57600000000002 0.008969696969708015 50 30051.5
827 194.59 194.584 0.012060606060609385 50 30052.5
828 194.61 194.59400000000002 0.013212121212132189 50 30053.5
829 194.59 194.59600000000003 0.010181818181826051 50 30052.5
830 194.63 194.598 0.007454545454543982 0 30054.5
831 194.65 194.61400000000003 0.008666666666662205 0 30054.5
832 194.57 194.61 0.004303030303026414 50 30054.5
833 194.55 194.598 -0.000727272727271359 50 30053.5
834 194.58 194.596 -0.0026666666666649826 50 30055.0
835 194.55 194.58 -0.003575757575750034 50 30053.5
836 194.58 194.566 -0.005333333333332446 0 30055.0
837 194.58 194.568 -0.005878787878780769 0 30055.0
838 194.57 194.572 -0.005515151515149016 50 30055.0
839 194.565 194.56900000000002 -0.006272727272726787 50 30054.75
840 194.52 194.56300000000002 -0.006515151515147217 50 30052.5
841 194.52 194.55100000000002 -0.0040909090909128695 50 30052.5
842 194.6 194.555 -0.0010606060605907771 0 30056.5
843 194.63 194.567 0.0019090909090923199 0 30056.5
844 194.57 194.56799999999998 0.0026363636363634572 0 30056.5
845 194.41 194.54600000000002 -0.007242424242421153 50 30056.5
846 194.49 194.54 -0.00906060606061057 50 30060.5
847 194.48 194.51600000000002 -0.010333333333332048 50 30060.0
848 194.37 194.46400000000003 -0.017060606060603827 50 30054.5
849 194.33 194.41600000000003 -0.023878787878787465 50 30052.5
850 194.31 194.39600000000002 -0.031939393939385455 50 30051.5
851 194.32 194.36200000000002 -0.03690909090909891 50 30052.0
852 194.29 194.324 -0.03575757575756465 50 30050.5
853 194.24 194.29800000000003 -0.03157575757574051 50 30048.0
854 194.25 194.282 -0.02612121212120627 50 30048.5
855 194.36 194.29200000000003 -0.0214545454545375 0 30054.0
856 194.31 194.29000000000002 -0.013575757575754943 0 30054.0
857 194.16 194.264 -0.012363636363641697 50 30054.0
858 194.18 194.252 -0.013515151515143119 50 30055.0
859 194.16 194.234 -0.016121212121215964 50 30054.0
860 194.29 194.22 -0.0109090909090923 0 30060.5
861 194.12 194.18200000000002 -0.014060606060600993 50 30060.5
862 194.18 194.18600000000004 -0.013515151515141976 50 30063.5
863 194.09 194.16800000000003 -0.0198787878787815 50 30059.0
864 194.21 194.17800000000005 -0.017212121212117622 0 30065.0
865 194.19 194.15800000000002 -0.007818181818186441 0 30065.0
866 194.19 194.172 0.00030303030302970515 0 30065.0
867 194.21 194.17800000000003 0.000969696969697615 0 30065.0
868 194.21 194.20200000000003 0.0023636363636377637 0 30065.0
869 194.25 194.21 0.004242424242425673 0 30065.0
870 194.31 194.234 0.016969696969696375 50 30065.0
871 194.23 194.24200000000002 0.013757575757565737 50 30061.0
872 194.19 194.238 0.011030303030303468 50 30059.0
873 194.21 194.23800000000003 0.003272727272725998 50 30060.0
874 194.26 194.24 0.00478787878788433 0 30062.5
875 194.28 194.234 0.00545454545454372 0 30062.5
876 194.3 194.24800000000002 0.006121212121208868 0 30062.5
877 194.3 194.27000000000004 0.006787878787873598 0 30062.5
878 194.44 194.31600000000003 0.013999999999998004 50 30062.5
879 194.33 194.33000000000004 0.015090909090911514 50 30057.0
880 194.27 194.32800000000003 0.01593939393939896 50 30054.0
881 194.225 194.31300000000005 0.009484848484845607 50 30051.75
882 194.25 194.30300000000003 0.0017878787878937781 50 30053.0
883 194.26 194.26700000000002 -0.0047575757575724995 50 30053.5
884 194.24 194.24900000000002 -0.00966666666666069 50 30052.5
885 194.44 194.28300000000002 -0.002090909090901465 0 30062.5
886 194.57 194.35200000000003 0.011969696969693272 50 30062.5
887 194.55 194.412 0.021666666666660325 50 30061.5
888 194.61 194.48200000000003 0.040939393939403074 50 30064.5
889 194.55 194.544 0.04754545454545431 50 30061.5
890 194.5 194.556 0.044757575757594155 50 30059.0
891 194.5 194.54200000000003 0.036181818181824 50 30059.0
892 194.52 194.536 0.027030303030312956 50 30060.0
893 194.48 194.51 0.013090909090920094 50 30058.0
894 194.45 194.49 -0.00648484848484104 50 30056.5
895 194.5 194.49 -0.012545454545460447 0 30059.0
896 194.51 194.49200000000002 -0.010121212121204998 0 30059.0
897 194.46 194.48000000000002 -0.01103030303029975 50 30059.0
898 194.45 194.474 -0.007393939393932258 50 30058.5
899 194.39 194.462 -0.009090909090914088 50 30055.5
900 194.33 194.42800000000003 -0.015454545454545497 50 30052.5
901 194.29 194.38400000000001 -0.021939393939384585 50 30050.5
902 194.3 194.35200000000003 -0.023999999999995022 50 30051.0
903 194.31 194.324 -0.0255151515151599 50 30051.5
904 194.31 194.324 -0.0255151515151599 50 30051.5
905 194.2 194.28600000000003 -0.03296969696969233 50 30046.0
906 194.23 194.26600000000002 -0.03242424242424046 50 30047.5
907 194.24 194.25600000000003 -0.02739393939393281 50 30048.0
908 194.16 194.228 -0.026787878787866894 50 30044.0
909 194.3 194.22600000000003 -0.015575757575751959 0 30051.0
910 194.25 194.23600000000002 -0.009272727272716202 0 30051.0
911 194.19 194.228 -0.008545454545444763 50 30051.0
912 194.29 194.238 -0.003333333333339153 0 30056.0
913 194.22 194.25 -0.0012727272727209944 50 30056.0
914 194.27 194.24400000000003 0.005151515151518286 0 30058.5
915 194.2 194.234 0.0009090909090824325 50 30058.5
916 194.26 194.24800000000002 0.0019393939393908106 0 30061.5
917 194.255 194.241 0.0029999999999968047 0 30061.5
918 194.24 194.24500000000003 -0.002272727272711855 50 30061.5
919 194.32 194.25500000000002 0.005181818181820666 0 30065.5
920 194.29 194.27300000000002 0.0074242424242530955 0 30065.5
921 194.23 194.26700000000002 0.0019090909090936133 50 30065.5
922 194.25 194.26600000000002 0.003666666666669975 50 30066.5
923 194.26 194.27 0.0017878787878783976 50 30067.0
924 194.13 194.232 -0.004333333333331392 50 30060.5
925 194.26 194.226 -0.006333333333335387 0 30067.0
926 194.22 194.224 -0.007242424242420544 50 30067.0
927 194.09 194.192 -0.015090909090908981 50 30060.5
928 194.24 194.18800000000002 -0.013757575757564668 0 30068.0
929 194.16 194.19400000000002 -0.011454545454536318 50 30068.0
930 194.18 194.17800000000003 -0.008121212121202367 0 30069.0
931 194.23 194.18000000000004 -0.004727272727261696 0 30069.0
932 194.21 194.20400000000004 -0.0010909090909050673 0 30069.0
933 194.19 194.19400000000002 0.002606060606067983 50 30069.0
934 194.21 194.20400000000004 -0.00042424242423241343 0 30070.0
935 194.21 194.20400000000004 -0.00042424242423241343 0 30070.0
936 194.24 194.21600000000004 0.0058787878787964236 0 30070.0
937 194.13 194.19600000000003 0.0037575757575717566 50 30070.0
938 194.13 194.19600000000003 0.0037575757575717566 50 30070.0
939 194.2 194.19400000000002 -0.0021212121212239375 0 30073.5
940 194.3 194.21600000000004 0.006121212121219917 0 30073.5
941 194.34 194.24200000000002 0.010484848484855147 50 30073.5
942 194.28 194.25 0.010727272727280215 50 30070.5
943 194.2 194.264 0.008727272727279089 50 30066.5
944 194.17 194.258 0.004121212121208896 50 30065.0
945 194.17 194.23200000000003 -0.001333333333310897 50 30065.0
946 194.03 194.17000000000002 -0.012848484848478049 50 30058.0
947 194.09 194.13200000000003 -0.016909090909084868 50 30061.0
948 194.1 194.11200000000002 -0.025939393939393415 50 30061.5
949 194.09 194.09600000000003 -0.03048484848485115 50 30061.0
950 194.17 194.09600000000003 -0.022666666666673507 0 30065.0
951 194.16 194.122 -0.01115151515150777 0 30065.0
952 194.16 194.122 -0.01115151515150777 0 30065.0
953 194.26 194.156 0.003999999999991045 0 30065.0
954 194.2 194.17600000000002 0.010787878787877554 50 30065.0
955 194.08 194.174 0.009030303030305439 50 30059.0
956 194.08 194.174 0.009030303030305439 50 30059.0
957 193.815 194.103 -0.0060909090909076835 50 30045.75
958 193.83 194.03700000000003 -0.025424242424239126 50 30046.5
959 194.17 194.019 -0.019787878787873726 0 30063.5
