time-hour stock-price avg-price-5-min regression-coef number-of-stocks portfolio-value 570 176.38 175.43400000000003 0.025787878787879404 50 30000.0
571 176.29 175.64000000000001 0.06790909090909239 50 29995.5
572 176.74 175.93000000000004 0.12142424242423398 50 30018.0
573 177.2 176.324 0.20006060606061157 50 30041.0
574 177.6 176.842 0.27272727272727915 50 30061.0
575 177.27 177.02 0.2982424242424373 50 30044.5
576 177.19 177.20000000000005 0.2863030303030281 50 30040.5
577 177.66 177.38400000000004 0.27860606060605936 50 30064.0
578 177.89 177.52200000000002 0.250727272727273 50 30075.5
579 177.45 177.49200000000002 0.15193939393940115 50 30053.5
580 177.185 177.47500000000002 0.10045454545453622 50 30040.25
581 177.59 177.555 0.0553030303030359 50 30060.5
582 177.57 177.537 0.02330303030304572 50 30059.5
583 177.6 177.479 0.013545454545463291 50 30061.0
584 177.4 177.46900000000005 0.014696969696967347 50 30051.0
585 177.26 177.48400000000004 -0.011363636363637524 50 30044.0
586 177.3 177.42600000000002 -0.04045454545454277 50 30046.0
587 177.3 177.42600000000002 -0.04045454545454277 50 30046.0
588 177.06 177.324 -0.05263636363636016 50 30034.0
589 177.45 177.294 -0.02093939393940112 0 30053.5
590 177.45 177.294 -0.02093939393940112 0 30053.5
591 177.11 177.23600000000002 -0.03178787878788228 50 30053.5
592 177.38 177.26 -0.04145454545454335 0 30067.0
593 177.38 177.26 -0.04145454545454335 0 30067.0
594 176.98 177.19600000000003 -0.048303030303025345 50 30067.0
595 177.26 177.236 -0.0338181818181792 0 30081.0
596 177.26 177.236 -0.0338181818181792 0 30081.0
597 177.22 177.19 -0.015757575757580567 0 30081.0
598 177 177.168 -0.01842424242423498 50 30081.0
599 177.09 177.11 -0.02066666666667367 50 30085.5
600 176.98 177.11 -0.0241818181818179 50 30080.0
601 176.33 176.92400000000004 -0.07527272727272308 50 30047.5
602 176.33 176.92400000000004 -0.07527272727272308 50 30047.5
603 176.17 176.71400000000003 -0.10024242424242003 0 30039.5
604 176.29 176.572 -0.1258181818181763 0 30039.5
605 176.14 176.38200000000003 -0.131636363636367 0 30039.5
606 176.22 176.23000000000002 -0.14472727272727567 0 30039.5
607 176.47 176.258 -0.11630303030302877 0 30039.5
608 176.47 176.258 -0.11630303030302877 0 30039.5
609 176.47 176.258 -0.11630303030302877 0 30039.5
610 176.47 176.258 -0.11630303030302877 0 30039.5
611 176.67 176.358 -0.0700606060606039 0 30039.5
612 176.64 176.42800000000003 -0.03345454545453586 0 30039.5
613 176.49 176.49800000000002 0.005333333333338365 50 30039.5
614 176.49 176.49800000000002 0.005333333333338365 50 30039.5
615 176.48 176.54999999999998 0.04351515151515577 50 30039.0
616 176.48 176.54999999999998 0.04351515151515577 50 30039.0
617 176.58 176.572 0.049878787878781645 50 30044.0
618 176.66 176.57 0.046909090909091566 50 30048.0
619 176.65 176.572 0.04545454545455505 50 30047.5
620 176.65 176.572 0.04545454545455505 50 30047.5
621 176.65 176.604 0.029636363636364207 50 30047.5
622 176.47 176.60200000000003 0.0031515151515075224 50 30038.5
623 176.47 176.60200000000003 0.0031515151515075224 50 30038.5
624 176.36 176.55800000000005 -0.015696969696967728 50 30033.0
625 176.46 176.518 -0.014424242424230928 50 30038.0
626 176.4 176.46800000000002 -0.01587878787878573 50 30035.0
627 176.52 176.442 -0.017878787878780913 0 30041.0
628 176.57 176.46200000000002 -0.018181818181809917 0 30041.0
629 176.58 176.506 -0.01236363636363578 0 30041.0
630 176.58 176.506 -0.01236363636363578 0 30041.0
631 176.68 176.55 0.004242424242424553 0 30041.0
632 176.64 176.598 0.017757575757577766 50 30041.0
633 176.64 176.598 0.017757575757577766 50 30041.0
634 176.4 176.574 0.01830303030302489 50 30029.0
635 176.36 176.53200000000004 0.007696969696972109 50 30027.0
636 176.36 176.53200000000004 0.007696969696972109 50 30027.0
637 176.075 176.431 -0.02445454545455288 50 30012.75
638 176.08 176.311 -0.04621212121212355 50 30013.0
639 176.39 176.261 -0.050454545454543843 0 30028.5
640 176.35 176.251 -0.04875757575757323 0 30028.5
641 176.47 176.27300000000002 -0.03512121212121145 0 30028.5
642 176.43 176.34400000000002 -0.02178787878787333 0 30028.5
643 176.49 176.42600000000002 0.0033030303030387744 0 30028.5
644 176.59 176.46600000000004 0.03348484848485358 50 30028.5
645 176.52 176.50000000000003 0.04445454545454418 50 30025.0
646 176.54 176.514 0.052393939393941505 50 30026.0
647 176.62 176.55200000000002 0.04351515151515582 50 30030.0
648 176.32 176.51800000000003 0.012000000000006127 50 30015.0
649 176.33 176.466 -0.001212121212118485 50 30015.5
650 176.245 176.41100000000003 -0.021000000000008484 50 30011.25
651 176.225 176.348 -0.03260606060606522 50 30010.25
652 176.39 176.302 -0.03490909090908882 0 30018.5
653 176.49 176.336 -0.027272727272721415 0 30018.5
654 176.65 176.4 -0.004242424242423567 0 30018.5
655 176.83 176.51700000000002 0.023212121212129105 50 30018.5
656 176.9 176.65200000000002 0.05206060606060092 50 30022.0
657 176.91 176.75600000000003 0.08242424242424429 50 30022.5
658 177.11 176.88000000000002 0.10018181818182097 50 30032.5
659 177.18 176.98600000000002 0.11284848484848345 50 30036.0
660 177.2 177.06 0.11063636363636603 50 30037.0
661 177.26 177.132 0.09878787878787386 50 30040.0
662 177.17 177.184 0.08048484848485433 50 30035.5
663 177.27 177.216 0.06484848484848585 50 30040.5
664 177.39 177.258 0.05696969696970136 50 30046.5
665 177.235 177.26500000000001 0.043666666666668505 50 30038.75
666 177.18 177.24900000000002 0.02712121212121126 50 30036.0
667 177.16 177.247 0.006757575757576032 50 30035.0
668 177.23 177.239 0.0005151515151603573 50 30038.5
669 177.14 177.18900000000002 -0.0074242424242409255 50 30034.0
670 177.11 177.164 -0.015181818181814934 50 30032.5
671 177.05 177.138 -0.0211212121212046 50 30029.5
672 176.99 177.10399999999998 -0.03378787878788157 50 30026.5
673 176.72 177.00199999999998 -0.05233333333333905 50 30013.0
674 176.8 176.93400000000003 -0.051848484848475394 50 30017.0
675 176.84 176.88000000000002 -0.052363636363628625 50 30019.0
676 176.82 176.834 -0.05284848484847088 50 30018.0
677 176.8 176.79600000000002 -0.05139393939393099 0 30017.0
678 176.97 176.84600000000003 -0.0316363636363622 0 30017.0
679 176.96 176.87800000000001 -0.015272727272722803 0 30017.0
680 176.9 176.89 -0.001999999999992893 0 30017.0
681 176.99 176.924 0.014727272727279661 50 30017.0
682 177.06 176.976 0.03200000000000018 50 30020.5
683 177.14 177.01000000000002 0.03478787878788485 50 30024.5
684 177.185 177.055 0.040272727272730624 50 30026.75
685 177.31 177.137 0.05057575757576345 50 30033.0
686 177.345 177.20800000000003 0.05575757575757239 50 30034.75
687 177.24 177.24400000000003 0.04751515151515294 50 30029.5
688 177.25 177.26600000000002 0.045818181818187594 50 30030.0
689 177.24 177.27700000000002 0.039515151515153626 50 30029.5
690 177.31 177.277 0.029636363636375503 50 30033.0
691 177.33 177.274 0.02187878787878598 50 30034.0
692 177.22 177.26999999999998 0.008666666666667726 50 30028.5
693 177.16 177.252 -0.004424242424233745 50 30025.5
694 177.1 177.224 -0.01803030303029565 50 30022.5
695 177.07 177.176 -0.023909090909089506 50 30021.0
696 177.02 177.114 -0.02727272727272438 50 30018.5
697 177.07 177.084 -0.03096969696970339 50 30021.0
698 177.17 177.08599999999998 -0.026484848484845842 0 30026.0
699 177.2 177.106 -0.02006060606059843 0 30026.0
700 177.37 177.166 0.0007878787878787268 0 30026.0
701 177 177.162 0.0020606060606032307 50 30026.0
702 176.96 177.14 -0.0021818181818122275 50 30024.0
703 177.17 177.14 0.004181818181819348 0 30034.5
704 177.24 177.148 0.010242424242420951 50 30034.5
705 177.13 177.10000000000002 0.006606060606077392 0 30029.0
706 177.17 177.134 0.0010909090909160366 0 30029.0
707 177.2 177.18200000000002 -0.0012727272727217896 0 30029.0
708 177 177.148 -0.009454545454547455 50 30029.0
709 176.81 177.06199999999998 -0.023939393939394853 50 30019.5
710 176.91 177.018 -0.016909090909086103 50 30024.5
711 176.86 176.95600000000002 -0.03169696969697278 50 30022.0
712 176.805 176.877 -0.050454545454537765 50 30019.25
713 176.67 176.81100000000004 -0.06069696969696426 50 30012.5
714 176.67 176.78300000000002 -0.06021212121212796 50 30012.5
715 176.62 176.72500000000002 -0.06287878787878345 50 30010.0
716 176.51 176.655 -0.06269696969696703 50 30004.5
717 176.53 176.6 -0.05142424242423186 50 30005.5
718 176.56 176.57800000000003 -0.0437272727272757 50 30007.0
719 176.605 176.56500000000003 -0.04090909090908704 0 30009.25
720 176.74 176.58900000000003 -0.02157575757574999 0 30009.25
721 176.69 176.625 -0.00624242424242609 0 30009.25
722 176.65 176.64900000000003 0.005303030303027755 0 30009.25
723 176.39 176.615 -0.004454545454536123 50 30009.25
724 176.32 176.55800000000002 -0.014636363636353917 50 30005.75
725 176.2 176.45000000000002 -0.03045454545454831 50 29999.75
726 176.12 176.336 -0.05287878787878827 50 29995.75
727 176.17 176.24000000000004 -0.06651515151515602 0 29998.25
728 175.99 176.16000000000003 -0.08360606060605734 50 29998.25
729 176.11 176.11800000000002 -0.08424242424242182 50 30004.25
730 176.165 176.11100000000002 -0.06687878787878279 0 30007.0
731 176.03 176.09300000000002 -0.053242424242419664 50 30007.0
732 175.89 176.03699999999998 -0.04190909090909363 50 30000.0
733 175.69 175.977 -0.04960606060605842 50 29990.0
734 175.89 175.933 -0.042575757575760036 50 30000.0
735 175.68 175.83599999999998 -0.049787878787885376 50 29989.5
736 175.77 175.784 -0.051121212121216356 50 29994.0
737 175.82 175.76999999999998 -0.04215151515151446 0 29996.5
738 175.81 175.794 -0.04148484848484112 0 29996.5
739 175.92 175.8 -0.02463636363635248 0 29996.5
740 175.86 175.836 -0.005090909090902933 0 29996.5
741 175.58 175.798 -0.006121212121212346 50 29996.5
742 175.57 175.74800000000002 -0.011575757575750195 50 29996.0
743 175.48 175.68200000000002 -0.03139393939393524 50 29991.5
744 175.31 175.56000000000003 -0.0446060606060607 50 29983.0
745 175.26 175.44 -0.06751515151514514 0 29980.5
746 175.43 175.41 -0.07006060606060731 0 29980.5
747 175.54 175.40400000000002 -0.05915151515151426 0 29980.5
748 175.49 175.40600000000003 -0.048242424242425176 0 29980.5
749 175.48 175.44000000000003 -0.026666666666674627 0 29980.5
750 175.64 175.51600000000002 0.004969696969698017 0 29980.5
751 175.62 175.554 0.019515151515154858 50 29980.5
752 175.685 175.583 0.03645454545454282 50 29983.75
753 175.605 175.606 0.04163636363636856 50 29979.75
754 175.35 175.58 0.0200606060606059 50 29967.0
755 175.32 175.516 -0.0069696969697003435 50 29965.5
756 175.315 175.45499999999998 -0.023666666666653517 50 29965.25
757 175.46 175.41 -0.023727272727254188 0 29972.5
758 175.53 175.395 -0.022333333333327623 0 29972.5
759 175.8 175.485 -0.007363636363626825 0 29972.5
760 175.65 175.551 0.00621212121212826 0 29972.5
761 175.77 175.642 0.024878787878796146 50 29972.5
762 175.87 175.72400000000002 0.05151515151514976 50 29977.5
763 175.82 175.78200000000004 0.06784848484848048 50 29975.0
764 175.89 175.8 0.06839393939394284 50 29978.5
765 175.99 175.86800000000002 0.06584848484848302 50 29983.5
766 176.1 175.934 0.06084848484848225 50 29989.0
767 176.17 175.994 0.05981818181818107 50 29992.5
768 176.15 176.06 0.053757575757572215 50 29991.5
769 176.19 176.12 0.06036363636363902 50 29993.5
770 175.98 176.11800000000002 0.04078787878788344 50 29983.0
771 175.99 176.096 0.025757575757573505 50 29983.5
772 175.94 176.05 0.01200000000000097 50 29981.0
773 175.9 176.0 -0.00812121212121405 50 29979.0
774 175.825 175.927 -0.028636363636369545 50 29975.25
775 176.11 175.953 -0.02615151515151896 0 29989.5
776 175.95 175.945 -0.026515151515149046 0 29989.5
777 175.815 175.92000000000002 -0.0277575757575759 50 29989.5
778 175.86 175.912 -0.023575757575750964 50 29991.75
779 175.675 175.882 -0.023303030303031297 50 29982.5
780 175.58 175.77600000000004 -0.035969696969696804 50 29977.75
781 175.26 175.638 -0.06057575757576993 50 29961.75
782 175.38 175.55100000000002 -0.07312121212119846 50 29967.75
783 175.53 175.48499999999999 -0.07336363636363873 0 29975.25
784 175.68 175.486 -0.06593939393939471 0 29975.25
785 175.7 175.51 -0.03666666666667025 0 29975.25
786 175.61 175.58000000000004 -0.017999999999993785 0 29975.25
787 175.88 175.68 0.010515151515148407 50 29975.25
788 175.78 175.73000000000002 0.03578787878787572 50 29970.25
789 175.92 175.778 0.05733333333334307 50 29977.25
790 175.97 175.832 0.07230303030302891 50 29979.75
791 175.96 175.902 0.060666666666668013 50 29979.25
792 175.94 175.914 0.04745454545454208 50 29978.25
793 176.04 175.96599999999998 0.04290909090908737 50 29983.25
794 176.055 175.993 0.043000000000000635 50 29984.0
795 176.19 176.037 0.04724242424242356 50 29990.75
796 176.25 176.095 0.04281818181819288 50 29993.75
797 176.17 176.14100000000002 0.044272727272735096 50 29989.75
798 176.05 176.14300000000003 0.02900000000000892 50 29983.75
799 176.11 176.15400000000002 0.023060606060616915 50 29986.75
800 175.95 176.10600000000002 0.009424242424241853 50 29978.75
801 175.8 176.016 -0.012818181818173971 50 29971.25
802 175.63 175.90800000000002 -0.04372727272726621 50 29962.75
803 175.82 175.86200000000002 -0.05384848484848541 50 29972.25
804 175.83 175.80599999999998 -0.059757575757572116 0 29972.75
805 176.87 175.99 0.0027878787878748796 0 29972.75
806 176.65 176.16 0.04909090909091528 50 29972.75
807 176.45 176.324 0.07430303030303301 50 29962.75
808 173.16 175.792 -0.09133333333333563 50 29798.25
809 173.99 175.424 -0.17266666666666156 0 29839.75
810 172.19 174.488 -0.3371515151515146 0 29839.75
811 172.64 173.686 -0.4415151515151577 0 29839.75
812 173.19 173.03400000000002 -0.48890909090909396 0 29839.75
813 171.85 172.77200000000002 -0.5671515151515243 50 29839.75
814 171.6 172.294 -0.6102424242424213 0 29827.25
815 172.11 172.278 -0.5049090909090935 50 29827.25
816 171.12 171.974 -0.4105454545454562 0 29777.75
817 170.82 171.5 -0.27884848484848185 0 29777.75
818 171.1 171.35 -0.28296969696969615 0 29777.75
819 171.26 171.28200000000004 -0.19806060606061437 50 29777.75
820 171.26 171.11200000000002 -0.20006060606060333 0 29777.75
821 172.23 171.334 -0.1078787878787734 0 29777.75
822 172.74 171.71800000000002 0.053757575757566935 50 29777.75
823 172.62 172.022 0.12496969696969665 50 29771.75
824 172.49 172.26800000000003 0.1630909090909049 50 29765.25
825 172.38 172.49200000000002 0.21842424242425004 50 29759.75
826 173.19 172.684 0.24866666666666631 50 29800.25
827 172.89 172.714 0.21745454545454718 50 29785.25
828 172.65 172.72 0.16672727272727136 50 29773.25
829 172.71 172.764 0.111151515151513 50 29776.25
830 172.81 172.85000000000002 0.04345454545454609 50 29781.25
831 173.2 172.85200000000003 0.042909090909097454 50 29800.75
832 173.38 172.95 0.07442424242424982 50 29809.75
833 173.24 173.068 0.08254545454545911 50 29802.75
834 173.13 173.15200000000002 0.06848484848485542 50 29797.25
835 173.05 173.20000000000002 0.03496969696969335 50 29793.25
836 173.14 173.18800000000005 0.052242424242427116 50 29797.75
837 173.29 173.17000000000002 0.058303030303028934 50 29805.25
838 173.57 173.236 0.05878787878787836 50 29819.25
839 173.58 173.32600000000002 0.05266666666667332 50 29819.75
840 173.44 173.404 0.035030303030314965 50 29812.75
841 173.41 173.45800000000003 0.03412121212121528 50 29811.25
842 174.02 173.604 0.07593939393939517 50 29841.75
843 173.85 173.66 0.09139393939394069 50 29833.25
844 173.98 173.74 0.0992121212121194 50 29839.75
845 174.07 173.86599999999999 0.09630303030303133 50 29844.25
846 173.85 173.954 0.07503030303030545 50 29833.25
847 173.82 173.91400000000002 0.053515151515156685 50 29831.75
848 173.99 173.942 0.05351515151516068 50 29840.25
849 173.91 173.92800000000003 0.044727272727276834 50 29836.25
850 173.72 173.858 0.012242424242421515 50 29826.75
851 173.65 173.81800000000004 -0.02945454545453992 50 29823.25
852 173.55 173.76400000000004 -0.03884848484848621 50 29818.25
853 173.59 173.68400000000003 -0.051696969696967 50 29820.25
854 173.6 173.62199999999999 -0.052181818181813604 50 29820.75
855 173.56 173.58999999999997 -0.04424242424242455 50 29818.75
856 173.28 173.51600000000002 -0.060060606060605586 50 29804.75
857 173.39 173.484 -0.0649696969696969 50 29810.25
858 173.13 173.392 -0.06751515151514782 50 29797.25
859 173.08 173.288 -0.0676969696969716 50 29794.75
860 173.22 173.22000000000003 -0.06284848484848095 50 29801.75
861 173.37 173.23800000000003 -0.0484242424242344 0 29809.25
862 173.44 173.248 -0.033454545454537306 0 29809.25
863 173.38 173.298 -0.01775757575757393 0 29809.25
864 173.31 173.34400000000002 -0.002666666666656295 50 29809.25
865 173.22 173.344 0.008363636363635515 50 29804.75
866 173.31 173.33200000000002 0.00975757575758199 50 29809.25
867 173.31 173.306 0.018121212121207972 50 29809.25
868 173.11 173.252 -0.0007878787878807123 50 29799.25
869 173.07 173.204 -0.024969696969692833 50 29797.25
870 173.29 173.21800000000002 -0.027696969696963614 0 29808.25
871 173.28 173.212 -0.02181818181817743 0 29808.25
872 173.28 173.212 -0.02181818181817743 0 29808.25
873 173.07 173.16400000000002 -0.02163636363636108 50 29808.25
874 172.825 173.107 -0.03433333333333402 50 29796.0
875 172.83 173.059 -0.04469696969697138 50 29796.25
876 172.93 172.98700000000002 -0.04978787878787124 50 29801.25
877 172.55 172.841 -0.06609090909090211 0 29782.25
878 172.6 172.74700000000004 -0.07045454545453511 50 29782.25
879 172.63 172.70800000000003 -0.07790909090908807 50 29783.75
880 172.65 172.67200000000003 -0.08112121212120776 50 29784.75
881 172.52 172.59000000000003 -0.07166666666665794 50 29778.25
882 172.71 172.622 -0.04318181818181965 0 29787.75
883 172.655 172.63300000000004 -0.024787878787883813 0 29787.75
884 172.59 172.625 -0.0212424242424236 50 29787.75
885 172.82 172.659 -0.0019696969696947416 0 29799.25
886 172.86 172.727 0.02627272727272922 50 29799.25
887 172.69 172.723 0.020757575757576276 50 29790.75
888 172.52 172.69600000000003 0.007606060606069367 50 29782.25
889 172.69 172.716 0.0066969696969642195 50 29790.75
890 172.55 172.66200000000003 -0.0012424242424204238 50 29783.75
891 172.55 172.60000000000002 -0.016636363636364816 50 29783.75
892 172.54 172.57000000000002 -0.020272727272725125 50 29783.25
893 172.66 172.598 -0.01896969696969991 0 29789.25
894 172.67 172.59400000000002 -0.02151515151514125 0 29789.25
895 172.67 172.618 -0.009696969696971251 0 29789.25
896 172.28 172.56400000000002 -0.014666666666667907 50 29789.25
897 172.17 172.48999999999998 -0.02993939393939822 50 29783.75
898 172 172.358 -0.059515151515140315 50 29775.25
899 172.31 172.286 -0.054545454545458595 0 29790.75
900 172.25 172.202 -0.057575757575762394 0 29790.75
901 172.09 172.16400000000002 -0.06569696969696116 50 29790.75
902 172.09 172.16400000000002 -0.06569696969696116 50 29790.75
903 172.05 172.14 -0.0710909090909046 50 29788.75
904 171.89 172.118 -0.07127272727273254 50 29780.75
905 171.96 172.048 -0.057636363636361994 50 29784.25
906 172.18 172.03400000000002 -0.023393939393930033 0 29795.25
907 172.25 172.06600000000003 -0.005393939393942233 0 29795.25
908 172.26 172.108 0.006181818181804681 0 29795.25
909 172.06 172.14200000000002 -0.00557575757575484 50 29795.25
910 171.8 172.11 -0.011575757575746193 50 29782.25
911 171.9 172.054 -0.009939393939384585 50 29787.25
912 171.8 171.96400000000003 -0.02018181818181751 50 29782.25
913 172.1 171.93200000000002 -0.013212121212109669 0 29797.25
914 172.42 172.00400000000005 -6.060606061669377e-05 0 29797.25
915 172.67 172.178 0.024969696969697787 50 29797.25
916 172.74 172.346 0.059878787878800716 50 29800.75
917 172.6 172.506 0.08503030303030205 50 29793.75
918 172.61 172.608 0.10715151515151389 50 29794.25
919 172.65 172.65400000000002 0.11387878787879412 50 29796.25
920 172.76 172.672 0.10212121212121092 50 29801.75
921 172.76 172.676 0.08539393939393941 50 29801.75
922 172.68 172.692 0.0472121212121254 50 29797.75
923 172.995 172.769 0.03554545454545384 50 29813.5
924 172.75 172.78900000000002 0.021000000000004456 50 29801.25
925 172.75 172.78900000000002 0.021000000000004456 50 29801.25
926 172.29 172.695 -0.005969696969690052 50 29778.25
927 172.2 172.583 -0.02857575757575353 50 29773.75
928 172.065 172.46 -0.06133333333333785 50 29767.0
929 171.89 172.23900000000003 -0.096484848484851 0 29758.25
930 171.72 172.03300000000002 -0.1295151515151417 0 29758.25
931 171.8 171.93500000000003 -0.13957575757575316 50 29758.25
932 171.8 171.93500000000003 -0.13957575757575316 50 29758.25
933 171.85 171.865 -0.13527272727272752 50 29760.75
934 171.89 171.83000000000004 -0.1230909090909086 0 29762.75
935 172.1 171.872 -0.06887878787878496 0 29762.75
936 171.975 171.92300000000003 -0.026969696969686516 0 29762.75
937 172.18 171.999 0.004848484848491807 0 29762.75
938 172.24 172.07700000000003 0.03527272727273319 50 29762.75
939 172.2 172.139 0.05403030303030827 50 29760.75
940 172.54 172.227 0.0780303030303107 50 29777.75
941 172.35 172.302 0.07245454545454871 50 29768.25
942 172.62 172.39000000000001 0.07930303030302625 50 29781.75
943 172.69 172.48000000000002 0.08336363636363125 50 29785.25
944 172.81 172.60200000000003 0.0864545454545419 50 29791.25
945 172.99 172.69200000000004 0.10221212121212625 50 29800.25
946 172.93 172.80800000000005 0.09557575757576009 50 29797.25
947 172.74 172.83200000000002 0.08066666666667055 50 29787.75
948 172.655 172.82500000000002 0.05833333333333746 50 29783.5
949 173 172.863 0.04712121212120902 50 29800.75
950 173.14 172.89300000000003 0.05651515151515205 50 29807.75
951 173.28 172.96300000000002 0.053606060606064466 50 29814.75
952 172.96 173.007 0.039969696969694185 50 29798.75
953 172.99 173.07400000000004 0.028515151515162814 50 29800.25
954 172.99 173.07400000000004 0.028515151515162814 50 29800.25
955 173.52 173.17800000000003 0.05033333333333407 50 29826.75
956 173.18 173.186 0.056999999999995984 50 29809.75
957 173.21 173.172 0.05899999999999842 50 29811.25
958 173.27 173.234 0.048212121212128235 50 29814.25
959 173.28 173.292 0.02587878787879111 50 29814.75
