time-hour stock-price avg-price-5-min regression-coef number-of-stocks portfolio-value 570 193.77 194.61 -0.06469696969696 0 30000.0
571 194.02 194.436 -0.09045454545454128 0 30000.0
572 194.21 194.31600000000003 -0.1009393939393798 0 30000.0
573 194.32 194.22600000000003 -0.0999090909090898 0 30000.0
574 194.28 194.12 -0.09257575757576145 0 30000.0
575 194.4 194.246 -0.07224242424242779 0 30000.0
576 194.33 194.30800000000002 -0.04678787878786665 0 30000.0
577 194.64 194.394 -0.0029696969696969807 0 30000.0
578 194.65 194.46 0.0407878787878828 50 30000.0
579 194.39 194.48200000000003 0.07448484848485475 50 29987.0
580 194.39 194.48000000000002 0.043939393939393875 50 29987.0
581 194.61 194.536 0.03454545454545084 50 29998.0
582 194.605 194.529 0.03039393939394214 50 29997.75
583 194.46 194.49099999999999 0.020878787878791494 50 29990.5
584 194.4 194.493 0.0037272727272730233 50 29987.5
585 194.44 194.50300000000001 -0.004696969696969463 50 29989.5
586 194.64 194.50900000000001 -0.007363636363639161 0 29999.5
587 194.26 194.44000000000003 -0.013848484848481337 0 29999.5
588 194.58 194.464 0.00239393939393564 0 29999.5
589 194.43 194.47 -0.0060303030302937865 0 29999.5
590 194.7 194.522 -0.00021212121213061742 0 29999.5
591 194.79 194.552 0.021424242424247397 50 29999.5
592 194.86 194.672 0.04436363636363806 50 30003.0
593 194.74 194.704 0.048000000000010375 50 29997.0
594 194.71 194.76000000000002 0.04260606060605372 50 29995.5
595 194.61 194.74200000000002 0.03066666666666121 50 29990.5
596 194.79 194.74200000000002 0.03981818181819012 50 29999.5
597 194.94 194.758 0.030000000000002698 50 30007.0
598 194.77 194.764 0.02399999999998961 50 29998.5
599 195.16 194.854 0.026969696969696234 50 30018.0
600 195.05 194.942 0.033090909090910114 50 30012.5
601 195.13 195.01000000000005 0.04533333333333309 50 30016.5
602 195.08 195.038 0.05539393939393597 50 30014.0
603 195.05 195.094 0.05315151515151099 50 30012.5
604 195.04 195.07000000000002 0.04460606060606152 50 30012.0
605 194.88 195.036 0.01666666666666174 50 30004.0
606 194.84 194.978 -0.004727272727263348 50 30002.0
607 194.78 194.918 -0.019999999999991264 50 29999.0
608 194.79 194.866 -0.04412121212120319 50 29999.5
609 194.73 194.804 -0.04575757575756528 50 29996.5
610 194.9 194.808 -0.040242424242420756 0 30005.0
611 194.86 194.812 -0.02975757575757173 0 30005.0
612 194.75 194.80599999999998 -0.025333333333324094 0 30005.0
613 194.6 194.76800000000003 -0.027090909090910685 0 30005.0
614 194.66 194.75400000000002 -0.020787878787877922 0 30005.0
615 194.59 194.692 -0.02436363636363085 0 30005.0
616 194.71 194.66200000000003 -0.0205454545454422 0 30005.0
617 194.66 194.644 -0.021878787878788702 0 30005.0
618 194.795 194.68300000000002 -0.013727272727264034 0 30005.0
619 194.77 194.70500000000004 -0.010999999999996691 0 30005.0
620 194.77 194.74100000000004 0.0025757575757629227 0 30005.0
621 194.91 194.78100000000003 0.022696969696966964 50 30005.0
622 195.15 194.87900000000002 0.04796969696970084 50 30017.0
623 195.1 194.94000000000003 0.055666666666663624 50 30014.5
624 194.77 194.94000000000003 0.043303030303025375 50 29998.0
625 194.81 194.94800000000004 0.027121212121212757 50 30000.0
626 194.735 194.913 0.012181818181821501 50 29996.25
627 194.68 194.81900000000005 -0.009393939393931065 50 29993.5
628 194.72 194.74300000000005 -0.02003030303030543 50 29995.5
629 194.67 194.723 -0.03415151515151381 50 29993.0
630 194.45 194.651 -0.05906060606060068 50 29982.0
631 194.47 194.598 -0.06966666666665497 50 29983.0
632 194.52 194.566 -0.05621212121212586 50 29985.5
633 194.52 194.526 -0.03845454545453753 50 29985.5
634 194.39 194.47000000000003 -0.04275757575757528 50 29979.0
635 194.42 194.464 -0.03815151515151018 50 29980.5
636 194.58 194.486 -0.025090909090908015 0 29988.5
637 194.655 194.51300000000003 -0.00972727272725857 0 29988.5
638 194.79 194.567 0.015969696969699694 50 29988.5
639 194.92 194.67300000000003 0.044575757575763555 50 29995.0
640 195.02 194.793 0.06093939393939263 50 30000.0
641 195.07 194.89100000000002 0.07445454545454085 50 30002.5
642 194.94 194.948 0.0769393939394081 50 29996.0
643 195 194.99 0.07760606060605514 50 29999.0
644 194.87 194.98000000000002 0.05669696969698767 50 29992.5
645 194.97 194.97 0.03742424242423765 50 29997.5
646 195.48 195.05200000000002 0.04996969696969771 50 30023.0
647 195.49 195.16200000000003 0.05715151515151375 50 30023.5
648 195.81 195.324 0.08066666666667272 50 30039.5
649 195.74 195.49800000000002 0.0966666666666761 50 30036.0
650 195.86 195.67600000000002 0.11593939393940156 50 30042.0
651 195.93 195.76600000000002 0.13218181818182068 50 30045.5
652 195.83 195.834 0.12387878787879637 50 30040.5
653 195.62 195.79600000000002 0.09733333333333814 50 30030.0
654 195.54 195.756 0.050242424242419696 50 30026.0
655 195.51 195.686 6.060606060599565e-05 50 30024.5
656 195.4 195.58 -0.028666666666666226 50 30019.0
657 195.31 195.47600000000003 -0.060666666666660166 50 30014.5
658 195.26 195.40400000000002 -0.07187878787879558 50 30012.0
659 195.15 195.32600000000002 -0.08709090909089898 50 30006.5
660 195.37 195.29800000000003 -0.07515151515152946 0 30017.5
661 195.275 195.27300000000002 -0.05778787878787101 0 30017.5
662 195.125 195.23600000000002 -0.04733333333333162 0 30017.5
663 195.175 195.21900000000002 -0.03960606060604922 0 30017.5
664 195.32 195.25300000000001 -0.023909090909095255 0 30017.5
665 195.25 195.229 -0.011363636363636104 0 30017.5
666 195.27 195.228 -0.0019090909090741337 0 30017.5
667 195.21 195.245 -0.0001515151515152124 0 30017.5
668 195.29 195.268 0.003848484848488132 0 30017.5
669 195.19 195.24200000000002 -0.0053030303030299685 0 30017.5
670 195.24 195.24 0.002454545454555507 0 30017.5
671 195.27 195.24 0.0070909090909051925 0 30017.5
672 195.05 195.20800000000003 -0.010212121212127409 0 30017.5
673 195.06 195.16200000000003 -0.02272727272726244 0 30017.5
674 194.945 195.11300000000003 -0.03045454545454451 0 30017.5
675 194.94 195.053 -0.038575757575757624 0 30017.5
676 194.97 194.99300000000002 -0.039969696969702054 0 30017.5
677 195.02 194.98700000000002 -0.03899999999999278 0 30017.5
678 195.04 194.98300000000003 -0.029303030303028936 0 30017.5
679 195.08 195.01 -0.021060606060593914 0 30017.5
680 195.01 195.024 -0.011969696969690458 0 30017.5
681 194.97 195.024 -0.00027272727272191553 0 30017.5
682 194.97 195.014 0.0003939393939407164 50 30017.5
683 195.03 195.012 0.005969696969701774 0 30020.5
684 195.06 195.008 0.005878787878786661 0 30020.5
685 195.04 195.014 0.0029696969696967283 0 30020.5
686 195.14 195.048 0.006303030303033283 0 30020.5
687 195.03 195.06 0.004909090909098491 50 30020.5
688 194.96 195.046 0.0009090909090837487 50 30017.0
689 194.92 195.018 -0.0016363636363629641 50 30015.0
690 195.01 195.012 -0.0020000000000034413 50 30019.5
691 194.98 194.98000000000002 -0.006666666666661715 50 30018.0
692 194.89 194.95200000000003 -0.016363636363631435 50 30013.5
693 195.06 194.972 -0.011818181818170539 0 30022.0
694 195.02 194.99200000000002 -0.007818181818176798 0 30022.0
695 194.785 194.947 -0.01748484848484159 0 30022.0
696 194.69 194.889 -0.02257575757574482 0 30022.0
697 194.67 194.845 -0.030636363636353022 0 30022.0
698 194.69 194.77100000000002 -0.03790909090908284 0 30022.0
699 194.78 194.723 -0.039666666666658225 0 30022.0
700 194.84 194.73400000000004 -0.03045454545455283 0 30022.0
701 194.87 194.76999999999998 -0.01954545454545333 0 30022.0
702 194.96 194.82800000000003 -0.008393939393941618 0 30022.0
703 195.03 194.89600000000002 0.01706060606061474 50 30022.0
704 194.97 194.934 0.03693939393940004 50 30019.0
705 194.9 194.94600000000003 0.03793939393939823 50 30015.5
706 194.84 194.94 0.02793939393939736 50 30012.5
707 194.92 194.93200000000002 0.01915151515150994 50 30016.5
708 194.93 194.91200000000003 0.009212121212123501 50 30017.0
709 194.86 194.89000000000001 -0.0014545454545452912 50 30013.5
710 194.89 194.88800000000003 -0.007454545454545308 0 30015.0
711 194.83 194.88600000000002 -0.015333333333338982 0 30015.0
712 194.69 194.84000000000003 -0.02436363636363706 0 30015.0
713 194.705 194.79500000000004 -0.02463636363635263 0 30015.0
714 194.74 194.77100000000004 -0.023060606060600796 0 30015.0
715 194.75 194.743 -0.022818181818184357 0 30015.0
716 194.78 194.733 -0.023121212121209704 0 30015.0
717 194.87 194.769 -0.012454545454559245 0 30015.0
718 194.79 194.78600000000003 -0.004878787878786953 0 30015.0
719 194.7 194.77800000000002 -0.005181818181821627 0 30015.0
720 194.82 194.792 0.004999999999989793 0 30015.0
721 194.82 194.792 0.004999999999989793 0 30015.0
722 194.87 194.81 0.01475757575758098 50 30015.0
723 194.83 194.80200000000002 0.012515151515153903 50 30013.0
724 194.81 194.80599999999998 0.008484848484847993 0 30012.0
725 194.77 194.82000000000002 0.0033333333333330504 50 30012.0
726 194.84 194.824 0.0023030303030322067 0 30015.5
727 194.88 194.82600000000002 0.008363636363643307 0 30015.5
728 194.96 194.85200000000003 0.01557575757576552 50 30015.5
729 194.9 194.87 0.017090909090923062 50 30012.5
730 194.83 194.882 0.007454545454544018 50 30009.0
731 194.75 194.86400000000003 -0.00012121212120953896 50 30005.0
732 194.75 194.83800000000002 -0.0035151515151547854 50 30005.0
733 194.71 194.788 -0.010303030303029615 50 30003.0
734 194.57 194.72200000000004 -0.024606060606058834 50 29996.0
735 194.54 194.66400000000004 -0.0403030303030276 50 29994.5
736 194.58 194.63 -0.04636363636364685 50 29996.5
737 194.5 194.58 -0.05096969696969627 50 29992.5
738 194.5 194.538 -0.045636363636369935 50 29992.5
739 194.55 194.53400000000002 -0.036000000000002405 0 29995.0
740 194.39 194.50400000000002 -0.035515151515153096 0 29995.0
741 194.59 194.50600000000003 -0.02412121212121029 0 29995.0
742 194.46 194.498 -0.017878787878782255 0 29995.0
743 194.55 194.508 -0.005878787878781023 0 29995.0
744 194.515 194.501 -0.0031818181818131985 0 29995.0
745 194.84 194.591 0.01590909090908466 50 29995.0
746 194.82 194.637 0.03293939393938456 50 29994.0
747 194.74 194.693 0.03736363636364008 50 29990.0
748 194.77 194.73700000000002 0.04051515151515681 50 29991.5
749 194.75 194.784 0.04263636363637148 50 29990.5
750 194.77 194.77000000000004 0.03275757575757958 50 29991.5
751 194.76 194.75800000000004 0.03106060606059788 50 29991.0
752 194.85 194.78 0.023545454545463827 50 29995.5
753 194.81 194.788 0.01512121212121045 50 29993.5
754 194.8 194.79800000000003 0.0006666666666626199 0 29993.0
755 194.79 194.802 0.0038787878787968216 50 29993.0
756 194.69 194.788 0.0009090909090936192 50 29988.0
757 194.64 194.746 -0.008545454545461528 50 29985.5
758 194.68 194.72 -0.012606060606061998 50 29987.5
759 194.65 194.69 -0.01854545454544976 50 29986.0
760 194.73 194.67800000000003 -0.01757575757575564 0 29990.0
761 194.71 194.68200000000002 -0.017878787878784053 0 29990.0
762 194.73 194.70000000000002 -0.010484848484848864 0 29990.0
763 194.58 194.68 -0.012484848484845656 0 29990.0
764 194.57 194.664 -0.012909090909083145 0 29990.0
765 194.675 194.65300000000002 -0.005484848484849342 0 29990.0
766 194.77 194.66500000000002 0.0018484848484921375 0 29990.0
767 194.83 194.68500000000003 0.008151515151518905 0 29990.0
768 194.89 194.747 0.018090909090919743 50 29990.0
769 194.98 194.82900000000004 0.028393939393937303 50 29994.5
770 195.02 194.89800000000002 0.042212121212125586 50 29996.5
771 194.905 194.925 0.0449090909090894 50 29990.75
772 194.94 194.947 0.04848484848484844 50 29992.5
773 194.94 194.957 0.03951515151515496 50 29992.5
774 194.89 194.93900000000002 0.022787878787886982 50 29990.0
775 194.9 194.91500000000002 0.009727272727273629 50 29990.5
776 194.95 194.92400000000004 0.002999999999997527 0 29993.0
777 194.96 194.928 -0.001363636363638164 0 29993.0
778 194.9 194.92000000000002 -0.00657575757575399 0 29993.0
779 194.83 194.90800000000002 -0.009727272727259005 0 29993.0
780 194.9 194.90800000000002 -0.004575757575756056 0 29993.0
781 194.82 194.882 -0.01000000000000548 0 29993.0
782 194.8 194.85000000000002 -0.013151515151500101 0 29993.0
783 194.82 194.834 -0.01351515151514951 0 29993.0
784 194.87 194.84199999999998 -0.013030303030299574 0 29993.0
785 194.92 194.84600000000003 -0.00890909090909042 0 29993.0
786 194.94 194.87 -0.0006060606060566922 0 29993.0
787 194.9 194.89 0.006303030303038682 0 29993.0
788 194.91 194.908 0.01048484848484899 50 29993.0
789 194.76 194.88600000000002 0.0016969696969655215 50 29985.5
790 194.65 194.832 -0.007575757575755831 50 29980.0
791 194.6 194.764 -0.021878787878791196 50 29977.5
792 194.7 194.724 -0.029393939393933505 50 29982.5
793 194.68 194.67800000000003 -0.03545454545454184 0 29981.5
794 194.59 194.644 -0.04139393939393002 0 29981.5
795 194.51 194.61599999999999 -0.044969696969688104 0 29981.5
796 194.55 194.60600000000002 -0.04006060606060361 0 29981.5
797 194.56 194.57800000000003 -0.03254545454544469 0 29981.5
798 194.62 194.56600000000003 -0.016969696969681872 0 29981.5
799 194.63 194.574 -0.007333333333322456 0 29981.5
800 194.74 194.62000000000003 0.002545454545456504 0 29981.5
801 194.74 194.65800000000004 0.008000000000011177 0 29981.5
802 194.68 194.68200000000004 0.01515151515151319 0 29981.5
803 194.67 194.69200000000004 0.020666666666678723 0 29981.5
804 194.7 194.70600000000002 0.021939393939399508 0 29981.5
805 194.62 194.68200000000002 0.012181818181822892 0 29981.5
806 194.65 194.66400000000002 0.005393939393937989 50 29981.5
807 194.59 194.64600000000002 -0.0052121212121177575 50 29978.5
808 194.59 194.63000000000002 -0.012181818181825593 50 29978.5
809 194.62 194.61400000000003 -0.016484848484852103 0 29980.0
810 194.61 194.61200000000002 -0.013878787878778505 0 29980.0
811 194.52 194.586 -0.014606060606055713 0 29980.0
812 194.51 194.57 -0.017212121212118046 0 29980.0
813 194.575 194.56699999999998 -0.014878787878794663 0 29980.0
814 194.64 194.571 -0.00584848484848325 0 29980.0
815 194.59 194.567 -0.004151515151506483 0 29980.0
816 194.61 194.585 0.0010000000000014336 0 29980.0
817 194.56 194.595 -9.090909089771708e-05 0 29980.0
818 194.52 194.584 -0.002999999999996483 0 29980.0
819 194.49 194.554 -0.0046969696969625715 0 29980.0
820 194.48 194.53199999999998 -0.006030303030294918 0 29980.0
821 194.55 194.52 -0.007969696969697355 0 29980.0
822 194.55 194.518 -0.010939393939393121 0 29980.0
823 194.56 194.526 -0.009515151515147938 0 29980.0
824 194.58 194.544 -0.0024848484848502377 0 29980.0
825 194.62 194.57200000000003 0.004121212121210384 0 29980.0
826 194.57 194.57600000000002 0.008969696969708015 50 29980.0
827 194.59 194.584 0.012060606060609385 50 29981.0
828 194.61 194.59400000000002 0.013212121212132189 50 29982.0
829 194.59 194.59600000000003 0.010181818181826051 50 29981.0
830 194.63 194.598 0.007454545454543982 0 29983.0
831 194.65 194.61400000000003 0.008666666666662205 0 29983.0
832 194.57 194.61 0.004303030303026414 50 29983.0
833 194.55 194.598 -0.000727272727271359 50 29982.0
834 194.58 194.596 -0.0026666666666649826 50 29983.5
835 194.55 194.58 -0.003575757575750034 50 29982.0
836 194.58 194.566 -0.005333333333332446 0 29983.5
837 194.58 194.568 -0.005878787878780769 0 29983.5
838 194.57 194.572 -0.005515151515149016 0 29983.5
839 194.565 194.56900000000002 -0.006272727272726787 0 29983.5
840 194.52 194.56300000000002 -0.006515151515147217 0 29983.5
841 194.52 194.55100000000002 -0.0040909090909128695 0 29983.5
842 194.6 194.555 -0.0010606060605907771 0 29983.5
843 194.63 194.567 0.0019090909090923199 0 29983.5
844 194.57 194.56799999999998 0.0026363636363634572 0 29983.5
845 194.41 194.54600000000002 -0.007242424242421153 0 29983.5
846 194.49 194.54 -0.00906060606061057 0 29983.5
847 194.48 194.51600000000002 -0.010333333333332048 0 29983.5
848 194.37 194.46400000000003 -0.017060606060603827 0 29983.5
849 194.33 194.41600000000003 -0.023878787878787465 0 29983.5
850 194.31 194.39600000000002 -0.031939393939385455 0 29983.5
851 194.32 194.36200000000002 -0.03690909090909891 0 29983.5
852 194.29 194.324 -0.03575757575756465 0 29983.5
853 194.24 194.29800000000003 -0.03157575757574051 0 29983.5
854 194.25 194.282 -0.02612121212120627 0 29983.5
855 194.36 194.29200000000003 -0.0214545454545375 0 29983.5
856 194.31 194.29000000000002 -0.013575757575754943 0 29983.5
857 194.16 194.264 -0.012363636363641697 0 29983.5
858 194.18 194.252 -0.013515151515143119 0 29983.5
859 194.16 194.234 -0.016121212121215964 0 29983.5
860 194.29 194.22 -0.0109090909090923 0 29983.5
861 194.12 194.18200000000002 -0.014060606060600993 0 29983.5
862 194.18 194.18600000000004 -0.013515151515141976 0 29983.5
863 194.09 194.16800000000003 -0.0198787878787815 0 29983.5
864 194.21 194.17800000000005 -0.017212121212117622 0 29983.5
865 194.19 194.15800000000002 -0.007818181818186441 0 29983.5
866 194.19 194.172 0.00030303030302970515 0 29983.5
867 194.21 194.17800000000003 0.000969696969697615 0 29983.5
868 194.21 194.20200000000003 0.0023636363636377637 0 29983.5
869 194.25 194.21 0.004242424242425673 0 29983.5
870 194.31 194.234 0.016969696969696375 50 29983.5
871 194.23 194.24200000000002 0.013757575757565737 50 29979.5
872 194.19 194.238 0.011030303030303468 50 29977.5
873 194.21 194.23800000000003 0.003272727272725998 50 29978.5
874 194.26 194.24 0.00478787878788433 0 29981.0
875 194.28 194.234 0.00545454545454372 0 29981.0
876 194.3 194.24800000000002 0.006121212121208868 0 29981.0
877 194.3 194.27000000000004 0.006787878787873598 0 29981.0
878 194.44 194.31600000000003 0.013999999999998004 50 29981.0
879 194.33 194.33000000000004 0.015090909090911514 50 29975.5
880 194.27 194.32800000000003 0.01593939393939896 50 29972.5
881 194.225 194.31300000000005 0.009484848484845607 50 29970.25
882 194.25 194.30300000000003 0.0017878787878937781 50 29971.5
883 194.26 194.26700000000002 -0.0047575757575724995 50 29972.0
884 194.24 194.24900000000002 -0.00966666666666069 50 29971.0
885 194.44 194.28300000000002 -0.002090909090901465 0 29981.0
886 194.57 194.35200000000003 0.011969696969693272 50 29981.0
887 194.55 194.412 0.021666666666660325 50 29980.0
888 194.61 194.48200000000003 0.040939393939403074 50 29983.0
889 194.55 194.544 0.04754545454545431 50 29980.0
890 194.5 194.556 0.044757575757594155 50 29977.5
891 194.5 194.54200000000003 0.036181818181824 50 29977.5
892 194.52 194.536 0.027030303030312956 50 29978.5
893 194.48 194.51 0.013090909090920094 50 29976.5
894 194.45 194.49 -0.00648484848484104 50 29975.0
895 194.5 194.49 -0.012545454545460447 0 29977.5
896 194.51 194.49200000000002 -0.010121212121204998 0 29977.5
897 194.46 194.48000000000002 -0.01103030303029975 0 29977.5
898 194.45 194.474 -0.007393939393932258 0 29977.5
899 194.39 194.462 -0.009090909090914088 0 29977.5
900 194.33 194.42800000000003 -0.015454545454545497 0 29977.5
901 194.29 194.38400000000001 -0.021939393939384585 0 29977.5
902 194.3 194.35200000000003 -0.023999999999995022 0 29977.5
903 194.31 194.324 -0.0255151515151599 0 29977.5
904 194.31 194.324 -0.0255151515151599 0 29977.5
905 194.2 194.28600000000003 -0.03296969696969233 0 29977.5
906 194.23 194.26600000000002 -0.03242424242424046 0 29977.5
907 194.24 194.25600000000003 -0.02739393939393281 0 29977.5
908 194.16 194.228 -0.026787878787866894 0 29977.5
909 194.3 194.22600000000003 -0.015575757575751959 0 29977.5
910 194.25 194.23600000000002 -0.009272727272716202 0 29977.5
911 194.19 194.228 -0.008545454545444763 0 29977.5
912 194.29 194.238 -0.003333333333339153 0 29977.5
913 194.22 194.25 -0.0012727272727209944 0 29977.5
914 194.27 194.24400000000003 0.005151515151518286 0 29977.5
915 194.2 194.234 0.0009090909090824325 50 29977.5
916 194.26 194.24800000000002 0.0019393939393908106 0 29980.5
917 194.255 194.241 0.0029999999999968047 0 29980.5
918 194.24 194.24500000000003 -0.002272727272711855 0 29980.5
919 194.32 194.25500000000002 0.005181818181820666 0 29980.5
920 194.29 194.27300000000002 0.0074242424242530955 0 29980.5
921 194.23 194.26700000000002 0.0019090909090936133 50 29980.5
922 194.25 194.26600000000002 0.003666666666669975 50 29981.5
923 194.26 194.27 0.0017878787878783976 50 29982.0
924 194.13 194.232 -0.004333333333331392 50 29975.5
925 194.26 194.226 -0.006333333333335387 0 29982.0
926 194.22 194.224 -0.007242424242420544 0 29982.0
927 194.09 194.192 -0.015090909090908981 0 29982.0
928 194.24 194.18800000000002 -0.013757575757564668 0 29982.0
929 194.16 194.19400000000002 -0.011454545454536318 0 29982.0
930 194.18 194.17800000000003 -0.008121212121202367 0 29982.0
931 194.23 194.18000000000004 -0.004727272727261696 0 29982.0
932 194.21 194.20400000000004 -0.0010909090909050673 0 29982.0
933 194.19 194.19400000000002 0.002606060606067983 50 29982.0
934 194.21 194.20400000000004 -0.00042424242423241343 0 29983.0
935 194.21 194.20400000000004 -0.00042424242423241343 0 29983.0
936 194.24 194.21600000000004 0.0058787878787964236 0 29983.0
937 194.13 194.19600000000003 0.0037575757575717566 50 29983.0
938 194.13 194.19600000000003 0.0037575757575717566 50 29983.0
939 194.2 194.19400000000002 -0.0021212121212239375 0 29986.5
940 194.3 194.21600000000004 0.006121212121219917 0 29986.5
941 194.34 194.24200000000002 0.010484848484855147 50 29986.5
942 194.28 194.25 0.010727272727280215 50 29983.5
943 194.2 194.264 0.008727272727279089 50 29979.5
944 194.17 194.258 0.004121212121208896 50 29978.0
945 194.17 194.23200000000003 -0.001333333333310897 50 29978.0
946 194.03 194.17000000000002 -0.012848484848478049 50 29971.0
947 194.09 194.13200000000003 -0.016909090909084868 50 29974.0
948 194.1 194.11200000000002 -0.025939393939393415 50 29974.5
949 194.09 194.09600000000003 -0.03048484848485115 50 29974.0
950 194.17 194.09600000000003 -0.022666666666673507 0 29978.0
951 194.16 194.122 -0.01115151515150777 0 29978.0
952 194.16 194.122 -0.01115151515150777 0 29978.0
953 194.26 194.156 0.003999999999991045 0 29978.0
954 194.2 194.17600000000002 0.010787878787877554 50 29978.0
955 194.08 194.174 0.009030303030305439 50 29972.0
956 194.08 194.174 0.009030303030305439 50 29972.0
957 193.815 194.103 -0.0060909090909076835 50 29958.75
958 193.83 194.03700000000003 -0.025424242424239126 50 29959.5
959 194.17 194.019 -0.019787878787873726 0 29976.5
570 193.77 194.61 -0.06469696969696 0 30000.0
571 194.02 194.436 -0.09045454545454128 0 30000.0
572 194.21 194.31600000000003 -0.1009393939393798 0 30000.0
573 194.32 194.22600000000003 -0.0999090909090898 0 30000.0
574 194.28 194.12 -0.09257575757576145 0 30000.0
575 194.4 194.246 -0.07224242424242779 0 30000.0
576 194.33 194.30800000000002 -0.04678787878786665 0 30000.0
577 194.64 194.394 -0.0029696969696969807 0 30000.0
578 194.65 194.46 0.0407878787878828 50 30000.0
579 194.39 194.48200000000003 0.07448484848485475 50 29987.0
580 194.39 194.48000000000002 0.043939393939393875 50 29987.0
581 194.61 194.536 0.03454545454545084 50 29998.0
582 194.605 194.529 0.03039393939394214 50 29997.75
583 194.46 194.49099999999999 0.020878787878791494 50 29990.5
584 194.4 194.493 0.0037272727272730233 50 29987.5
585 194.44 194.50300000000001 -0.004696969696969463 50 29989.5
586 194.64 194.50900000000001 -0.007363636363639161 0 29999.5
587 194.26 194.44000000000003 -0.013848484848481337 0 29999.5
588 194.58 194.464 0.00239393939393564 0 29999.5
589 194.43 194.47 -0.0060303030302937865 0 29999.5
590 194.7 194.522 -0.00021212121213061742 0 29999.5
591 194.79 194.552 0.021424242424247397 50 29999.5
592 194.86 194.672 0.04436363636363806 50 30003.0
593 194.74 194.704 0.048000000000010375 50 29997.0
594 194.71 194.76000000000002 0.04260606060605372 50 29995.5
595 194.61 194.74200000000002 0.03066666666666121 50 29990.5
596 194.79 194.74200000000002 0.03981818181819012 50 29999.5
597 194.94 194.758 0.030000000000002698 50 30007.0
598 194.77 194.764 0.02399999999998961 50 29998.5
599 195.16 194.854 0.026969696969696234 50 30018.0
600 195.05 194.942 0.033090909090910114 50 30012.5
601 195.13 195.01000000000005 0.04533333333333309 50 30016.5
602 195.08 195.038 0.05539393939393597 50 30014.0
603 195.05 195.094 0.05315151515151099 50 30012.5
604 195.04 195.07000000000002 0.04460606060606152 50 30012.0
570 193.77 194.61 -0.06469696969696 0 30000.0
571 194.02 194.436 -0.09045454545454128 0 30000.0
572 194.21 194.31600000000003 -0.1009393939393798 0 30000.0
573 194.32 194.22600000000003 -0.0999090909090898 0 30000.0
574 194.28 194.12 -0.09257575757576145 0 30000.0
575 194.4 194.246 -0.07224242424242779 0 30000.0
576 194.33 194.30800000000002 -0.04678787878786665 0 30000.0
577 194.64 194.394 -0.0029696969696969807 0 30000.0
578 194.65 194.46 0.0407878787878828 0 30000.0
579 194.39 194.48200000000003 0.07448484848485475 50 30000.0
580 194.39 194.48000000000002 0.043939393939393875 50 30000.0
581 194.61 194.536 0.03454545454545084 0 30011.0
582 194.605 194.529 0.03039393939394214 0 30011.0
583 194.46 194.49099999999999 0.020878787878791494 50 30011.0
584 194.4 194.493 0.0037272727272730233 50 30008.0
585 194.44 194.50300000000001 -0.004696969696969463 50 30010.0
586 194.64 194.50900000000001 -0.007363636363639161 0 30020.0
587 194.26 194.44000000000003 -0.013848484848481337 0 30020.0
588 194.58 194.464 0.00239393939393564 0 30020.0
589 194.43 194.47 -0.0060303030302937865 0 30020.0
590 194.7 194.522 -0.00021212121213061742 0 30020.0
591 194.79 194.552 0.021424242424247397 0 30020.0
592 194.86 194.672 0.04436363636363806 0 30020.0
593 194.74 194.704 0.048000000000010375 0 30020.0
594 194.71 194.76000000000002 0.04260606060605372 50 30020.0
595 194.61 194.74200000000002 0.03066666666666121 50 30015.0
596 194.79 194.74200000000002 0.03981818181819012 0 30024.0
597 194.94 194.758 0.030000000000002698 0 30024.0
598 194.77 194.764 0.02399999999998961 0 30024.0
599 195.16 194.854 0.026969696969696234 0 30024.0
600 195.05 194.942 0.033090909090910114 0 30024.0
601 195.13 195.01000000000005 0.04533333333333309 0 30024.0
602 195.08 195.038 0.05539393939393597 0 30024.0
603 195.05 195.094 0.05315151515151099 50 30024.0
604 195.04 195.07000000000002 0.04460606060606152 50 30023.5
605 194.88 195.036 0.01666666666666174 50 30015.5
606 194.84 194.978 -0.004727272727263348 50 30013.5
607 194.78 194.918 -0.019999999999991264 50 30010.5
608 194.79 194.866 -0.04412121212120319 50 30011.0
609 194.73 194.804 -0.04575757575756528 50 30008.0
610 194.9 194.808 -0.040242424242420756 0 30016.5
611 194.86 194.812 -0.02975757575757173 0 30016.5
612 194.75 194.80599999999998 -0.025333333333324094 0 30016.5
613 194.6 194.76800000000003 -0.027090909090910685 0 30016.5
614 194.66 194.75400000000002 -0.020787878787877922 0 30016.5
615 194.59 194.692 -0.02436363636363085 0 30016.5
616 194.71 194.66200000000003 -0.0205454545454422 0 30016.5
617 194.66 194.644 -0.021878787878788702 0 30016.5
618 194.795 194.68300000000002 -0.013727272727264034 0 30016.5
619 194.77 194.70500000000004 -0.010999999999996691 0 30016.5
620 194.77 194.74100000000004 0.0025757575757629227 0 30016.5
621 194.91 194.78100000000003 0.022696969696966964 0 30016.5
622 195.15 194.87900000000002 0.04796969696970084 0 30016.5
623 195.1 194.94000000000003 0.055666666666663624 0 30016.5
624 194.77 194.94000000000003 0.043303030303025375 50 30016.5
625 194.81 194.94800000000004 0.027121212121212757 50 30018.5
626 194.735 194.913 0.012181818181821501 50 30014.75
627 194.68 194.81900000000005 -0.009393939393931065 50 30012.0
628 194.72 194.74300000000005 -0.02003030303030543 50 30014.0
629 194.67 194.723 -0.03415151515151381 50 30011.5
630 194.45 194.651 -0.05906060606060068 50 30000.5
631 194.47 194.598 -0.06966666666665497 50 30001.5
632 194.52 194.566 -0.05621212121212586 50 30004.0
633 194.52 194.526 -0.03845454545453753 50 30004.0
634 194.39 194.47000000000003 -0.04275757575757528 50 29997.5
635 194.42 194.464 -0.03815151515151018 50 29999.0
636 194.58 194.486 -0.025090909090908015 0 30007.0
637 194.655 194.51300000000003 -0.00972727272725857 0 30007.0
638 194.79 194.567 0.015969696969699694 0 30007.0
639 194.92 194.67300000000003 0.044575757575763555 0 30007.0
640 195.02 194.793 0.06093939393939263 0 30007.0
641 195.07 194.89100000000002 0.07445454545454085 0 30007.0
642 194.94 194.948 0.0769393939394081 50 30007.0
643 195 194.99 0.07760606060605514 0 30010.0
644 194.87 194.98000000000002 0.05669696969698767 50 30010.0
645 194.97 194.97 0.03742424242423765 0 30015.0
646 195.48 195.05200000000002 0.04996969696969771 0 30015.0
647 195.49 195.16200000000003 0.05715151515151375 0 30015.0
648 195.81 195.324 0.08066666666667272 0 30015.0
649 195.74 195.49800000000002 0.0966666666666761 0 30015.0
650 195.86 195.67600000000002 0.11593939393940156 0 30015.0
651 195.93 195.76600000000002 0.13218181818182068 0 30015.0
652 195.83 195.834 0.12387878787879637 50 30015.0
653 195.62 195.79600000000002 0.09733333333333814 50 30004.5
654 195.54 195.756 0.050242424242419696 50 30000.5
655 195.51 195.686 6.060606060599565e-05 50 29999.0
656 195.4 195.58 -0.028666666666666226 50 29993.5
657 195.31 195.47600000000003 -0.060666666666660166 50 29989.0
658 195.26 195.40400000000002 -0.07187878787879558 50 29986.5
659 195.15 195.32600000000002 -0.08709090909089898 50 29981.0
660 195.37 195.29800000000003 -0.07515151515152946 0 29992.0
661 195.275 195.27300000000002 -0.05778787878787101 0 29992.0
662 195.125 195.23600000000002 -0.04733333333333162 0 29992.0
663 195.175 195.21900000000002 -0.03960606060604922 0 29992.0
664 195.32 195.25300000000001 -0.023909090909095255 0 29992.0
665 195.25 195.229 -0.011363636363636104 0 29992.0
666 195.27 195.228 -0.0019090909090741337 0 29992.0
667 195.21 195.245 -0.0001515151515152124 0 29992.0
668 195.29 195.268 0.003848484848488132 0 29992.0
669 195.19 195.24200000000002 -0.0053030303030299685 0 29992.0
670 195.24 195.24 0.002454545454555507 0 29992.0
671 195.27 195.24 0.0070909090909051925 0 29992.0
672 195.05 195.20800000000003 -0.010212121212127409 0 29992.0
673 195.06 195.16200000000003 -0.02272727272726244 0 29992.0
674 194.945 195.11300000000003 -0.03045454545454451 0 29992.0
675 194.94 195.053 -0.038575757575757624 0 29992.0
676 194.97 194.99300000000002 -0.039969696969702054 0 29992.0
677 195.02 194.98700000000002 -0.03899999999999278 0 29992.0
678 195.04 194.98300000000003 -0.029303030303028936 0 29992.0
679 195.08 195.01 -0.021060606060593914 0 29992.0
680 195.01 195.024 -0.011969696969690458 0 29992.0
681 194.97 195.024 -0.00027272727272191553 0 29992.0
682 194.97 195.014 0.0003939393939407164 50 29992.0
683 195.03 195.012 0.005969696969701774 0 29995.0
684 195.06 195.008 0.005878787878786661 0 29995.0
685 195.04 195.014 0.0029696969696967283 0 29995.0
686 195.14 195.048 0.006303030303033283 0 29995.0
687 195.03 195.06 0.004909090909098491 50 29995.0
688 194.96 195.046 0.0009090909090837487 50 29991.5
689 194.92 195.018 -0.0016363636363629641 50 29989.5
690 195.01 195.012 -0.0020000000000034413 50 29994.0
691 194.98 194.98000000000002 -0.006666666666661715 50 29992.5
692 194.89 194.95200000000003 -0.016363636363631435 50 29988.0
693 195.06 194.972 -0.011818181818170539 0 29996.5
694 195.02 194.99200000000002 -0.007818181818176798 0 29996.5
695 194.785 194.947 -0.01748484848484159 0 29996.5
696 194.69 194.889 -0.02257575757574482 0 29996.5
697 194.67 194.845 -0.030636363636353022 0 29996.5
698 194.69 194.77100000000002 -0.03790909090908284 0 29996.5
699 194.78 194.723 -0.039666666666658225 0 29996.5
700 194.84 194.73400000000004 -0.03045454545455283 0 29996.5
701 194.87 194.76999999999998 -0.01954545454545333 0 29996.5
702 194.96 194.82800000000003 -0.008393939393941618 0 29996.5
703 195.03 194.89600000000002 0.01706060606061474 0 29996.5
704 194.97 194.934 0.03693939393940004 0 29996.5
705 194.9 194.94600000000003 0.03793939393939823 50 29996.5
706 194.84 194.94 0.02793939393939736 50 29993.5
707 194.92 194.93200000000002 0.01915151515150994 50 29997.5
708 194.93 194.91200000000003 0.009212121212123501 0 29998.0
709 194.86 194.89000000000001 -0.0014545454545452912 0 29998.0
710 194.89 194.88800000000003 -0.007454545454545308 0 29998.0
711 194.83 194.88600000000002 -0.015333333333338982 0 29998.0
712 194.69 194.84000000000003 -0.02436363636363706 0 29998.0
713 194.705 194.79500000000004 -0.02463636363635263 0 29998.0
714 194.74 194.77100000000004 -0.023060606060600796 0 29998.0
715 194.75 194.743 -0.022818181818184357 0 29998.0
716 194.78 194.733 -0.023121212121209704 0 29998.0
717 194.87 194.769 -0.012454545454559245 0 29998.0
718 194.79 194.78600000000003 -0.004878787878786953 0 29998.0
719 194.7 194.77800000000002 -0.005181818181821627 0 29998.0
720 194.82 194.792 0.004999999999989793 0 29998.0
721 194.82 194.792 0.004999999999989793 0 29998.0
722 194.87 194.81 0.01475757575758098 0 29998.0
723 194.83 194.80200000000002 0.012515151515153903 0 29998.0
724 194.81 194.80599999999998 0.008484848484847993 0 29998.0
725 194.77 194.82000000000002 0.0033333333333330504 50 29998.0
726 194.84 194.824 0.0023030303030322067 0 30001.5
727 194.88 194.82600000000002 0.004363636363644219 0 30001.5
728 194.96 194.85200000000003 0.01557575757576552 0 30001.5
729 194.9 194.87 0.017090909090923062 0 30001.5
730 194.83 194.882 0.007454545454544018 50 30001.5
731 194.75 194.86400000000003 -0.00012121212120953896 50 29997.5
732 194.75 194.83800000000002 -0.0035151515151547854 50 29997.5
733 194.71 194.788 -0.010303030303029615 50 29995.5
734 194.57 194.72200000000004 -0.024606060606058834 50 29988.5
735 194.54 194.66400000000004 -0.0403030303030276 50 29987.0
736 194.58 194.63 -0.04636363636364685 50 29989.0
737 194.5 194.58 -0.05096969696969627 50 29985.0
738 194.5 194.538 -0.045636363636369935 50 29985.0
739 194.55 194.53400000000002 -0.036000000000002405 0 29987.5
740 194.39 194.50400000000002 -0.035515151515153096 0 29987.5
741 194.59 194.50600000000003 -0.02412121212121029 0 29987.5
742 194.46 194.498 -0.017878787878782255 0 29987.5
743 194.55 194.508 -0.005878787878781023 0 29987.5
744 194.515 194.501 -0.0031818181818131985 0 29987.5
745 194.84 194.591 0.01590909090908466 0 29987.5
746 194.82 194.637 0.03293939393938456 0 29987.5
747 194.74 194.693 0.03736363636364008 0 29987.5
748 194.77 194.73700000000002 0.04051515151515681 0 29987.5
749 194.75 194.784 0.04263636363637148 50 29987.5
750 194.77 194.77000000000004 0.03275757575757958 50 29988.5
751 194.76 194.75800000000004 0.03106060606059788 0 29988.0
752 194.85 194.78 0.023545454545463827 0 29988.0
753 194.81 194.788 0.01512121212121045 0 29988.0
754 194.8 194.79800000000003 0.0006666666666626199 0 29988.0
755 194.79 194.802 0.0038787878787968216 50 29988.0
756 194.69 194.788 0.0009090909090936192 50 29983.0
757 194.64 194.746 -0.008545454545461528 50 29980.5
758 194.68 194.72 -0.012606060606061998 50 29982.5
759 194.65 194.69 -0.01854545454544976 50 29981.0
760 194.73 194.67800000000003 -0.01757575757575564 0 29985.0
761 194.71 194.68200000000002 -0.017878787878784053 0 29985.0
762 194.73 194.70000000000002 -0.010484848484848864 0 29985.0
763 194.58 194.68 -0.012484848484845656 0 29985.0
764 194.57 194.664 -0.012909090909083145 0 29985.0
765 194.675 194.65300000000002 -0.005484848484849342 0 29985.0
766 194.77 194.66500000000002 0.0018484848484921375 0 29985.0
767 194.83 194.68500000000003 0.008151515151518905 0 29985.0
768 194.89 194.747 0.018090909090919743 0 29985.0
769 194.98 194.82900000000004 0.028393939393937303 0 29985.0
770 195.02 194.89800000000002 0.042212121212125586 0 29985.0
771 194.905 194.925 0.0449090909090894 50 29985.0
772 194.94 194.947 0.04848484848484844 50 29986.75
773 194.94 194.957 0.03951515151515496 50 29986.75
774 194.89 194.93900000000002 0.022787878787886982 50 29984.25
775 194.9 194.91500000000002 0.009727272727273629 50 29984.75
776 194.95 194.92400000000004 0.002999999999997527 0 29987.25
777 194.96 194.928 -0.001363636363638164 0 29987.25
778 194.9 194.92000000000002 -0.00657575757575399 0 29987.25
779 194.83 194.90800000000002 -0.009727272727259005 0 29987.25
780 194.9 194.90800000000002 -0.004575757575756056 0 29987.25
781 194.82 194.882 -0.01000000000000548 0 29987.25
782 194.8 194.85000000000002 -0.013151515151500101 0 29987.25
783 194.82 194.834 -0.01351515151514951 0 29987.25
784 194.87 194.84199999999998 -0.013030303030299574 0 29987.25
785 194.92 194.84600000000003 -0.00890909090909042 0 29987.25
786 194.94 194.87 -0.0006060606060566922 0 29987.25
787 194.9 194.89 0.006303030303038682 0 29987.25
788 194.91 194.908 0.01048484848484899 0 29987.25
789 194.76 194.88600000000002 0.0016969696969655215 50 29987.25
790 194.65 194.832 -0.007575757575755831 50 29981.75
791 194.6 194.764 -0.021878787878791196 50 29979.25
792 194.7 194.724 -0.029393939393933505 50 29984.25
793 194.68 194.67800000000003 -0.03545454545454184 0 29983.25
794 194.59 194.644 -0.04139393939393002 0 29983.25
795 194.51 194.61599999999999 -0.044969696969688104 0 29983.25
796 194.55 194.60600000000002 -0.04006060606060361 0 29983.25
797 194.56 194.57800000000003 -0.03254545454544469 0 29983.25
798 194.62 194.56600000000003 -0.016969696969681872 0 29983.25
799 194.63 194.574 -0.007333333333322456 0 29983.25
800 194.74 194.62000000000003 0.002545454545456504 0 29983.25
801 194.74 194.65800000000004 0.008000000000011177 0 29983.25
802 194.68 194.68200000000004 0.01515151515151319 50 29983.25
803 194.67 194.69200000000004 0.020666666666678723 50 29982.75
804 194.7 194.70600000000002 0.021939393939399508 50 29984.25
805 194.62 194.68200000000002 0.012181818181822892 50 29980.25
806 194.65 194.66400000000002 0.005393939393937989 50 29981.75
807 194.59 194.64600000000002 -0.0052121212121177575 50 29978.75
808 194.59 194.63000000000002 -0.012181818181825593 50 29978.75
809 194.62 194.61400000000003 -0.016484848484852103 0 29980.25
810 194.61 194.61200000000002 -0.013878787878778505 0 29980.25
811 194.52 194.586 -0.014606060606055713 0 29980.25
812 194.51 194.57 -0.017212121212118046 0 29980.25
813 194.575 194.56699999999998 -0.014878787878794663 0 29980.25
814 194.64 194.571 -0.00584848484848325 0 29980.25
815 194.59 194.567 -0.004151515151506483 0 29980.25
816 194.61 194.585 0.0010000000000014336 0 29980.25
817 194.56 194.595 -9.090909089771708e-05 0 29980.25
818 194.52 194.584 -0.002999999999996483 0 29980.25
819 194.49 194.554 -0.0046969696969625715 0 29980.25
820 194.48 194.53199999999998 -0.006030303030294918 0 29980.25
821 194.55 194.52 -0.007969696969697355 0 29980.25
822 194.55 194.518 -0.010939393939393121 0 29980.25
823 194.56 194.526 -0.009515151515147938 0 29980.25
824 194.58 194.544 -0.0024848484848502377 0 29980.25
825 194.62 194.57200000000003 0.004121212121210384 0 29980.25
826 194.57 194.57600000000002 0.008969696969708015 50 29980.25
827 194.59 194.584 0.012060606060609385 0 29981.25
828 194.61 194.59400000000002 0.013212121212132189 0 29981.25
829 194.59 194.59600000000003 0.010181818181826051 50 29981.25
830 194.63 194.598 0.007454545454543982 0 29983.25
831 194.65 194.61400000000003 0.008666666666662205 0 29983.25
832 194.57 194.61 0.004303030303026414 50 29983.25
833 194.55 194.598 -0.000727272727271359 50 29982.25
834 194.58 194.596 -0.0026666666666649826 50 29983.75
835 194.55 194.58 -0.003575757575750034 50 29982.25
836 194.58 194.566 -0.005333333333332446 0 29983.75
837 194.58 194.568 -0.005878787878780769 0 29983.75
838 194.57 194.572 -0.005515151515149016 0 29983.75
839 194.565 194.56900000000002 -0.006272727272726787 0 29983.75
840 194.52 194.56300000000002 -0.006515151515147217 0 29983.75
841 194.52 194.55100000000002 -0.0040909090909128695 0 29983.75
842 194.6 194.555 -0.0010606060605907771 0 29983.75
843 194.63 194.567 0.0019090909090923199 0 29983.75
844 194.57 194.56799999999998 0.0026363636363634572 0 29983.75
845 194.41 194.54600000000002 -0.007242424242421153 0 29983.75
846 194.49 194.54 -0.00906060606061057 0 29983.75
847 194.48 194.51600000000002 -0.010333333333332048 0 29983.75
848 194.37 194.46400000000003 -0.017060606060603827 0 29983.75
849 194.33 194.41600000000003 -0.023878787878787465 0 29983.75
850 194.31 194.39600000000002 -0.031939393939385455 0 29983.75
851 194.32 194.36200000000002 -0.03690909090909891 0 29983.75
852 194.29 194.324 -0.03575757575756465 0 29983.75
853 194.24 194.29800000000003 -0.03157575757574051 0 29983.75
854 194.25 194.282 -0.02612121212120627 0 29983.75
855 194.36 194.29200000000003 -0.0214545454545375 0 29983.75
856 194.31 194.29000000000002 -0.013575757575754943 0 29983.75
857 194.16 194.264 -0.012363636363641697 0 29983.75
858 194.18 194.252 -0.013515151515143119 0 29983.75
859 194.16 194.234 -0.016121212121215964 0 29983.75
860 194.29 194.22 -0.0109090909090923 0 29983.75
861 194.12 194.18200000000002 -0.014060606060600993 0 29983.75
862 194.18 194.18600000000004 -0.013515151515141976 0 29983.75
863 194.09 194.16800000000003 -0.0198787878787815 0 29983.75
864 194.21 194.17800000000005 -0.017212121212117622 0 29983.75
865 194.19 194.15800000000002 -0.007818181818186441 0 29983.75
866 194.19 194.172 0.00030303030302970515 0 29983.75
867 194.21 194.17800000000003 0.000969696969697615 0 29983.75
868 194.21 194.20200000000003 0.0023636363636377637 0 29983.75
869 194.25 194.21 0.004242424242425673 0 29983.75
870 194.31 194.234 0.016969696969696375 0 29983.75
871 194.23 194.24200000000002 0.013757575757565737 50 29983.75
872 194.19 194.238 0.011030303030303468 50 29981.75
873 194.21 194.23800000000003 0.003272727272725998 50 29982.75
874 194.26 194.24 0.00478787878788433 0 29985.25
875 194.28 194.234 0.00545454545454372 0 29985.25
876 194.3 194.24800000000002 0.006121212121208868 0 29985.25
877 194.3 194.27000000000004 0.006787878787873598 0 29985.25
878 194.44 194.31600000000003 0.013999999999998004 0 29985.25
879 194.33 194.33000000000004 0.015090909090911514 50 29985.25
880 194.27 194.32800000000003 0.01593939393939896 50 29982.25
881 194.225 194.31300000000005 0.009484848484845607 50 29980.0
882 194.25 194.30300000000003 0.0017878787878937781 50 29981.25
883 194.26 194.26700000000002 -0.0047575757575724995 50 29981.75
884 194.24 194.24900000000002 -0.00966666666666069 50 29980.75
885 194.44 194.28300000000002 -0.002090909090901465 0 29990.75
886 194.57 194.35200000000003 0.011969696969693272 0 29990.75
887 194.55 194.412 0.021666666666660325 0 29990.75
888 194.61 194.48200000000003 0.040939393939403074 0 29990.75
889 194.55 194.544 0.04754545454545431 0 29990.75
890 194.5 194.556 0.044757575757594155 50 29990.75
891 194.5 194.54200000000003 0.036181818181824 50 29990.75
892 194.52 194.536 0.027030303030312956 50 29991.75
893 194.48 194.51 0.013090909090920094 50 29989.75
894 194.45 194.49 -0.00648484848484104 50 29988.25
895 194.5 194.49 -0.012545454545460447 0 29990.75
896 194.51 194.49200000000002 -0.010121212121204998 0 29990.75
897 194.46 194.48000000000002 -0.01103030303029975 0 29990.75
898 194.45 194.474 -0.007393939393932258 0 29990.75
899 194.39 194.462 -0.009090909090914088 0 29990.75
900 194.33 194.42800000000003 -0.015454545454545497 0 29990.75
901 194.29 194.38400000000001 -0.021939393939384585 0 29990.75
902 194.3 194.35200000000003 -0.023999999999995022 0 29990.75
903 194.31 194.324 -0.0255151515151599 0 29990.75
904 194.31 194.324 -0.0255151515151599 0 29990.75
905 194.2 194.28600000000003 -0.03296969696969233 0 29990.75
906 194.23 194.26600000000002 -0.03242424242424046 0 29990.75
907 194.24 194.25600000000003 -0.02739393939393281 0 29990.75
908 194.16 194.228 -0.026787878787866894 0 29990.75
909 194.3 194.22600000000003 -0.015575757575751959 0 29990.75
910 194.25 194.23600000000002 -0.009272727272716202 0 29990.75
911 194.19 194.228 -0.008545454545444763 0 29990.75
912 194.29 194.238 -0.003333333333339153 0 29990.75
913 194.22 194.25 -0.0012727272727209944 0 29990.75
914 194.27 194.24400000000003 0.005151515151518286 0 29990.75
915 194.2 194.234 0.0009090909090824325 50 29990.75
916 194.26 194.24800000000002 0.0019393939393908106 0 29993.75
917 194.255 194.241 0.0029999999999968047 0 29993.75
918 194.24 194.24500000000003 -0.002272727272711855 0 29993.75
919 194.32 194.25500000000002 0.005181818181820666 0 29993.75
920 194.29 194.27300000000002 0.0074242424242530955 0 29993.75
921 194.23 194.26700000000002 0.0019090909090936133 50 29993.75
922 194.25 194.26600000000002 0.003666666666669975 50 29994.75
923 194.26 194.27 0.0017878787878783976 50 29995.25
924 194.13 194.232 -0.004333333333331392 50 29988.75
925 194.26 194.226 -0.006333333333335387 0 29995.25
926 194.22 194.224 -0.007242424242420544 0 29995.25
927 194.09 194.192 -0.015090909090908981 0 29995.25
928 194.24 194.18800000000002 -0.013757575757564668 0 29995.25
929 194.16 194.19400000000002 -0.011454545454536318 0 29995.25
930 194.18 194.17800000000003 -0.008121212121202367 0 29995.25
931 194.23 194.18000000000004 -0.004727272727261696 0 29995.25
932 194.21 194.20400000000004 -0.0010909090909050673 0 29995.25
933 194.19 194.19400000000002 0.002606060606067983 50 29995.25
934 194.21 194.20400000000004 -0.00042424242423241343 0 29996.25
935 194.21 194.20400000000004 -0.00042424242423241343 0 29996.25
936 194.24 194.21600000000004 0.0058787878787964236 0 29996.25
937 194.13 194.19600000000003 -0.0006666666666594513 0 29996.25
938 194.13 194.20600000000002 -0.0006666666666594513 0 29996.25
939 194.2 194.20800000000003 0.001393939393938692 50 29996.25
940 194.3 194.22600000000003 0.00406060606060891 0 30001.25
941 194.34 194.24200000000002 0.0085454545454536 0 30001.25
942 194.28 194.25 0.011151515151515135 0 30001.25
943 194.2 194.264 0.0074545454545341585 50 30001.25
944 194.17 194.258 0.0009090909090881716 50 29999.75
945 194.17 194.23200000000003 -0.004060606060604269 50 29999.75
946 194.03 194.17000000000002 -0.012848484848478049 50 29992.75
947 194.09 194.13200000000003 -0.016909090909084868 50 29995.75
948 194.1 194.11200000000002 -0.025939393939393415 50 29996.25
949 194.09 194.09600000000003 -0.03048484848485115 50 29995.75
950 194.17 194.09600000000003 -0.022666666666673507 0 29999.75
951 194.17 194.09600000000003 -0.022666666666673507 0 29999.75
952 194.17 194.12400000000002 -0.010606060606062406 0 29999.75
953 194.26 194.15800000000002 0.004424242424244184 0 29999.75
954 194.2 194.17800000000003 0.011090909090913098 0 29999.75
955 194.08 194.17600000000002 0.009212121212126174 50 29999.75
956 194.08 194.17600000000002 0.009212121212126174 50 29999.75
957 193.815 194.10500000000002 -0.006030303030300769 50 29986.5
958 193.83 194.03700000000003 -0.0254848484848494 50 29987.25
959 194.17 194.019 -0.019969696969695444 0 30004.25
