time-hour stock-price avg-price-5-min regression-coef number-of-stocks portfolio-value 570 195 194.17900000000003 0.030515151515154812 0 30000
571 194.78 194.31900000000002 0.05742424242425234 0 30000.0
572 194.89 194.53400000000002 0.08730303030303405 0 30000.0
573 194.71 194.71 0.09863636363637052 0 30000.0
574 194.84 194.844 0.11651515151515494 0 30000.0
575 195.04 194.852 0.134272727272721 0 30000.0
576 195.15 194.92600000000002 0.13984848484847956 0 30000.0
577 195.62 195.072 0.14042424242422877 0 30000.0
578 195.8 195.29 0.1299393939393985 0 30000.0
579 195.71 195.464 0.11333333333334544 0 30000.0
580 195.87 195.63 0.14212121212122128 0 30000.0
581 195.94 195.788 0.14951515151515676 0 30000.0
582 195.92 195.848 0.14909090909090433 0 30000.0
583 196.18 195.92399999999998 0.1383636363636331 0 30000.0
584 196.34 196.05 0.12721212121212322 0 30000.0
585 196.51 196.178 0.12048484848485448 0 30000.0
586 196.57 196.304 0.10654545454545361 0 30000.0
587 196.19 196.358 0.08600000000000925 0 30000.0
588 196.3 196.382 0.07654545454545515 50 30000.0
589 196.29 196.372 0.05448484848485072 50 29999.5
590 196.17 196.304 0.029515151515163447 50 29993.5
591 196.34 196.258 0.01484848484848192 0 30002.0
592 196.32 196.28400000000002 -0.007090909090904362 0 30002.0
593 196.5 196.324 -0.006727272727272758 0 30002.0
594 196.385 196.34300000000002 -0.005848484848484933 0 30002.0
595 196.57 196.42300000000003 0.01590909090909461 0 30002.0
596 196.42 196.439 0.03275757575757178 50 30002.0
597 196.62 196.499 0.03700000000000756 0 30012.0
598 196.46 196.491 0.034636363636376774 50 30012.0
599 196.535 196.52100000000002 0.033757575757578956 0 30015.75
600 196.545 196.516 0.02245454545454129 0 30015.75
601 196.27 196.48600000000005 0.002939393939398048 50 30015.75
602 196.39 196.44 -0.010515151515148757 50 30021.75
603 196.18 196.38400000000001 -0.024272727272723997 50 30011.25
604 196.26 196.329 -0.03745454545453783 50 30015.25
605 196.39 196.298 -0.029696969696960968 0 30021.75
606 196.21 196.286 -0.03957575757576232 0 30021.75
607 196.11 196.23 -0.039030303030305316 0 30021.75
608 195.95 196.18400000000003 -0.051696969696965994 0 30021.75
609 196.07 196.14600000000002 -0.04663636363635441 0 30021.75
610 196.23 196.114 -0.026545454545450396 0 30021.75
611 196.21 196.11400000000003 -0.022060606060602367 0 30021.75
612 196.31 196.154 -0.0033939393939320128 0 30021.75
613 196.25 196.214 -0.0010303030303052548 0 30021.75
614 196.14 196.228 -0.00018181818182178944 0 30021.75
615 196.08 196.198 0.007515151515159844 50 30021.75
616 196.14 196.18400000000003 0.010242424242435384 50 30024.75
617 196 196.122 -0.00048484848484172673 50 30017.75
618 196 196.072 -0.020545454545447057 50 30017.75
619 195.84 196.01200000000003 -0.041939393939393964 50 30009.75
620 195.94 195.98399999999998 -0.04442424242424467 50 30014.75
621 195.92 195.94000000000003 -0.045818181818172564 50 30013.75
622 195.9 195.92000000000002 -0.03812121212121035 50 30012.75
623 195.87 195.89400000000003 -0.031090909090916843 50 30011.25
624 195.92 195.91 -0.024060606060610442 0 30013.75
625 195.61 195.84400000000002 -0.035272727272720676 0 30013.75
626 195.69 195.79800000000003 -0.032424242424246214 0 30013.75
627 195.76 195.77000000000004 -0.029636363636360807 0 30013.75
628 195.69 195.734 -0.027757575757583038 0 30013.75
629 195.66 195.68200000000002 -0.034424242424230776 0 30013.75
630 195.69 195.698 -0.03060606060605976 0 30013.75
631 195.63 195.686 -0.028363636363626064 0 30013.75
632 195.68 195.67000000000002 -0.02121212121212604 0 30013.75
633 195.62 195.656 -0.016666666666652886 0 30013.75
634 195.69 195.662 -0.0019393939393822662 0 30013.75
635 195.89 195.702 0.00581818181817562 0 30013.75
636 196.03 195.78200000000004 0.02315151515151198 0 30013.75
637 196 195.846 0.03939393939394533 0 30013.75
638 195.99 195.92000000000002 0.04751515151515142 0 30013.75
639 196.06 195.99400000000003 0.05381818181817514 0 30013.75
640 195.96 196.00800000000004 0.051818181818177204 50 30013.75
641 195.78 195.95800000000003 0.03272727272726918 50 30004.75
642 195.88 195.93400000000003 0.020606060606054143 50 30009.75
643 195.9 195.91600000000003 0.0031515151515180773 50 30010.75
644 196.04 195.912 -0.005393939393935153 0 30017.75
645 196.05 195.93000000000004 -0.0043030303030230045 0 30017.75
646 196.08 195.99 0.005818181818181031 0 30017.75
647 195.95 196.00400000000002 0.006242424242429791 50 30017.75
648 195.8 195.984 -0.0015757575757530259 50 30010.25
649 195.785 195.93300000000002 -0.00324242424243647 50 30009.5
650 195.86 195.895 -0.004151515151509341 50 30013.25
651 195.69 195.817 -0.025121212121211132 50 30004.75
652 195.78 195.78300000000002 -0.033424242424237645 50 30009.25
653 195.88 195.79900000000004 -0.03372727272727587 0 30014.25
654 195.85 195.812 -0.02609090909089866 0 30014.25
655 195.85 195.812 -0.02609090909089866 0 30014.25
656 195.83 195.806 -0.016575757575756345 0 30014.25
657 195.81 195.83 -0.0034848484848480654 0 30014.25
658 195.7 195.81400000000002 -0.0017878787878901343 0 30014.25
659 195.7 195.77800000000002 -0.007060606060597818 0 30014.25
660 195.9 195.788 -0.001212121212115855 0 30014.25
661 195.81 195.78400000000002 0.003333333333334736 0 30014.25
662 195.91 195.80400000000003 0.0026060606060696588 0 30014.25
663 195.75 195.81400000000002 -0.0035151515151515284 0 30014.25
664 195.805 195.83500000000004 0.00039393939393035085 50 30014.25
665 195.5 195.75500000000002 -0.013424242424239329 50 29999.0
666 195.26 195.645 -0.03742424242423819 50 29987.0
667 195.43 195.549 -0.04657575757576069 50 29995.5
668 195.22 195.443 -0.06990909090909778 50 29985.0
669 195.22 195.32600000000002 -0.08742424242423576 50 29985.0
670 195.4 195.30600000000004 -0.07596969696969906 0 29994.0
671 195.39 195.33200000000002 -0.06500000000000654 0 29994.0
672 195.43 195.33200000000002 -0.040090909090905284 0 29994.0
673 195.47 195.382 -0.01784848484849683 0 29994.0
674 195.54 195.44600000000003 0.015272727272731667 0 29994.0
675 195.39 195.44400000000002 0.02309090909092 50 29994.0
676 195.52 195.47000000000003 0.023333333333335784 0 30000.5
677 195.38 195.46 0.0241212121212072 50 30000.5
678 195.4 195.44600000000003 0.012606060606061667 50 30001.5
679 195.515 195.44100000000003 0.00518181818182352 0 30007.25
680 195.51 195.46500000000003 0.005909090909089133 0 30007.25
681 195.42 195.44500000000002 -0.0002727272727232081 0 30007.25
682 195.36 195.44100000000003 -0.007424242424238203 0 30007.25
683 195.34 195.42900000000003 -0.012151515151513602 0 30007.25
684 195.23 195.372 -0.016636363636351674 0 30007.25
685 195.32 195.334 -0.022454545454546913 0 30007.25
686 195.4 195.33 -0.014393939393934598 0 30007.25
687 195.46 195.35000000000002 -0.010939393939392849 0 30007.25
688 195.43 195.36800000000002 -0.008757575757579001 0 30007.25
689 195.38 195.39800000000002 -0.0020000000000017187 0 30007.25
690 195.4 195.41400000000002 0.007151515151512117 50 30007.25
691 195.25 195.38400000000004 0.0034545454545442007 50 29999.75
692 195.33 195.35800000000003 0.0021818181818159003 50 30003.75
693 195.21 195.31400000000002 -0.006606060606066203 50 29997.75
694 195.16 195.27 -0.023878787878787302 50 29995.25
695 195.16 195.22200000000004 -0.0343030303030257 50 29995.25
696 195.13 195.19800000000004 -0.039090909090922984 50 29993.75
697 195.25 195.18200000000004 -0.030060606060609712 0 29999.75
698 195.4 195.22000000000003 -0.012303030303019257 0 29999.75
699 195.48 195.28400000000002 0.006848484848479454 0 29999.75
700 195.51 195.354 0.02775757575757463 0 29999.75
701 195.45 195.41800000000003 0.03406060606061557 0 29999.75
702 195.67 195.502 0.05527272727272234 0 29999.75
703 195.56 195.53400000000002 0.058363636363642765 0 29999.75
704 195.64 195.56600000000003 0.058242424242423436 0 29999.75
705 195.63 195.59 0.051757575757584606 0 29999.75
706 195.58 195.616 0.03484848484848996 50 29999.75
707 195.65 195.61200000000002 0.024303030303034823 0 30003.25
708 195.71 195.642 0.022181818181829988 0 30003.25
709 195.74 195.662 0.023272727272738578 0 30003.25
710 195.66 195.668 0.018848484848491914 50 30003.25
711 195.61 195.67400000000004 0.005878787878793583 50 30000.75
712 195.58 195.66000000000003 0.004000000000000912 50 29999.25
713 195.53 195.62400000000002 -0.0068484848484807025 50 29996.75
714 195.44 195.56400000000002 -0.016909090909095065 50 29992.25
715 195.55 195.54200000000003 -0.01921212121211689 0 29997.75
716 195.49 195.51800000000003 -0.02715151515150995 0 29997.75
717 195.55 195.51200000000003 -0.02606060606061271 0 29997.75
718 195.61 195.52800000000005 -0.016484848484839 0 29997.75
719 195.66 195.57200000000003 -0.0009696969696965356 0 29997.75
720 195.56 195.574 0.0047272727272794175 50 29997.75
721 195.63 195.60200000000003 0.012121212121207698 0 30001.25
722 195.61 195.61400000000003 0.016181818181829156 50 30001.25
723 195.63 195.61800000000002 0.017636363636369275 0 30002.25
724 195.72 195.63000000000002 0.016787878787873738 0 30002.25
725 195.77 195.67200000000003 0.02260606060606474 0 30002.25
726 195.79 195.704 0.02284848484848983 0 30002.25
727 195.81 195.744 0.0245454545454598 0 30002.25
728 195.81 195.78 0.027090909090917208 0 30002.25
729 195.64 195.764 0.021272727272744454 50 30002.25
730 195.64 195.738 0.00903030303030289 50 30002.25
731 195.64 195.70800000000003 0.0004848484848540027 50 30002.25
732 195.6 195.666 -0.011696969696969943 50 30000.25
733 195.5 195.604 -0.027878787878785487 50 29995.25
734 195.51 195.578 -0.03593939393939554 50 29995.75
735 195.57 195.56400000000002 -0.03484848484848522 0 29998.75
736 195.53 195.542 -0.032181818181814224 0 29998.75
737 195.45 195.512 -0.029393939393939143 0 29998.75
738 195.45 195.502 -0.0222424242424217 0 29998.75
739 195.51 195.502 -0.018787878787875908 0 29998.75
740 195.45 195.478 -0.017030303030299662 0 29998.75
741 195.26 195.424 -0.023333333333329525 0 29998.75
742 195.41 195.416 -0.019515151515144442 0 29998.75
743 195.34 195.394 -0.02387878787878878 0 29998.75
744 195.45 195.382 -0.0196363636363573 0 29998.75
745 195.53 195.398 -0.006303030303025411 0 29998.75
746 195.5 195.446 0.003212121212117612 0 29998.75
747 195.31 195.42600000000002 -0.0026060606060602943 0 29998.75
748 195.28 195.41400000000002 -0.008363636363631303 0 29998.75
749 195.24 195.372 -0.010242424242424969 0 29998.75
750 195.24 195.31400000000002 -0.012848484848479195 0 29998.75
751 195.25 195.264 -0.02503030303029107 0 29998.75
752 195.32 195.26600000000002 -0.023272727272727087 0 29998.75
753 195.28 195.26600000000002 -0.027272727272725394 0 29998.75
754 195.26 195.27 -0.02430303030303985 0 29998.75
755 195.26 195.274 -0.01369696969697798 0 29998.75
756 195.31 195.286 0.0009090909090895138 0 29998.75
757 195.31 195.28400000000002 0.005151515151524959 0 29998.75
758 195.33 195.294 0.008484848484857347 0 29998.75
759 195.27 195.29600000000002 0.005272727272726912 50 29998.75
760 195.41 195.32600000000002 0.00933333333334204 0 30005.75
761 195.43 195.35000000000002 0.01309090909091449 0 30005.75
762 195.42 195.372 0.018787878787892842 0 30005.75
763 195.47 195.4 0.023333333333335347 0 30005.75
764 195.53 195.452 0.027515151515153012 0 30005.75
765 195.63 195.496 0.033878787878786405 0 30005.75
766 195.54 195.518 0.03418181818181861 0 30005.75
767 195.56 195.54600000000002 0.03278787878787771 0 30005.75
768 195.56 195.564 0.029696969696971214 50 30005.75
769 195.45 195.548 0.013818181818182737 50 30000.25
770 195.41 195.504 0.002909090909097185 50 29998.25
771 195.48 195.49200000000002 -0.0028484848484852925 50 30001.75
772 195.56 195.492 -0.005515151515154708 0 30005.75
773 195.72 195.524 0.002181818181814483 0 30005.75
774 195.68 195.57 0.008666666666673581 0 30005.75
775 195.69 195.626 0.02054545454546119 0 30005.75
776 195.6 195.65 0.020787878787871614 50 30005.75
777 195.7 195.678 0.027090909090909568 0 30010.75
778 195.6 195.654 0.02624242424242828 50 30010.75
779 195.61 195.64000000000004 0.018121212121219053 50 30011.25
780 195.67 195.63600000000002 0.008666666666673453 0 30014.25
781 195.76 195.668 0.0056363636363643685 0 30014.25
782 195.72 195.67200000000003 0.0023636363636307858 0 30014.25
783 195.73 195.69800000000004 0.008363636363624265 0 30014.25
784 195.65 195.70600000000002 0.0072121212121212825 50 30014.25
785 195.545 195.681 0.001363636363634664 50 30009.0
786 195.43 195.61500000000004 -0.014999999999998143 50 30003.25
787 195.42 195.55500000000004 -0.023181818181810847 50 30002.75
788 195.48 195.50500000000002 -0.03136363636363324 50 30005.75
789 195.5 195.475 -0.03633333333333865 0 30006.75
790 195.54 195.47400000000002 -0.033787878787873656 0 30006.75
791 195.49 195.48600000000002 -0.02639393939393242 0 30006.75
792 195.44 195.49 -0.021121212121205546 0 30006.75
793 195.39 195.472 -0.01451515151515041 0 30006.75
794 195.36 195.44400000000002 -0.010757575757563047 0 30006.75
795 195.48 195.43200000000002 -0.003939393939386952 0 30006.75
796 195.45 195.424 -0.005636363636355714 0 30006.75
797 195.46 195.42800000000003 -0.007696969696971678 0 30006.75
798 195.5 195.45000000000002 -0.004060606060600976 0 30006.75
799 195.47 195.472 -0.0009696969696998037 0 30006.75
800 195.48 195.472 0.005696969696973269 0 30006.75
801 195.62 195.506 0.017393939393949464 0 30006.75
802 195.52 195.51800000000003 0.018727272727281908 0 30006.75
803 195.52 195.52200000000002 0.01575757575757497 50 30006.75
804 195.56 195.54000000000002 0.011393939393943139 0 30008.75
805 195.43 195.53000000000003 0.00551515151516149 50 30008.75
806 195.48 195.50200000000004 0.0009696969696916738 50 30011.25
807 195.52 195.50200000000004 -0.0010909090909074467 0 30013.25
808 195.44 195.48600000000002 -0.005575757575767773 0 30013.25
809 195.48 195.47000000000003 -0.009151515151521449 0 30013.25
810 195.54 195.49200000000002 -0.008909090909086877 0 30013.25
811 195.48 195.49200000000002 -0.0033333333333306807 0 30013.25
812 195.53 195.494 6.450710192369029e-15 0 30013.25
813 195.41 195.488 -0.0033333333333261323 0 30013.25
814 195.35 195.462 -0.005939393939400559 0 30013.25
815 195.39 195.432 -0.012484848484839413 0 30013.25
816 195.43 195.42200000000003 -0.01303030303029687 0 30013.25
817 195.36 195.388 -0.01412121212121296 0 30013.25
818 195.365 195.37900000000002 -0.018333333333333573 0 30013.25
819 195.37 195.38300000000004 -0.018696969696959692 0 30013.25
820 195.375 195.38000000000005 -0.013454545454547471 0 30013.25
821 195.39 195.37200000000004 -0.00939393939393157 0 30013.25
822 195.37 195.37400000000002 -0.00199999999999558 0 30013.25
823 195.32 195.365 -0.003393939393947421 0 30013.25
824 195.33 195.357 -0.0071515151515137146 0 30013.25
825 195.32 195.346 -0.008545454545459798 0 30013.25
826 195.32 195.332 -0.006424242424234165 0 30013.25
827 195.36 195.32999999999998 -0.005454545454550124 0 30013.25
828 195.39 195.344 -0.0025151515151409843 0 30013.25
829 195.39 195.35600000000002 0.0004545454545486509 0 30013.25
830 195.41 195.374 0.004606060606060074 0 30013.25
831 195.39 195.388 0.008242424242424032 0 30013.25
832 195.39 195.394 0.010545454545460116 50 30013.25
833 195.3 195.376 0.004363636363642125 50 30008.75
834 195.38 195.374 0.003454545454551548 0 30012.75
835 195.31 195.354 -0.0025454545454528504 0 30012.75
836 195.35 195.346 -0.006242424242424115 0 30012.75
837 195.33 195.334 -0.008727272727271411 0 30012.75
838 195.35 195.344 -0.0077575757575739195 0 30012.75
839 195.29 195.326 -0.009575757575745806 0 30012.75
840 195.225 195.30899999999997 -0.012393939393939563 0 30012.75
841 195.165 195.272 -0.01757575757576889 0 30012.75
842 195.22 195.25000000000003 -0.017030303030297993 0 30012.75
843 195.1 195.20000000000002 -0.026969696969696158 0 30012.75
844 195.19 195.18000000000004 -0.02424242424241567 0 30012.75
845 195.16 195.16700000000003 -0.02551515151515528 0 30012.75
846 195.16 195.16600000000003 -0.022303030303019507 0 30012.75
847 195.145 195.151 -0.01893939393939626 0 30012.75
848 195.09 195.149 -0.014999999999998254 0 30012.75
849 194.99 195.10900000000004 -0.017363636363637816 0 30012.75
850 195.02 195.08100000000002 -0.018787878787874895 0 30012.75
851 195.13 195.07500000000002 -0.015727272727266588 0 30012.75
852 195.13 195.07200000000003 -0.008575757575746256 0 30012.75
853 195.06 195.06600000000003 -0.012151515151514698 0 30012.75
854 195.1 195.08800000000002 -0.007060606060602797 0 30012.75
855 195.08 195.10000000000002 -0.003969696969699554 0 30012.75
856 194.94 195.062 -0.007545454545444845 0 30012.75
857 194.91 195.018 -0.01109090909089827 0 30012.75
858 194.74 194.954 -0.02472727272726672 0 30012.75
859 194.84 194.90200000000004 -0.03533333333333159 0 30012.75
860 194.8 194.84600000000003 -0.044303030303022156 0 30012.75
861 194.84 194.82600000000002 -0.041090909090901045 0 30012.75
862 194.82 194.80800000000002 -0.03545454545453598 0 30012.75
863 194.88 194.836 -0.027454545454537623 0 30012.75
864 194.865 194.841 -0.01542424242425227 0 30012.75
865 194.9 194.861 3.030303029961589e-05 0 30012.75
866 194.895 194.87200000000004 0.008060606060608183 0 30012.75
867 194.91 194.89000000000001 0.015454545454544583 0 30012.75
868 194.93 194.90000000000003 0.012606060606066125 0 30012.75
869 194.98 194.92300000000003 0.01684848484849367 0 30012.75
870 194.9 194.923 0.012363636363645831 50 30012.75
871 194.81 194.906 0.004424242424250588 50 30008.25
872 194.87 194.89800000000002 -0.0012121212121224208 50 30011.25
873 194.83 194.87800000000001 -0.005636363636348895 50 30009.25
874 194.68 194.818 -0.018636363636358337 50 30001.75
875 194.75 194.788 -0.023242424242420907 50 30005.25
876 194.51 194.728 -0.03945454545454467 50 29993.25
877 194.57 194.668 -0.04672727272727244 50 29996.25
878 194.7 194.642 -0.041454545454546646 0 30002.75
879 194.75 194.656 -0.027333333333320175 0 30002.75
880 194.72 194.65000000000003 -0.017393939393927787 0 30002.75
881 194.71 194.69 -0.011818181818178137 0 30002.75
882 194.73 194.722 6.0606060604115275e-05 0 30002.75
883 194.775 194.73700000000002 0.013424242424254813 0 30002.75
884 194.83 194.75300000000001 0.020454545454544695 0 30002.75
885 194.65 194.73900000000003 0.02051515151515488 50 30002.75
886 194.69 194.735 0.00796969696970423 50 30004.75
887 194.65 194.71900000000005 -0.0049393939393819405 50 30002.75
888 194.69 194.702 -0.007969696969690965 50 30004.75
889 194.7 194.67600000000002 -0.007000000000004855 0 30005.25
890 194.7 194.686 -0.007424242424245805 0 30005.25
891 194.67 194.682 -0.009909090909095197 0 30005.25
892 194.66 194.68400000000003 -0.011121212121211145 0 30005.25
893 194.65 194.676 -0.009030303030300843 0 30005.25
894 194.63 194.66199999999998 -0.0028484848484838666 0 30005.25
895 194.78 194.678 0.0019393939393919965 0 30005.25
896 194.74 194.69200000000004 0.005636363636372004 0 30005.25
897 194.82 194.72400000000002 0.010424242424255195 0 30005.25
898 194.76 194.746 0.012545454545453734 0 30005.25
899 194.79 194.778 0.01612121212121871 0 30005.25
900 194.68 194.758 0.01260606060604935 50 30005.25
901 194.72 194.75400000000002 0.009515151515158285 50 30007.25
902 194.56 194.70200000000003 -0.0035757575757540856 50 29999.25
903 194.66 194.68200000000002 -0.010666666666674159 50 30004.25
904 194.67 194.65800000000002 -0.018666666666656485 0 30004.75
905 194.63 194.64800000000002 -0.0193333333333242 0 30004.75
906 194.54 194.61200000000002 -0.02575757575757699 0 30004.75
907 194.52 194.60399999999998 -0.025515151515153527 0 30004.75
908 194.5 194.572 -0.026727272727272156 0 30004.75
909 194.5 194.538 -0.02278787878786714 0 30004.75
910 194.59 194.53000000000003 -0.017757575757570563 0 30004.75
911 194.55 194.532 -0.011151515151489759 0 30004.75
912 194.59 194.54600000000002 -0.010969696969689215 0 30004.75
913 194.53 194.55200000000002 -0.0077575757575710684 0 30004.75
914 194.46 194.544 -0.006121212121219165 0 30004.75
915 194.27 194.48000000000002 -0.01496969696969828 0 30004.75
916 194.24 194.41800000000003 -0.02709090909090585 0 30004.75
917 194.32 194.36400000000003 -0.032545454545444864 0 30004.75
918 194.275 194.31300000000005 -0.03936363636363256 0 30004.75
919 194.22 194.26500000000001 -0.046454545454538705 0 30004.75
920 194.23 194.25700000000003 -0.04360606060605322 0 30004.75
921 194.24 194.25700000000003 -0.038515151515151454 0 30004.75
922 194.16 194.22500000000002 -0.03136363636362579 0 30004.75
923 194.25 194.22 -0.01809090909090688 0 30004.75
924 194.37 194.25 0.0004545454545475535 0 30004.75
925 194.43 194.29 0.010696969696973636 0 30004.75
926 194.29 194.3 0.009363636363647048 50 30004.75
927 194.3 194.32800000000003 0.01330303030303319 50 30005.25
928 194.36 194.35000000000002 0.01775757575757065 0 30008.25
929 194.4 194.35600000000002 0.019696969696980135 0 30008.25
930 194.39 194.348 0.019575757575762947 0 30008.25
931 194.425 194.375 0.02009090909091529 0 30008.25
932 194.39 194.39300000000003 0.011121212121215555 50 30008.25
933 194.41 194.40300000000002 0.006454545454550254 0 30009.25
934 194.47 194.41700000000003 0.011121212121211825 0 30009.25
935 194.47 194.43300000000002 0.018575757575766117 0 30009.25
936 194.33 194.41400000000002 0.008575757575753653 50 30009.25
937 194.43 194.42200000000003 0.00421212121212092 0 30014.25
938 194.38 194.41600000000003 -0.0004545454545380465 0 30014.25
939 194.325 194.38700000000003 -0.0056969696969657495 0 30014.25
940 194.34 194.36100000000002 -0.009878787878787165 0 30014.25
941 194.335 194.36200000000002 -0.011393939393939359 0 30014.25
942 194.275 194.33100000000002 -0.017424242424240368 0 30014.25
943 194.23 194.30100000000002 -0.023181818181823168 0 30014.25
944 194.2 194.27600000000004 -0.02439393939393774 0 30014.25
945 194.17 194.24200000000002 -0.02396969696970771 0 30014.25
946 194.09 194.193 -0.03360606060605438 0 30014.25
947 194.09 194.193 -0.03360606060605438 0 30014.25
948 193.91 194.12000000000003 -0.04348484848485092 0 30014.25
949 193.83 194.04000000000002 -0.05475757575758245 0 30014.25
950 193.9 193.98000000000005 -0.059212121212127475 0 30014.25
951 193.81 193.90800000000002 -0.06242424242424251 0 30014.25
952 193.92 193.874 -0.053545454545444245 0 30014.25
953 194.1 193.912 -0.033818181818175946 0 30014.25
954 194.13 193.97199999999998 -0.013333333333332536 0 30014.25
955 193.81 193.95399999999998 -0.011090909090902998 0 30014.25
956 193.77 193.94600000000003 -0.008303030303031474 0 30014.25
957 193.86 193.93400000000003 -0.001090909090916415 0 30014.25
958 193.97 193.90800000000002 0.0029090909090953606 0 30014.25
959 194.74 194.03000000000003 0.04284848484849508 0 30014.25
