time-hour stock-price avg-price-5-min regression coef number-of-stocks portfolio-value 570 191.97 190.444 0.08119999999999523 0 30000.0
571 192.305 190.91000000000003 0.12750000000000042 0 30000.0
572 191.96 191.288 0.11909999999999991 0 30000.0
573 192.45 191.76500000000001 0.0921999999999982 0 30000.0
574 192.63 192.26300000000003 0.02930000000000172 0 30000.0
575 192.23 192.31500000000003 0.010399999999993388 50 30000.0
576 192.17 192.288 0.003999999999996791 50 29997.0
577 192.22 192.34000000000003 -0.018399999999997554 50 29999.5
578 192.23 192.29600000000002 -0.016200000000001352 50 30000.0
579 192.09 192.188 -0.004399999999998863 50 29993.0
580 192.35 192.21200000000002 0.004599999999998351 0 30006.0
581 192.69 192.31600000000003 0.021199999999999376 0 30006.0
582 192.51 192.37400000000002 0.023200000000002354 0 30006.0
583 192.65 192.45800000000003 0.025599999999996258 0 30006.0
584 192.77 192.59400000000002 0.015999999999997853 0 30006.0
585 192.83 192.69000000000003 0.010800000000003099 0 30006.0
586 192.93 192.73800000000003 0.02039999999999885 0 30006.0
587 192.71 192.77800000000002 0.005599999999997561 50 30006.0
588 192.52 192.752 -0.01240000000000187 50 29996.5
589 192.53 192.70400000000004 -0.02020000000000543 50 29997.0
590 192.23 192.58400000000003 -0.03160000000000425 50 29982.0
591 192.52 192.502 -0.013399999999998819 0 29996.5
592 192.25 192.41000000000003 -0.01099999999999875 0 29996.5
593 192.35 192.376 -0.006800000000001797 0 29996.5
594 192.3 192.33 -0.0005999999999994889 0 29996.5
595 192.45 192.37400000000002 -0.0018000000000018158 0 29996.5
596 192.64 192.398 0.017599999999997715 0 29996.5
597 192.54 192.45600000000002 0.014400000000004127 0 29996.5
598 192.49 192.48400000000004 0.009399999999998987 0 29996.5
599 192.7 192.564 0.0069999999999974085 0 29996.5
600 192.67 192.608 0.004400000000002246 0 29996.5
601 192.94 192.66799999999998 0.01960000000000027 0 29996.5
602 192.89 192.738 0.020799999999999052 0 29996.5
603 192.91 192.822 0.01280000000000174 0 29996.5
604 193.05 192.89200000000002 0.01460000000000074 0 29996.5
605 193.33 193.024 0.01880000000000056 0 29996.5
606 193.23 193.082 0.022000000000002337 0 29996.5
607 193.11 193.12600000000003 0.011599999999997895 50 29996.5
608 193.21 193.186 0.0019999999999990355 0 30001.5
609 193.39 193.25400000000002 0.001999999999997777 0 30001.5
610 193.445 193.277 0.01419999999999819 0 30001.5
611 193.47 193.325 0.019099999999996228 0 30001.5
612 193.62 193.42699999999996 0.01799999999999629 0 30001.5
613 193.515 193.488 0.008500000000001468 0 30001.5
614 193.39 193.488 -0.0013000000000023828 0 30001.5
615 193.45 193.489 -0.005400000000004188 0 30001.5
616 193.51 193.497 -0.0057000000000001876 0 30001.5
617 193.7 193.513 0.00979999999999716 0 30001.5
618 193.58 193.526 0.012600000000001388 0 30001.5
619 193.57 193.562 0.006200000000001295 0 30001.5
620 193.63 193.598 0.0021999999999986137 0 30001.5
621 193.59 193.61400000000003 -0.0034000000000017102 0 30001.5
622 193.64 193.60200000000003 0.002799999999997433 0 30001.5
623 193.815 193.649 0.010000000000005482 0 30001.5
624 193.855 193.70600000000002 0.013499999999999866 0 30001.5
625 193.91 193.76200000000003 0.017099999999999126 0 30001.5
626 193.68 193.78000000000003 0.0034999999999996063 50 30001.5
627 193.71 193.79400000000004 -0.00769999999999856 50 30003.0
628 193.65 193.76100000000002 -0.012200000000001399 50 30000.0
629 193.84 193.758 -0.0034000000000027923 0 30009.5
630 193.55 193.686 -0.002600000000001257 0 30009.5
631 193.53 193.656 -0.009199999999999545 0 30009.5
632 193.51 193.616 -0.011799999999999079 0 30009.5
633 193.4 193.56600000000003 -0.018399999999996523 0 30009.5
634 193.46 193.49 -0.0061999999999979615 0 30009.5
635 193.37 193.45400000000004 -0.007399999999999347 0 30009.5
636 193.34 193.41600000000003 -0.007399999999999295 0 30009.5
637 193.2 193.35400000000004 -0.010400000000003209 0 30009.5
638 193.065 193.28700000000003 -0.019200000000001632 0 30009.5
639 193.11 193.21700000000004 -0.01590000000000092 0 30009.5
640 193.17 193.17700000000002 -0.00860000000000138 0 30009.5
641 193.11 193.13100000000003 -0.0014999999999920743 0 30009.5
642 193.45 193.181 0.015400000000000132 0 30009.5
643 193.49 193.26600000000002 0.020799999999994857 0 30009.5
644 193.57 193.358 0.02359999999999986 0 30009.5
645 193.6 193.44400000000002 0.021999999999998198 0 30009.5
646 193.79 193.58 0.015800000000001292 0 30009.5
647 193.86 193.66200000000003 0.019200000000000727 0 30009.5
648 193.97 193.758 0.02120000000000597 0 30009.5
649 193.91 193.82600000000002 0.016000000000001437 0 30009.5
650 193.68 193.84200000000004 -0.0033999999999973505 0 30009.5
651 193.67 193.818 -0.013400000000003373 0 30009.5
652 193.72 193.79000000000002 -0.01479999999999827 0 30009.5
653 193.64 193.72400000000002 -0.010000000000002047 0 30009.5
654 193.76 193.69400000000002 0.0026000000000000628 0 30009.5
655 193.55 193.66800000000003 -0.003999999999995163 0 30009.5
656 193.58 193.65000000000003 -0.007399999999998129 0 30009.5
657 193.45 193.596 -0.011199999999997736 0 30009.5
658 193.64 193.59600000000003 -0.006800000000001967 0 30009.5
659 193.46 193.53600000000003 -0.002400000000002547 0 30009.5
660 193.605 193.54700000000003 0.0012000000000007224 0 30009.5
661 193.7 193.57100000000003 0.009300000000000684 0 30009.5
662 193.745 193.63000000000002 0.008999999999999517 0 30009.5
663 193.74 193.65000000000003 0.013999999999997933 0 30009.5
664 193.75 193.70800000000003 0.006599999999998101 0 30009.5
665 193.72 193.73100000000002 0.0009000000000018773 50 30009.5
666 193.83 193.757 0.0030000000000004827 0 30015.0
667 193.68 193.74400000000003 -0.0008000000000011713 0 30015.0
668 193.81 193.758 0.0016000000000034533 0 30015.0
669 193.87 193.782 0.005599999999998139 0 30015.0
670 193.96 193.83 0.008999999999997984 0 30015.0
671 194.02 193.86800000000002 0.016599999999998567 0 30015.0
672 194.13 193.958 0.01580000000000058 0 30015.0
673 194.05 194.006 0.010599999999999487 0 30015.0
674 194.25 194.082 0.012200000000000462 0 30015.0
675 194.16 194.12199999999999 0.00800000000000071 0 30015.0
676 194.15 194.148 0.0030000000000017604 0 30015.0
677 194.15 194.15200000000002 0.0020000000000032167 50 30015.0
678 194.16 194.174 -0.003799999999998403 50 30015.5
679 194.27 194.17800000000003 0.004599999999999157 0 30021.0
680 194.23 194.19200000000004 0.005599999999999051 0 30021.0
681 194.1 194.18200000000002 -0.00059999999999813 0 30021.0
682 194.12 194.17600000000002 -0.0049999999999967345 0 30021.0
683 194.22 194.18800000000002 -0.004199999999999009 0 30021.0
684 194.22 194.178 0.002000000000000815 0 30021.0
685 194.29 194.19 0.009600000000000252 0 30021.0
686 194.09 194.18800000000002 0.00020000000000290673 50 30021.0
687 194.09 194.18200000000002 -0.007799999999995017 50 30021.0
688 194.18 194.17400000000004 -0.005600000000000061 0 30025.5
689 194.23 194.17600000000004 -0.0005999999999997259 0 30025.5
690 194.4 194.198 0.015199999999999526 0 30025.5
691 194.52 194.28400000000002 0.02159999999999695 0 30025.5
692 194.68 194.40200000000002 0.02579999999999949 0 30025.5
693 194.79 194.524 0.02800000000000071 0 30025.5
694 194.51 194.57999999999998 0.009799999999998076 50 30025.5
695 194.49 194.59799999999998 -0.00460000000000117 50 30024.5
696 194.4 194.574 -0.017199999999999785 50 30020.0
697 194.37 194.512 -0.018999999999995153 50 30018.5
698 194.37 194.428 -0.007999999999998904 50 30018.5
699 194.47 194.42000000000002 -0.0014000000000010746 0 30023.5
700 194.55 194.43200000000002 0.008000000000002613 0 30023.5
701 194.59 194.47000000000003 0.012400000000000924 0 30023.5
702 194.72 194.54000000000002 0.0164000000000019 0 30023.5
703 194.75 194.61599999999999 0.014599999999997426 0 30023.5
704 194.93 194.70800000000003 0.018399999999999295 0 30023.5
705 194.85 194.768 0.014599999999998736 0 30023.5
706 194.9 194.83000000000004 0.009199999999999016 0 30023.5
707 194.945 194.87500000000003 0.007200000000001001 0 30023.5
708 194.97 194.919 0.0034999999999982614 0 30023.5
709 194.96 194.925 0.005800000000000088 0 30023.5
710 194.98 194.95100000000002 0.0034999999999982966 0 30023.5
711 194.98 194.967 0.0016000000000037273 0 30023.5
712 195.1 194.99800000000002 0.005600000000001282 0 30023.5
713 195.19 195.04200000000003 0.01160000000000131 0 30023.5
714 195.18 195.086 0.012200000000002395 0 30023.5
715 195.29 195.148 0.014000000000002438 0 30023.5
716 195.24 195.20000000000002 0.0075999999999983876 0 30023.5
717 195.15 195.21 -0.00039999999999582655 0 30023.5
718 195.12 195.196 -0.005200000000000013 0 30023.5
719 195.13 195.186 -0.00879999999999801 0 30023.5
720 195.02 195.132 -0.009199999999995724 0 30023.5
721 194.9 195.06400000000002 -0.011999999999998456 0 30023.5
722 194.97 195.02800000000002 -0.010599999999998859 0 30023.5
723 195.26 195.056 0.004200000000002084 0 30023.5
724 195.18 195.066 0.01359999999999827 0 30023.5
725 195.2 195.102 0.01619999999999796 0 30023.5
726 195.2 195.16199999999998 0.00799999999999892 0 30023.5
727 195.23 195.21399999999997 -0.0008000000000013724 0 30023.5
728 195.08 195.178 -0.0033999999999987486 0 30023.5
729 194.97 195.136 -0.011599999999996518 0 30023.5
730 194.895 195.07500000000002 -0.017399999999999038 0 30023.5
731 194.9 195.01500000000004 -0.01689999999999777 0 30023.5
732 194.82 194.933 -0.011799999999999434 0 30023.5
733 194.84 194.88500000000005 -0.006700000000000825 0 30023.5
734 194.8 194.85100000000003 -0.004999999999998256 0 30023.5
735 194.83 194.83800000000002 -0.003199999999998189 0 30023.5
736 194.86 194.83 0.001400000000005068 0 30023.5
737 194.69 194.80400000000003 -0.004799999999996781 0 30023.5
738 194.68 194.77200000000002 -0.007600000000003798 0 30023.5
739 194.73 194.758 -0.00760000000000108 0 30023.5
740 194.69 194.73000000000002 -0.006000000000001269 0 30023.5
741 194.44 194.64600000000002 -0.009800000000000069 0 30023.5
742 194.46 194.60000000000002 -0.01460000000000193 0 30023.5
743 194.43 194.55 -0.0165999999999984 0 30023.5
744 194.245 194.45300000000003 -0.01799999999999951 0 30023.5
745 194.24 194.363 -0.012300000000001267 0 30023.5
746 194.27 194.32900000000004 -0.011400000000000451 0 30023.5
747 194.31 194.29900000000004 -0.0043000000000033255 0 30023.5
748 194.375 194.288 0.006599999999995927 0 30023.5
749 194.3 194.29900000000004 0.004499999999999828 0 30023.5
750 194.32 194.31500000000003 0.0017999999999995552 0 30023.5
751 194.22 194.305 -0.004699999999999056 0 30023.5
752 194.23 194.28900000000002 -0.0074000000000023535 0 30023.5
753 193.94 194.20200000000003 -0.016200000000001408 0 30023.5
754 194 194.14200000000002 -0.01839999999999742 0 30023.5
755 193.97 194.07200000000003 -0.014599999999997058 0 30023.5
756 193.83 193.99400000000003 -0.015399999999998991 0 30023.5
757 193.8 193.90800000000002 -0.00900000000000096 0 30023.5
758 193.94 193.90800000000002 -0.005799999999998686 0 30023.5
759 194.05 193.918 0.005399999999995838 0 30023.5
760 194.07 193.93800000000002 0.014599999999996035 0 30023.5
761 194.16 194.004 0.01699999999999845 0 30023.5
762 194.05 194.054 0.006599999999998594 50 30023.5
763 193.99 194.064 -0.0027999999999962365 50 30020.5
764 193.82 194.01800000000003 -0.0133999999999982 50 30012.0
765 193.75 193.954 -0.020999999999996504 50 30008.5
766 193.92 193.906 -0.009999999999997945 0 30017.0
767 193.84 193.864 -0.004000000000002404 0 30017.0
768 193.8 193.82600000000002 0.0010000000000007392 50 30017.0
769 193.94 193.85000000000002 0.005200000000001471 0 30024.0
770 193.85 193.87 -0.0007999999999981368 0 30024.0
771 193.72 193.83 -0.0037999999999989414 0 30024.0
772 193.7 193.80200000000002 -0.008400000000002308 0 30024.0
773 193.82 193.806 -0.007799999999999375 0 30024.0
774 193.88 193.79400000000004 0.0032000000000017674 0 30024.0
775 193.81 193.78600000000003 0.007199999999997936 0 30024.0
776 193.53 193.748 -0.007000000000000114 0 30024.0
777 193.71 193.75 -0.011400000000002587 0 30024.0
778 193.62 193.71000000000004 -0.012400000000001599 0 30024.0
779 193.615 193.65700000000004 -0.005999999999998428 0 30024.0
780 193.64 193.62300000000002 0.002500000000000151 0 30024.0
781 193.79 193.67500000000004 0.0036000000000018027 0 30024.0
782 193.87 193.70700000000002 0.013499999999999108 0 30024.0
783 194.01 193.785 0.020400000000003485 0 30024.0
784 193.95 193.852 0.016800000000004225 0 30024.0
785 193.88 193.9 0.005200000000001455 50 30024.0
786 193.87 193.916 -0.0026000000000026427 50 30023.5
787 193.84 193.91 -0.008400000000002376 50 30022.0
788 193.83 193.87400000000002 -0.005599999999999734 50 30021.5
789 193.79 193.842 -0.0044000000000016 50 30019.5
790 193.86 193.83800000000002 -0.0013999999999985062 0 30023.0
791 194 193.86400000000003 0.00699999999999861 0 30023.0
792 193.97 193.89000000000001 0.009799999999997325 0 30023.0
793 193.79 193.88200000000003 0.00219999999999745 50 30023.0
794 193.83 193.89000000000004 -0.0054000000000024315 50 30025.0
795 193.685 193.855 -0.01539999999999967 50 30017.75
796 193.67 193.78900000000002 -0.01409999999999988 50 30017.0
797 193.67 193.729 -0.008000000000004559 50 30017.0
798 193.61 193.69300000000004 -0.009099999999996354 50 30014.0
799 193.42 193.61100000000002 -0.011800000000004305 50 30004.5
800 193.42 193.55800000000002 -0.015000000000000855 50 30004.5
801 193.55 193.53400000000002 -0.008599999999997898 0 30011.0
802 193.58 193.51600000000002 0.0014000000000024717 0 30011.0
803 193.6 193.514 0.010400000000000171 0 30011.0
804 193.39 193.508 -0.0002000000000003222 0 30011.0
805 193.47 193.51800000000003 -0.007000000000002957 0 30011.0
806 193.39 193.486 -0.010200000000006903 0 30011.0
807 193.345 193.439 -0.010199999999999862 0 30011.0
808 193.29 193.377 -0.006499999999997796 0 30011.0
809 193.32 193.363 -0.007999999999999417 0 30011.0
810 193.46 193.36100000000002 0.0023000000000020448 0 30011.0
811 193.3 193.343 0.0016000000000004672 50 30011.0
812 193.2 193.31400000000002 -0.0040000000000018805 50 30006.0
813 193.295 193.315 -0.006200000000000103 50 30010.75
814 193.17 193.28500000000003 -0.011699999999999884 50 30004.5
815 193.28 193.24900000000002 -0.0013999999999992042 0 30010.0
816 193.23 193.235 0.0009000000000038618 50 30010.0
817 193.17 193.22900000000004 -0.0037999999999964048 50 30007.0
818 193.12 193.194 -0.004199999999997752 50 30004.5
819 193.14 193.188 -0.0078000000000025 50 30005.5
820 193.28 193.188 0.0014000000000024887 0 30012.5
821 193.27 193.19600000000003 0.007199999999997715 0 30012.5
822 193.23 193.20800000000003 0.006999999999998132 0 30012.5
823 193.07 193.198 -0.0037999999999989505 0 30012.5
824 192.91 193.152 -0.01880000000000379 0 30012.5
825 192.89 193.074 -0.021600000000000126 0 30012.5
826 192.83 192.98600000000002 -0.019599999999999906 0 30012.5
827 192.98 192.936 -0.0051999999999980525 0 30012.5
828 192.97 192.916 0.004199999999999338 0 30012.5
829 192.97 192.928 0.005999999999997597 0 30012.5
830 192.99 192.948 0.006200000000001843 0 30012.5
831 192.85 192.952 -0.004800000000000173 0 30012.5
832 192.77 192.91 -0.010400000000001236 0 30012.5
833 192.88 192.892 -0.008000000000000713 0 30012.5
834 192.7 192.838 -0.011000000000003474 0 30012.5
835 192.78 192.796 -0.0042000000000008255 0 30012.5
836 192.9 192.806 0.0031999999999991514 0 30012.5
837 192.94 192.84 0.006400000000001136 0 30012.5
838 192.94 192.852 0.012800000000000932 0 30012.5
839 192.89 192.89000000000001 0.005199999999997928 50 30012.5
840 192.6 192.854 -0.013000000000003635 50 29998.0
841 192.61 192.796 -0.01999999999999713 50 29998.5
842 192.53 192.71400000000003 -0.022000000000003173 50 29994.5
843 192.44 192.61400000000003 -0.01939999999999905 50 29990.0
844 192.39 192.514 -0.011799999999997307 50 29987.5
845 192.58 192.51 -0.003999999999996609 0 29997.0
846 192.6 192.508 0.005600000000002315 0 29997.0
847 192.66 192.53400000000002 0.013000000000002964 0 29997.0
848 192.54 192.55400000000003 0.007600000000002218 50 29997.0
849 192.59 192.59400000000002 -0.0007999999999976307 50 29999.5
850 192.52 192.582 -0.0045999999999984074 50 29996.0
851 192.51 192.56400000000002 -0.006399999999998659 50 29995.5
852 192.44 192.52 -0.005599999999998845 50 29992.0
853 192.16 192.44400000000002 -0.018799999999999182 50 29978.0
854 192.31 192.38799999999998 -0.01539999999999611 50 29985.5
855 192.31 192.38799999999998 -0.01539999999999611 50 29985.5
856 192.13 192.31 -0.017800000000004586 50 29976.5
857 192.095 192.227 -0.014400000000003708 50 29974.75
858 192.21 192.181 -0.002300000000000494 0 29980.5
859 192.25 192.199 -0.000800000000001343 0 29980.5
860 192.32 192.20100000000002 0.01070000000000028 0 29980.5
861 192.38 192.25100000000003 0.013599999999999637 0 29980.5
862 192.41 192.314 0.010600000000001714 0 29980.5
863 192.56 192.38400000000001 0.014199999999998538 0 29980.5
864 192.47 192.428 0.009599999999997867 0 29980.5
865 192.55 192.474 0.008000000000002283 0 29980.5
866 192.62 192.522 0.008200000000002448 0 29980.5
867 192.56 192.55200000000002 0.003000000000000843 0 29980.5
868 192.72 192.58400000000003 0.010200000000001153 0 29980.5
869 192.75 192.64000000000001 0.010000000000001757 0 29980.5
870 192.7 192.67000000000002 0.007000000000002127 0 29980.5
871 192.83 192.71200000000002 0.010400000000000095 0 29980.5
872 192.83 192.71200000000002 0.010400000000000095 0 29980.5
873 192.82 192.764 0.005599999999995092 0 29980.5
874 192.84 192.788 0.006000000000000553 0 29980.5
875 192.72 192.782 0.001000000000002853 50 29980.5
876 192.72 192.782 0.001000000000002853 50 29980.5
877 192.63 192.76800000000003 -0.009999999999998085 50 29976.0
878 192.76 192.75400000000002 -0.006599999999998657 0 29982.5
879 192.76 192.742 -0.002399999999999951 0 29982.5
880 192.66 192.70600000000002 0.00019999999999760354 50 29982.5
881 192.75 192.71200000000002 0.002800000000004247 0 29987.0
882 192.795 192.745 0.0011999999999999678 0 29987.0
883 192.805 192.75400000000002 0.004499999999996104 0 29987.0
884 192.8 192.762 0.00669999999999568 0 29987.0
885 192.88 192.806 0.005299999999999878 0 29987.0
886 192.97 192.85 0.008500000000000143 0 29987.0
887 193.06 192.903 0.013599999999997565 0 29987.0
888 193.06 192.903 0.013599999999997565 0 29987.0
889 193.055 192.95299999999997 0.013800000000001962 0 29987.0
890 193.14 193.02100000000002 0.012100000000000293 0 29987.0
891 193.06 193.057 0.005199999999996999 0 29987.0
892 192.96 193.05500000000004 -0.0038999999999972806 0 29987.0
893 193 193.043 -0.005799999999999825 0 29987.0
894 193.04 193.04000000000002 -0.00520000000000196 0 29987.0
895 193.05 193.02200000000002 0.0011999999999998832 0 29987.0
896 193.24 193.05800000000002 0.01219999999999965 0 29987.0
897 193.21 193.108 0.012400000000000098 0 29987.0
898 193.17 193.142 0.008399999999999167 0 29987.0
899 193.17 193.142 0.008399999999999167 0 29987.0
900 193.18 193.17 0.003799999999995909 0 29987.0
901 193.09 193.178 -0.006600000000000183 0 29987.0
902 193.175 193.16500000000002 -0.0029999999999991834 0 29987.0
903 193.27 193.17700000000002 0.0039000000000019427 0 29987.0
904 193.29 193.20100000000002 0.008000000000002666 0 29987.0
905 193.28 193.221 0.009899999999997858 0 29987.0
906 193.29 193.26100000000002 0.004799999999998773 0 29987.0
907 193.325 193.29100000000003 0.002199999999997707 0 29987.0
908 193.325 193.302 0.0022999999999985107 0 29987.0
909 193.37 193.318 0.004300000000001303 0 29987.0
910 193.36 193.334 0.003700000000002037 0 29987.0
911 193.2 193.31600000000003 -0.004299999999999475 0 29987.0
912 193.14 193.279 -0.010799999999999551 0 29987.0
913 193.19 193.252 -0.01160000000000254 0 29987.0
914 193.09 193.19600000000003 -0.010999999999997592 0 29987.0
915 193.09 193.142 -0.005399999999996538 0 29987.0
916 193.17 193.13600000000002 -0.0007999999999991914 0 29987.0
917 193.31 193.17 0.006400000000000957 0 29987.0
918 193.31 193.17 0.006400000000000957 0 29987.0
919 193.28 193.18800000000002 0.012000000000002346 0 29987.0
920 193.36 193.24200000000002 0.013000000000000836 0 29987.0
921 193.19 193.26200000000003 0.0017999999999995906 50 29987.0
922 193.22 193.27200000000002 -0.005400000000002005 50 29988.5
923 193.25 193.26000000000002 -0.00399999999999827 50 29990.0
924 193.19 193.24200000000002 -0.005599999999998504 50 29987.0
925 193.11 193.19200000000004 -0.0038000000000015044 50 29983.0
926 193.08 193.17000000000004 -0.008399999999999162 50 29981.5
927 193.04 193.13400000000004 -0.010599999999997974 50 29979.5
928 192.98 193.08000000000004 -0.009800000000000274 50 29976.5
929 192.97 193.036 -0.00760000000000024 50 29976.0
930 192.97 193.036 -0.00760000000000024 50 29976.0
931 193.33 193.08 0.008599999999996735 0 29994.0
932 193.48 193.16 0.024600000000000743 0 29994.0
933 193.56 193.264 0.03340000000000027 0 29994.0
934 193.45 193.358 0.023800000000001396 0 29994.0
935 193.38 193.44 0.0014000000000007765 50 29994.0
936 193.41 193.45600000000002 -0.006399999999996615 50 29995.5
937 193.41 193.45600000000002 -0.006399999999996615 50 29995.5
938 193.25 193.41 -0.013199999999998517 50 29987.5
939 193.1 193.318 -0.016599999999998383 50 29980.0
940 193.24 193.276 -0.011799999999994704 50 29987.0
941 193 193.20000000000002 -0.016599999999999587 50 29975.0
942 193 193.118 -0.012000000000003936 50 29975.0
943 192.92 193.052 -0.011999999999998049 50 29971.0
944 192.97 193.026 -0.012400000000002388 50 29973.5
945 192.97 193.026 -0.012400000000002388 50 29973.5
946 192.85 192.948 -0.006600000000000153 50 29967.5
947 193 192.94799999999998 -0.0014000000000031893 0 29975.0
948 192.865 192.921 -0.0016000000000004437 0 29975.0
949 192.75 192.88700000000003 -0.008499999999999328 0 29975.0
950 192.81 192.85500000000002 -0.006599999999997929 0 29975.0
951 192.76 192.83700000000002 -0.010699999999997056 0 29975.0
952 192.61 192.75900000000001 -0.010000000000002594 0 29975.0
953 192.55 192.69600000000003 -0.012000000000000375 0 29975.0
954 192.55 192.69600000000003 -0.012000000000000375 0 29975.0
955 192.48 192.64200000000002 -0.017399999999998864 0 29975.0
956 192.66 192.61200000000002 -0.00659999999999706 0 29975.0
957 192.62 192.58400000000003 0.00259999999999916 0 29975.0
958 192.78 192.61800000000002 0.011999999999994576 0 29975.0
959 192.61 192.63 0.0076000000000019975 50 29975.0
