time-hour stock-price avg-price-5-min regression-coef number-of-stocks portfolio-value 570 191.48 193.56400000000002 -0.10139393939393614 0 30000.0
571 191.88 193.186 -0.20048484848484163 0 30000.0
572 191.68 192.75000000000003 -0.27975757575757815 0 30000.0
573 191.61 192.27800000000002 -0.32369696969697137 0 30000.0
574 191.34 191.598 -0.35018181818181404 0 30000.0
575 190.71 191.44400000000002 -0.39854545454544615 0 30000.0
576 190.62 191.192 -0.41690909090908207 0 30000.0
577 190.5 190.956 -0.3976363636363605 0 30000.0
578 190.68 190.76999999999998 -0.32048484848484593 0 30000.0
579 190.84 190.67000000000002 -0.1433939393939333 0 30000.0
580 190.68 190.66400000000002 -0.14509090909090372 0 30000.0
581 191.02 190.744 -0.09187878787878294 0 30000.0
582 190.9 190.824 -0.04812121212121491 0 30000.0
583 191.02 190.89200000000002 0.006969696969700947 0 30000.0
584 190.97 190.918 0.048484848484838465 0 30000.0
585 191.21 191.024 0.06557575757575868 0 30000.0
586 191.28 191.076 0.0744242424242428 0 30000.0
587 191.34 191.16400000000002 0.07054545454546393 0 30000.0
588 191.34 191.228 0.06848484848484328 0 30000.0
589 191.2 191.274 0.061454545454544415 50 30000.0
590 191.32 191.29600000000002 0.04593939393939706 0 30006.0
591 191.21 191.28200000000004 0.0393333333333317 50 30006.0
592 191.17 191.24800000000002 0.020242424242422105 50 30004.0
593 191.05 191.19000000000003 -0.0006666666666611769 50 29998.0
594 191 191.15000000000003 -0.02800000000000117 50 29995.5
595 190.87 191.06000000000003 -0.04678787878787489 50 29989.0
596 190.92 191.002 -0.05406060606060027 50 29991.5
597 190.97 190.962 -0.05024242424242571 0 29994.0
598 190.73 190.89800000000002 -0.05503030303030083 0 29994.0
599 190.645 190.827 -0.06639393939393816 0 29994.0
600 190.83 190.81900000000002 -0.052939393939392794 0 29994.0
601 190.74 190.78300000000002 -0.04578787878786814 0 29994.0
602 190.68 190.725 -0.038878787878787555 0 29994.0
603 190.81 190.741 -0.026939393939382064 0 29994.0
604 190.82 190.776 -0.014878787878782346 0 29994.0
605 190.68 190.746 -0.016939393939392883 0 29994.0
606 190.78 190.75400000000002 -0.007909090909084057 0 29994.0
607 190.82 190.78199999999998 0.008333333333333701 0 29994.0
608 190.95 190.81 0.01748484848485103 0 29994.0
609 191.09 190.86400000000003 0.02593939393939237 0 29994.0
610 191.01 190.93 0.03696969696969315 0 29994.0
611 190.9 190.954 0.033818181818184884 50 29994.0
612 191.04 190.998 0.032363636363635886 0 30001.0
613 191.33 191.074 0.05103030303030253 0 30001.0
614 191.3 191.11599999999999 0.06242424242424598 0 30001.0
615 191.31 191.17600000000002 0.059212121212130056 0 30001.0
616 191.33 191.262 0.056121212121211905 0 30001.0
617 191.26 191.30600000000004 0.045212121212119274 50 30001.0
618 191.42 191.324 0.046363636363632 0 30009.0
619 191.59 191.382 0.06042424242424151 0 30009.0
620 191.59 191.43800000000002 0.06309090909091458 0 30009.0
621 191.7 191.51200000000003 0.05739393939393709 0 30009.0
622 191.575 191.57500000000002 0.044515151515151036 50 30009.0
623 191.61 191.613 0.046393939393941055 50 30010.75
624 191.5 191.59500000000003 0.036878787878785256 50 30005.25
625 191.53 191.58300000000003 0.02724242424241821 50 30006.75
626 191.63 191.56900000000002 0.021727272727271426 0 30011.75
627 191.8 191.61400000000003 0.01718181818183049 0 30011.75
628 191.82 191.65600000000003 0.01784848484848367 0 30011.75
629 191.69 191.69400000000002 0.017909090909094448 50 30011.75
630 191.77 191.74200000000002 0.021121212121215503 0 30015.75
631 191.71 191.75800000000004 0.026212121212123844 50 30015.75
632 191.74 191.74600000000004 0.024484848484847884 50 30017.25
633 191.77 191.73600000000005 0.02472727272727634 0 30018.75
634 191.65 191.72800000000004 0.00915151515153193 50 30018.75
635 191.62 191.69800000000004 -0.007878787878794211 50 30017.25
636 191.68 191.69200000000004 -0.016060606060599645 50 30020.25
637 191.83 191.71000000000004 -0.0053333333333261046 0 30027.75
638 191.71 191.69800000000004 -0.00018181818181571888 0 30027.75
639 191.81 191.73000000000002 0.0030909090909162842 0 30027.75
640 191.84 191.774 0.011878787878790062 0 30027.75
641 191.77 191.79200000000003 0.012000000000007855 50 30027.75
642 191.85 191.79600000000002 0.017757575757571933 0 30031.75
643 191.79 191.812 0.020909090909091294 50 30031.75
644 191.81 191.812 0.01690909090907815 50 30032.75
645 191.68 191.78 0.0018787878787870221 50 30026.25
646 191.7 191.76600000000002 -0.008787878787879995 50 30027.25
647 191.81 191.758 -0.003696969696975323 0 30032.75
648 192 191.8 0.004000000000003987 0 30032.75
649 192.12 191.86200000000002 0.021393939393941904 0 30032.75
650 192.31 191.988 0.047393939393931106 0 30032.75
651 192.3 192.10800000000003 0.062484848484845625 0 30032.75
652 192.43 192.23200000000003 0.0835757575757598 0 30032.75
653 192.56 192.34400000000002 0.1007272727272727 0 30032.75
654 192.65 192.45000000000002 0.11478787878788303 0 30032.75
655 192.54 192.496 0.10400000000001001 0 30032.75
656 192.54 192.544 0.08412121212121931 50 30032.75
657 192.51 192.56000000000003 0.059757575757568515 50 30031.25
658 192.53 192.55400000000003 0.040666666666661924 50 30032.25
659 192.58 192.54000000000002 0.025878787878796092 0 30034.75
660 192.53 192.538 0.015454545454544255 50 30034.75
661 192.405 192.51100000000002 -0.005121212121211002 50 30028.5
662 192.4 192.48900000000003 -0.01857575757575285 50 30028.25
663 192.345 192.452 -0.025999999999999263 50 30025.5
664 192.33 192.40200000000002 -0.025636363636359606 50 30024.75
665 192.375 192.371 -0.026272727272727735 0 30027.0
666 192.41 192.372 -0.022999999999994258 0 30027.0
667 192.4 192.372 -0.02069696969695828 0 30027.0
668 192.27 192.35700000000003 -0.022818181818174948 0 30027.0
669 192.06 192.30300000000003 -0.029909090909090403 0 30027.0
670 191.82 192.19200000000004 -0.047121212121201586 0 30027.0
671 191.65 192.04000000000002 -0.07333333333332945 0 30027.0
672 191.65 191.89000000000004 -0.09072727272726169 0 30027.0
673 191.57 191.75000000000003 -0.10706060606060058 0 30027.0
674 191.49 191.636 -0.11936363636362862 0 30027.0
675 191.5 191.57200000000003 -0.11793939393938847 0 30027.0
676 191.56 191.55400000000003 -0.10030303030302203 0 30027.0
677 191.74 191.57200000000003 -0.06321212121211396 0 30027.0
678 191.84 191.62600000000003 -0.021333333333335588 0 30027.0
679 191.81 191.69 0.010121212121224436 0 30027.0
680 191.88 191.76600000000002 0.03242424242424371 0 30027.0
681 191.91 191.836 0.04430303030302797 0 30027.0
682 192.07 191.902 0.061757575757567275 0 30027.0
683 192.08 191.95 0.06933333333334109 0 30027.0
684 192.16 192.01999999999998 0.069757575757581 0 30027.0
685 192.24 192.092 0.06709090909091461 0 30027.0
686 192.16 192.14200000000005 0.055090909090908094 0 30027.0
687 192.15 192.15800000000002 0.047272727272727307 50 30027.0
688 192.07 192.156 0.03678787878788539 50 30023.0
689 192.185 192.16100000000003 0.027787878787888562 0 30028.75
690 192.075 192.12800000000001 0.0129090909090864 50 30028.75
691 192.43 192.18200000000002 0.017030303030305904 0 30046.5
692 192.34 192.22000000000003 0.02060606060605644 0 30046.5
693 192.48 192.30200000000002 0.029212121212123777 0 30046.5
694 192.4 192.34500000000003 0.03393939393938145 0 30046.5
695 192.35 192.4 0.03836363636363587 50 30046.5
696 192.4 192.394 0.03884848484849177 0 30049.0
697 192.46 192.418 0.03903030303031471 0 30049.0
698 192.52 192.42600000000004 0.03339393939394709 0 30049.0
699 192.67 192.48000000000002 0.038151515151522215 0 30049.0
700 192.54 192.51800000000003 0.022606060606062083 0 30049.0
701 192.49 192.536 0.02236363636364474 50 30049.0
702 192.56 192.55600000000004 0.019212121212120237 0 30052.5
703 192.5 192.55200000000002 0.01945454545454986 50 30052.5
704 192.37 192.49200000000002 0.007030303030299252 50 30046.0
705 192.43 192.47000000000003 -0.005090909090908866 50 30049.0
706 192.46 192.464 -0.013212121212123644 50 30050.5
707 192.36 192.424 -0.023515151515141868 50 30045.5
708 192.45 192.41400000000004 -0.023696969696951713 0 30050.0
709 192.36 192.41200000000003 -0.01793939393939105 0 30050.0
710 192.49 192.42400000000004 -0.009999999999995023 0 30050.0
711 192.56 192.44400000000002 -0.0009696969696892519 0 30050.0
712 192.31 192.43400000000003 -0.0017575757575609007 0 30050.0
713 192.32 192.40800000000002 -0.002969696969692797 0 30050.0
714 192.28 192.392 -0.012848484848485634 0 30050.0
715 192.29 192.352 -0.017090909090902672 0 30050.0
716 192.4 192.32 -0.011636363636368224 0 30050.0
717 192.32 192.322 -0.01648484848484446 0 30050.0
718 192.26 192.31 -0.018121212121215043 0 30050.0
719 192.26 192.30599999999998 -0.02345454545452697 0 30050.0
720 192.27 192.30200000000002 -0.018363636363631024 0 30050.0
721 192.28 192.27800000000002 -0.005393939393940629 0 30050.0
722 192.25 192.264 -0.007333333333339211 0 30050.0
723 192.27 192.26600000000002 -0.006787878787877209 0 30050.0
724 192.24 192.26200000000003 -0.009939393939392227 0 30050.0
725 192.27 192.26200000000003 -0.010303030303028936 0 30050.0
726 192.3 192.26600000000005 -0.0014545454545409422 0 30050.0
727 192.235 192.26300000000003 -0.00027272727271895967 0 30050.0
728 192.28 192.26500000000004 0.00039393939394626704 0 30050.0
729 192.34 192.28500000000003 0.004090909090921407 0 30050.0
730 192.27 192.28500000000003 0.0036666666666578802 50 30050.0
731 192.34 192.293 0.007727272727273896 0 30053.5
732 192.32 192.31 0.007969696969702436 0 30053.5
733 192.235 192.30100000000002 0.004060606060606173 50 30053.5
734 192.17 192.26700000000002 -0.0049696969697015725 50 30050.25
735 192.15 192.243 -0.012242424242417232 50 30049.25
736 192.18 192.211 -0.014424242424240693 50 30050.75
737 192.19 192.185 -0.01893939393939765 0 30051.25
738 192.16 192.17000000000002 -0.021545454545455315 0 30051.25
739 192.18 192.17200000000003 -0.01760606060606325 0 30051.25
740 192.16 192.17400000000004 -0.017484848484847555 0 30051.25
741 192.16 192.17000000000002 -0.01136363636363284 0 30051.25
742 192.07 192.14600000000002 -0.009303030303020555 0 30051.25
743 192.32 192.178 0.003757575757578458 0 30051.25
744 192.41 192.22400000000002 0.016363636363633974 0 30051.25
745 192.43 192.27800000000002 0.025818181818181414 0 30051.25
746 192.53 192.352 0.039333333333347535 0 30051.25
747 192.46 192.43 0.045454545454547746 0 30051.25
748 192.43 192.452 0.04466666666667694 50 30051.25
749 192.39 192.44800000000004 0.039757575757588655 50 30049.25
750 192.4 192.442 0.03151515151515711 50 30049.75
751 192.415 192.41900000000004 0.021181818181815734 50 30050.5
752 192.39 192.40500000000003 0.00039393939395631657 50 30049.25
753 192.46 192.411 -0.003787878787883603 0 30052.75
754 192.52 192.437 -0.0003939393939380723 0 30052.75
755 192.48 192.45300000000003 0.0008181818181739222 0 30052.75
756 192.44 192.458 0.00590909090909215 50 30052.75
757 192.47 192.47400000000002 0.009060606060604484 50 30054.25
758 192.45 192.472 0.008999999999993518 50 30053.25
759 192.425 192.45300000000003 0.0046666666666673115 50 30052.0
760 192.48 192.45300000000003 0.0035757575757643157 0 30054.75
761 192.445 192.45400000000004 0.0006060606060658763 50 30054.75
762 192.425 192.44500000000002 -0.005484848484848375 50 30053.75
763 192.4 192.435 -0.008696969696963867 50 30052.5
764 192.34 192.41800000000006 -0.010454545454538453 50 30049.5
765 192.27 192.37600000000003 -0.016515151515144322 50 30046.0
766 192.23 192.333 -0.024878787878794394 50 30044.0
767 192.23 192.294 -0.028696969696973662 50 30044.0
768 192.29 192.27200000000002 -0.02766666666666698 0 30047.0
769 192.35 192.274 -0.023090909090901248 0 30047.0
770 192.42 192.304 -0.010121212121201711 0 30047.0
771 192.4 192.33800000000002 0.00015151515152423542 0 30047.0
772 192.425 192.377 0.011000000000011294 0 30047.0
773 192.465 192.412 0.02236363636363323 0 30047.0
774 192.48 192.43800000000002 0.029757575757581936 0 30047.0
775 192.47 192.448 0.030242424242419005 0 30047.0
776 192.48 192.46400000000003 0.026181818181812633 0 30047.0
777 192.59 192.497 0.025090909090908876 0 30047.0
778 192.54 192.51200000000003 0.020909090909084903 0 30047.0
779 192.51 192.51800000000003 0.0160606060606077 50 30047.0
780 192.41 192.50600000000003 0.00848484848484818 50 30042.0
781 192.41 192.49200000000002 -0.0003030303030239972 50 30042.0
782 192.47 192.468 -0.004272727272729635 0 30045.0
783 192.46 192.452 -0.006666666666674309 0 30045.0
784 192.47 192.444 -0.007454545454542962 0 30045.0
785 192.39 192.44 -0.013151515151521307 0 30045.0
786 192.47 192.452 -0.012848484848484377 0 30045.0
787 192.49 192.45600000000002 -0.003999999999993015 0 30045.0
788 192.55 192.474 0.005999999999997589 0 30045.0
789 192.53 192.48600000000002 0.012787878787884687 0 30045.0
790 192.52 192.512 0.012121212121222935 0 30045.0
791 192.52 192.52200000000005 0.010121212121221223 50 30045.0
792 192.52 192.52800000000002 0.010787878787875255 50 30045.0
793 192.585 192.53500000000003 0.013727272727273523 0 30048.25
794 192.61 192.55100000000004 0.01718181818182261 0 30048.25
795 192.6 192.56700000000004 0.013060606060603679 0 30048.25
796 192.63 192.58900000000003 0.013363636363639339 0 30048.25
797 192.64 192.61300000000003 0.013606060606052232 0 30048.25
798 192.56 192.608 0.011666666666672779 50 30048.25
799 192.56 192.598 0.008272727272726255 50 30048.25
800 192.54 192.586 0.0027575757575768658 50 30047.25
801 192.7 192.6 0.005727272727272251 0 30055.25
802 192.61 192.594 0.0016060606060602392 0 30055.25
803 192.76 192.634 0.008909090909086485 0 30055.25
804 192.84 192.69000000000003 0.020121212121210565 0 30055.25
805 192.81 192.74400000000003 0.026242424242427412 0 30055.25
806 192.73 192.75000000000003 0.027454545454555737 50 30055.25
807 192.78 192.78400000000002 0.030848484848495245 50 30057.75
808 192.72 192.77600000000004 0.02393939393938284 50 30054.75
809 192.75 192.75800000000004 0.01672727272727433 50 30056.25
810 192.75 192.74600000000004 0.00587878787879333 0 30056.25
811 192.78 192.75600000000003 0.0047878787878835975 0 30056.25
812 192.83 192.76600000000002 -0.000545454545453458 0 30056.25
813 192.82 192.786 0.0009090909090951788 0 30056.25
814 192.835 192.80300000000003 0.007787878787883432 0 30056.25
815 192.87 192.82700000000003 0.014636363636357543 0 30056.25
816 192.905 192.85200000000003 0.017333333333334804 0 30056.25
817 192.91 192.868 0.02151515151515979 0 30056.25
818 192.87 192.87800000000004 0.017939393939393044 50 30056.25
819 192.93 192.89700000000002 0.017818181818189335 0 30059.25
820 192.8 192.88300000000004 0.008424242424252016 50 30059.25
821 192.8 192.86200000000002 0.0004242424242470955 50 30059.25
822 192.81 192.84200000000004 -0.003939393939398813 50 30059.75
823 192.76 192.82000000000002 -0.011454545454548654 50 30057.25
824 192.77 192.788 -0.01669696969696695 50 30057.75
825 192.7 192.768 -0.02263636363635898 50 30054.25
826 192.81 192.77 -0.018181818181816186 0 30059.75
827 192.74 192.756 -0.016060606060609967 0 30059.75
828 192.78 192.76000000000002 -0.01236363636364604 0 30059.75
829 192.8 192.76600000000002 -0.0024848484848451007 0 30059.75
830 192.81 192.78800000000004 0.0008484848484920305 0 30059.75
831 192.83 192.79200000000003 0.005151515151525285 0 30059.75
832 192.76 192.79600000000002 0.005939393939387995 50 30059.75
833 192.79 192.798 0.005636363636364134 50 30061.25
834 192.86 192.81 0.009454545454553388 0 30064.75
835 192.84 192.816 0.0064242424242425085 0 30064.75
836 192.84 192.818 0.009030303030301074 0 30064.75
837 192.78 192.82200000000003 0.0033333333333365914 50 30064.75
838 192.745 192.81300000000005 -0.0020909090909038163 50 30063.0
839 192.59 192.75900000000001 -0.014212121212122961 50 30055.25
840 192.62 192.71500000000003 -0.02148484848485159 50 30056.75
841 192.62 192.67100000000002 -0.02512121212120716 50 30056.75
842 192.72 192.65900000000002 -0.025424242424246374 0 30061.75
843 192.75 192.66000000000003 -0.021606060606055827 0 30061.75
844 192.77 192.69600000000003 -0.01154545454545011 0 30061.75
845 192.74 192.72000000000003 -0.0033636363636378435 0 30061.75
846 192.81 192.75800000000004 0.009848484848481508 0 30061.75
847 192.89 192.79200000000003 0.02378787878787589 0 30061.75
848 192.89 192.82000000000002 0.03406060606060928 0 30061.75
849 192.89 192.84400000000002 0.032242424242420596 0 30061.75
850 192.89 192.87400000000002 0.02878787878787184 0 30061.75
851 192.89 192.89000000000001 0.022060606060606745 50 30061.75
852 192.9 192.89200000000002 0.019272727272733218 0 30062.25
853 192.885 192.89100000000002 0.015484848484853861 50 30062.25
854 192.84 192.88100000000003 0.008939393939404018 50 30060.0
855 192.92 192.88700000000003 0.0039090909091117195 0 30064.0
856 192.97 192.90300000000002 0.00409090909091237 0 30064.0
857 192.97 192.917 0.0076666666666598115 0 30064.0
858 192.98 192.936 0.010818181818187621 0 30064.0
859 192.94 192.956 0.010696969696970336 50 30064.0
860 192.85 192.942 0.005060606060605535 50 30059.5
861 192.76 192.89999999999998 -0.00499999999999545 50 30055.0
862 192.76 192.85799999999998 -0.012818181818184112 50 30055.0
863 192.75 192.812 -0.020484848484858365 50 30054.5
864 192.71 192.76600000000002 -0.031696969696973123 50 30052.5
865 192.66 192.728 -0.03872727272726294 50 30050.0
866 192.68 192.71200000000002 -0.03818181818180967 50 30051.0
867 192.73 192.70600000000002 -0.03139393939393568 0 30053.5
868 192.77 192.71 -0.018848484848484927 0 30053.5
869 192.78 192.72400000000002 -0.005878787878783224 0 30053.5
870 192.78 192.74800000000002 0.0030303030303112863 0 30053.5
871 192.84 192.78000000000003 0.010060606060612752 0 30053.5
872 192.84 192.80200000000005 0.01612121212121178 0 30053.5
873 192.85 192.818 0.021090909090911148 0 30053.5
874 192.92 192.846 0.025999999999999884 0 30053.5
875 192.94 192.87800000000001 0.026121212121225017 0 30053.5
876 192.89 192.888 0.021454545454547138 0 30053.5
877 192.86 192.892 0.01593939393938717 50 30053.5
878 192.89 192.9 0.013151515151519771 50 30055.0
879 192.87 192.89000000000001 0.008484848484854968 50 30054.0
880 192.85 192.872 0.0016363636363665097 50 30053.0
881 192.86 192.866 -0.0015151515151580056 50 30053.5
882 192.83 192.86 -0.006545454545456766 50 30052.0
883 192.87 192.85600000000002 -0.008606060606055087 0 30054.0
884 192.82 192.846 -0.00896969696969241 0 30054.0
885 192.84 192.84400000000002 -0.0056969696969764545 0 30054.0
886 192.84 192.84000000000003 -0.00454545454545446 0 30054.0
887 192.84 192.84200000000004 -0.004787878787870615 0 30054.0
888 192.82 192.83200000000002 -0.003878787878783992 0 30054.0
889 192.89 192.846 0.00036363636363224625 0 30054.0
890 192.84 192.84600000000003 0.00030303030302335877 50 30054.0
891 192.92 192.86200000000002 0.005393939393931601 0 30058.0
892 192.92 192.87800000000001 0.007757575757568061 0 30058.0
893 192.96 192.90600000000003 0.01387878787879322 0 30058.0
894 192.96 192.92000000000004 0.015575757575756237 0 30058.0
895 192.92 192.93600000000004 0.014727272727273737 50 30058.0
896 192.97 192.94600000000003 0.015636363636361773 0 30060.5
897 192.97 192.95600000000002 0.014969696969701018 0 30060.5
898 192.98 192.96 0.011939393939397868 0 30060.5
899 192.99 192.966 0.012181818181823921 0 30060.5
900 193.16 193.014 0.017151515151523727 0 30060.5
901 193.15 193.05 0.023030303030300046 0 30060.5
902 193.08 193.07200000000003 0.02230303030303872 0 30060.5
903 193.21 193.11800000000002 0.02939393939395088 0 30060.5
904 193.24 193.168 0.035090909090919546 0 30060.5
905 193.24 193.184 0.03472727272727414 0 30060.5
906 193.19 193.192 0.031090909090915546 50 30060.5
907 193.13 193.20200000000003 0.02151515151515829 50 30057.5
908 193.15 193.19 0.011757575757578916 50 30058.5
909 193.16 193.174 0.0011515151515182282 50 30059.0
910 193.22 193.17000000000002 0.003090909090913443 0 30062.0
911 193.22 193.17600000000002 0.0036363636363560443 0 30062.0
912 193.18 193.186 -0.003515151515143793 0 30062.0
913 193.24 193.204 6.060606061959491e-05 0 30062.0
914 193.26 193.224 0.006363636363643688 0 30062.0
915 193.43 193.266 0.021696969696972948 0 30062.0
916 193.52 193.32600000000002 0.036303030303033966 0 30062.0
917 193.56 193.40200000000004 0.04509090909091015 0 30062.0
918 193.47 193.44800000000004 0.04509090909092485 0 30062.0
919 193.42 193.48000000000002 0.03915151515151312 50 30062.0
920 193.39 193.472 0.0324242424242488 50 30060.5
921 193.39 193.446 0.02363636363637465 50 30060.5
922 193.39 193.41199999999998 0.010121212121215707 50 30060.5
923 193.45 193.408 0.0013333333333421537 0 30063.5
924 193.525 193.429 -0.004575757575760039 0 30063.5
925 193.48 193.447 -0.004818181818171352 0 30063.5
926 193.48 193.465 0.0003333333333302388 0 30063.5
927 193.505 193.488 0.009999999999999844 0 30063.5
928 193.475 193.493 0.012696969696969668 50 30063.5
929 193.46 193.48 0.011181818181817585 50 30062.75
930 193.39 193.462 0.003363636363641226 50 30059.25
931 193.33 193.43200000000002 -0.007727272727254864 50 30056.25
932 193.31 193.393 -0.01918181818180688 50 30055.25
933 193.27 193.352 -0.02784848484847942 50 30053.25
934 193.36 193.332 -0.0244242424242355 0 30057.75
935 193.395 193.333 -0.020090909090904843 0 30057.75
936 193.39 193.345 -0.014999999999996308 0 30057.75
937 193.45 193.373 -0.0038787878787849947 0 30057.75
938 193.45 193.409 0.005909090909082309 0 30057.75
939 193.32 193.401 0.007909090909085112 50 30057.75
940 193.27 193.37599999999998 0.004212121212125804 50 30055.25
941 193.2 193.33800000000002 -0.005848484848476167 50 30051.75
942 193.18 193.28400000000002 -0.01675757575757291 50 30050.75
943 193.08 193.21000000000004 -0.03421212121210795 50 30045.75
944 193.15 193.17600000000002 -0.0395454545454584 50 30049.25
945 193.22 193.16600000000003 -0.036181818181819016 0 30052.75
946 193.17 193.16000000000003 -0.03375757575757071 0 30052.75
947 193.13 193.15 -0.026848484848475965 0 30052.75
948 193.14 193.16199999999998 -0.015515151515153942 0 30052.75
949 193.05 193.14200000000002 -0.013999999999994864 0 30052.75
950 193.11 193.12000000000003 -0.009272727272716616 0 30052.75
951 192.98 193.08200000000002 -0.014363636363635779 0 30052.75
952 193.09 193.074 -0.012121212121206417 0 30052.75
953 193.16 193.07800000000003 -0.01163636363635052 0 30052.75
954 193.09 193.086 -0.011272727272725101 0 30052.75
955 192.93 193.05 -0.014242424242422965 0 30052.75
956 192.82 193.018 -0.023030303030306086 0 30052.75
957 192.82 192.964 -0.03024242424242355 0 30052.75
958 192.84 192.9 -0.03193939393938936 0 30052.75
959 192.73 192.828 -0.0419999999999982 0 30052.75
