time-hour stock-price avg-price-5-min regression coef number-of-stocks portfolio-value 570 193.77 194.61 -0.04479999999999892 0 30000.0
571 194.02 194.436 -0.05160000000000098 0 30000.0
572 194.21 194.31600000000003 -0.038199999999999366 0 30000.0
573 194.32 194.22600000000003 -0.01079999999999968 0 30000.0
574 194.28 194.12 0.026399999999999188 0 30000.0
575 194.4 194.246 0.016600000000002366 0 30000.0
576 194.33 194.30800000000002 0.006399999999996141 0 30000.0
577 194.64 194.394 0.013799999999997252 0 30000.0
578 194.65 194.46 0.019599999999998292 0 30000.0
579 194.39 194.48200000000003 0.005999999999998444 25 30000.0
580 194.39 194.48000000000002 -0.0026000000000010945 25 30000.0
581 194.61 194.536 -0.006399999999999413 0 30005.5
582 194.605 194.529 0.0025999999999990883 0 30005.5
583 194.46 194.49099999999999 0.007100000000000949 25 30005.5
584 194.4 194.493 -0.002599999999998942 25 30004.0
585 194.44 194.50300000000001 -0.010899999999999773 25 30005.0
586 194.64 194.50900000000001 0.0010000000000009322 0 30010.0
587 194.26 194.44000000000003 -0.0032000000000034588 0 30010.0
588 194.58 194.464 0.003600000000000405 0 30010.0
589 194.43 194.47 -0.001599999999997837 0 30010.0
590 194.7 194.522 0.005799999999997816 0 30010.0
591 194.79 194.552 0.023600000000000343 0 30010.0
592 194.86 194.672 0.01840000000000194 0 30010.0
593 194.74 194.704 0.015600000000005042 0 30010.0
594 194.71 194.76000000000002 -0.0005999999999963105 0 30010.0
595 194.61 194.74200000000002 -0.010200000000000256 0 30010.0
596 194.79 194.74200000000002 -0.005400000000005526 0 30010.0
597 194.94 194.758 0.009599999999998717 0 30010.0
598 194.77 194.764 0.008999999999997503 0 30010.0
599 195.16 194.854 0.021599999999998294 0 30010.0
600 195.05 194.942 0.01480000000000621 0 30010.0
601 195.13 195.01000000000005 0.013200000000003195 0 30010.0
602 195.08 195.038 0.01180000000000137 0 30010.0
603 195.05 195.094 -0.0038000000000015166 0 30010.0
604 195.04 195.07000000000002 -0.002000000000000773 0 30010.0
605 194.88 195.036 -0.010800000000000762 0 30010.0
606 194.84 194.978 -0.012999999999999363 0 30010.0
607 194.78 194.918 -0.014800000000001486 0 30010.0
608 194.79 194.866 -0.012000000000004023 0 30010.0
609 194.73 194.804 -0.006999999999999713 0 30010.0
610 194.9 194.808 0.0013999999999971687 0 30010.0
611 194.86 194.812 0.005399999999999965 0 30010.0
612 194.75 194.80599999999998 0.0010000000000028792 25 30010.0
613 194.6 194.76800000000003 -0.008199999999999744 25 30006.25
614 194.66 194.75400000000002 -0.014800000000003952 25 30007.75
615 194.59 194.692 -0.01259999999999868 25 30006.0
616 194.71 194.66200000000003 -0.0017999999999989554 0 30009.0
617 194.66 194.644 0.0034000000000006525 0 30009.0
618 194.795 194.68300000000002 0.006799999999997625 0 30009.0
619 194.77 194.70500000000004 0.008899999999999823 0 30009.0
620 194.77 194.74100000000004 0.004600000000001017 0 30009.0
621 194.91 194.78100000000003 0.009500000000002975 0 30009.0
622 195.15 194.87900000000002 0.016999999999997704 0 30009.0
623 195.1 194.94000000000003 0.020799999999999902 0 30009.0
624 194.77 194.94000000000003 0.0038000000000004033 25 30009.0
625 194.81 194.94800000000004 -0.011599999999998103 25 30010.0
626 194.735 194.913 -0.02239999999999653 25 30008.125
627 194.68 194.81900000000005 -0.01750000000000388 25 30006.75
628 194.72 194.74300000000005 -0.004600000000000136 25 30007.75
629 194.67 194.723 -0.005899999999998381 25 30006.5
630 194.45 194.651 -0.011599999999997852 25 30001.0
631 194.47 194.598 -0.013799999999998213 25 30001.5
632 194.52 194.566 -0.012000000000000424 25 30002.75
633 194.52 194.526 -0.004600000000002628 25 30002.75
634 194.39 194.47000000000003 -0.0013999999999982163 25 29999.5
635 194.42 194.464 -0.004600000000003325 25 30000.25
636 194.58 194.486 0.0003999999999984807 0 30004.25
637 194.655 194.51300000000003 0.009200000000003941 0 30004.25
638 194.79 194.567 0.02070000000000025 0 30004.25
639 194.92 194.67300000000003 0.024200000000003996 0 30004.25
640 195.02 194.793 0.022899999999999077 0 30004.25
641 195.07 194.89100000000002 0.02120000000000263 0 30004.25
642 194.94 194.948 0.008999999999998403 25 30004.25
643 195 194.99 0.0016000000000019649 0 30005.75
644 194.87 194.98000000000002 -0.007400000000001404 0 30005.75
645 194.97 194.97 -0.005400000000000208 0 30005.75
646 195.48 195.05200000000002 0.021000000000002284 0 30005.75
647 195.49 195.16200000000003 0.031799999999998656 0 30005.75
648 195.81 195.324 0.0479999999999987 0 30005.75
649 195.74 195.49800000000002 0.03740000000000079 0 30005.75
650 195.86 195.67600000000002 0.020200000000004128 0 30005.75
651 195.93 195.76600000000002 0.018600000000001633 0 30005.75
652 195.83 195.834 0.004599999999999695 25 30005.75
653 195.62 195.79600000000002 -0.005399999999999894 25 30000.5
654 195.54 195.756 -0.019000000000001398 25 29998.5
655 195.51 195.686 -0.022600000000002615 25 29997.75
656 195.4 195.58 -0.01940000000000027 25 29995.0
657 195.31 195.47600000000003 -0.015199999999996544 25 29992.75
658 195.26 195.40400000000002 -0.01519999999999812 25 29991.5
659 195.15 195.32600000000002 -0.01719999999999969 25 29988.75
660 195.37 195.29800000000003 -0.0044000000000011625 0 29994.25
661 195.275 195.27300000000002 0.0008000000000017215 0 29994.25
662 195.125 195.23600000000002 -0.002899999999997403 0 29994.25
663 195.175 195.21900000000002 -0.0038999999999986905 0 29994.25
664 195.32 195.25300000000001 -0.004000000000000228 0 29994.25
665 195.25 195.229 0.002899999999997072 0 29994.25
666 195.27 195.228 0.007299999999999746 0 29994.25
667 195.21 195.245 0.00039999999999969167 25 29994.25
668 195.29 195.268 -0.0020000000000032687 0 29996.25
669 195.19 195.24200000000002 -0.0019999999999988343 0 29996.25
670 195.24 195.24 -0.0015999999999983087 0 29996.25
671 195.27 195.24 0.0013999999999989932 0 29996.25
672 195.05 195.20800000000003 -0.007999999999999854 0 29996.25
673 195.06 195.16200000000003 -0.009000000000002098 0 29996.25
674 194.945 195.11300000000003 -0.01599999999999735 0 29996.25
675 194.94 195.053 -0.015299999999998941 0 29996.25
676 194.97 194.99300000000002 -0.0055999999999991135 0 29996.25
677 195.02 194.98700000000002 -0.0010999999999998587 0 29996.25
678 195.04 194.98300000000003 0.005399999999999274 0 29996.25
679 195.08 195.01 0.007000000000003058 0 29996.25
680 195.01 195.024 0.0027999999999969217 25 29996.25
681 194.97 195.024 -0.002600000000005411 25 29995.25
682 194.97 195.014 -0.005000000000000496 25 29995.25
683 195.03 195.012 -0.002800000000002871 0 29996.75
684 195.06 195.008 0.0032000000000024795 0 29996.75
685 195.04 195.014 0.0046000000000008595 0 29996.75
686 195.14 195.048 0.007000000000002047 0 29996.75
687 195.03 195.06 0.0016000000000001482 25 29996.75
688 194.96 195.046 -0.004200000000000787 25 29995.0
689 194.92 195.018 -0.008399999999998041 25 29994.0
690 195.01 195.012 -0.007399999999997981 25 29996.25
691 194.98 194.98000000000002 -0.0010000000000001262 25 29995.5
692 194.89 194.95200000000003 -0.0015999999999998606 25 29993.25
693 195.06 194.972 0.003200000000000173 0 29997.5
694 195.02 194.99200000000002 0.001999999999997609 0 29997.5
695 194.785 194.947 -0.005200000000001417 0 29997.5
696 194.69 194.889 -0.013499999999997953 0 29997.5
697 194.67 194.845 -0.022199999999997173 0 29997.5
698 194.69 194.77100000000002 -0.015499999999997956 0 29997.5
699 194.78 194.723 -0.00020000000000008794 0 29997.5
700 194.84 194.73400000000004 0.008199999999999943 0 29997.5
701 194.87 194.76999999999998 0.01099999999999818 0 29997.5
702 194.96 194.82800000000003 0.012599999999997637 0 29997.5
703 195.03 194.89600000000002 0.012399999999996645 0 29997.5
704 194.97 194.934 0.008399999999997633 0 29997.5
705 194.9 194.94600000000003 0.001399999999999562 25 29997.5
706 194.84 194.94 -0.007399999999998878 25 29996.0
707 194.92 194.93200000000002 -0.007000000000000111 25 29998.0
708 194.93 194.91200000000003 -0.0011999999999980921 0 29998.25
709 194.86 194.89000000000001 0.00019999999999986074 25 29998.25
710 194.89 194.88800000000003 0.0008000000000021558 0 29999.0
711 194.83 194.88600000000002 -0.004400000000001517 0 29999.0
712 194.69 194.84000000000003 -0.010199999999998889 0 29999.0
713 194.705 194.79500000000004 -0.010200000000000748 0 29999.0
714 194.74 194.77100000000004 -0.008500000000001928 0 29999.0
715 194.75 194.743 -0.0021999999999982606 0 29999.0
716 194.78 194.733 0.004500000000003407 0 29999.0
717 194.87 194.769 0.00740000000000261 0 29999.0
718 194.79 194.78600000000003 0.004400000000001388 0 29999.0
719 194.7 194.77800000000002 -0.0018000000000004646 0 29999.0
720 194.82 194.792 -0.0018000000000003094 0 29999.0
721 194.82 194.792 -0.0018000000000003094 0 29999.0
722 194.87 194.81 0.0005999999999971691 0 29999.0
723 194.83 194.80200000000002 0.005000000000000805 0 29999.0
724 194.81 194.80599999999998 0.004599999999999885 0 29999.0
725 194.77 194.82000000000002 -0.003199999999999821 0 29999.0
726 194.84 194.824 -0.0023999999999983423 0 29999.0
727 194.88 194.82600000000002 0.0025999999999977643 0 29999.0
728 194.96 194.85200000000003 0.008200000000001545 0 29999.0
729 194.9 194.87 0.007600000000000482 0 29999.0
730 194.83 194.882 -7.972315353746283e-16 0 29999.0
731 194.75 194.86400000000003 -0.007799999999999253 0 29999.0
732 194.75 194.83800000000002 -0.011400000000003999 0 29999.0
733 194.71 194.788 -0.009199999999994182 0 29999.0
734 194.57 194.72200000000004 -0.011200000000004342 0 29999.0
735 194.54 194.66400000000004 -0.011999999999998377 0 29999.0
736 194.58 194.63 -0.010199999999999982 0 29999.0
737 194.5 194.58 -0.008200000000002799 0 29999.0
738 194.5 194.538 -0.0035999999999996968 0 29999.0
739 194.55 194.53400000000002 -0.0011999999999974978 0 29999.0
740 194.39 194.50400000000002 -0.006600000000001499 0 29999.0
741 194.59 194.50600000000003 0.0014000000000027294 0 29999.0
742 194.46 194.498 -0.0008000000000028755 0 29999.0
743 194.55 194.508 0.0014000000000002546 0 29999.0
744 194.515 194.501 0.004199999999998618 0 29999.0
745 194.84 194.591 0.011100000000000039 0 29999.0
746 194.82 194.637 0.020199999999998736 0 29999.0
747 194.74 194.693 0.013700000000002464 0 29999.0
748 194.77 194.73700000000002 0.008199999999998908 0 29999.0
749 194.75 194.784 -0.00459999999999987 0 29999.0
750 194.77 194.77000000000004 -0.0017999999999989082 0 29999.0
751 194.76 194.75800000000004 0.0008000000000002385 0 29999.0
752 194.85 194.78 0.003399999999995659 0 29999.0
753 194.81 194.788 0.003999999999996914 0 29999.0
754 194.8 194.79800000000003 0.0021999999999994507 0 29999.0
755 194.79 194.802 0.0002000000000000452 25 29999.0
756 194.69 194.788 -0.0068000000000025635 25 29996.5
757 194.64 194.746 -0.009000000000001172 25 29995.25
758 194.68 194.72 -0.007800000000002564 25 29996.25
759 194.65 194.69 -0.005799999999996528 25 29995.5
760 194.73 194.67800000000003 0.0017999999999998445 0 29997.5
761 194.71 194.68200000000002 0.003800000000003394 0 29997.5
762 194.73 194.70000000000002 0.0031999999999968633 0 29997.5
763 194.58 194.68 -0.0027999999999983012 0 29997.5
764 194.57 194.664 -0.009000000000001191 0 29997.5
765 194.675 194.65300000000002 -0.004600000000001145 0 29997.5
766 194.77 194.66500000000002 0.0034999999999991774 0 29997.5
767 194.83 194.68500000000003 0.014000000000000495 0 29997.5
768 194.89 194.747 0.015899999999998235 0 29997.5
769 194.98 194.82900000000004 0.01459999999999664 0 29997.5
770 195.02 194.89800000000002 0.01300000000000149 0 29997.5
771 194.905 194.925 0.005600000000002945 25 29997.5
772 194.94 194.947 0.000500000000002228 50 29998.375
773 194.94 194.957 -0.0031999999999985855 50 29998.375
774 194.89 194.93900000000002 -0.00450000000000218 50 29995.875
775 194.9 194.91500000000002 -0.0012000000000006476 50 29996.375
776 194.95 194.92400000000004 -0.00040000000000053063 0 29998.875
777 194.96 194.928 0.0019999999999987085 0 29998.875
778 194.9 194.92000000000002 0.0016000000000033847 25 29998.875
779 194.83 194.90800000000002 -0.0038000000000007845 25 29997.125
780 194.9 194.90800000000002 -0.004599999999999945 25 29998.875
781 194.82 194.882 -0.0056000000000011145 25 29996.875
782 194.8 194.85000000000002 -0.004200000000000089 25 29996.375
783 194.82 194.834 -0.0024000000000018603 25 29996.875
784 194.87 194.84199999999998 -0.0012000000000001079 0 29998.125
785 194.92 194.84600000000003 0.005400000000001987 0 29998.125
786 194.94 194.87 0.007600000000000482 0 29998.125
787 194.9 194.89 0.004600000000000818 0 29998.125
788 194.91 194.908 0.0011999999999999936 0 29998.125
789 194.76 194.88600000000002 -0.0070000000000007 0 29998.125
790 194.65 194.832 -0.014399999999998223 0 29998.125
791 194.6 194.764 -0.017200000000001516 0 29998.125
792 194.7 194.724 -0.011600000000001828 0 29998.125
793 194.68 194.67800000000003 -0.002200000000000516 0 29998.125
794 194.59 194.644 -0.0007999999999993288 0 29998.125
795 194.51 194.61599999999999 -0.0058000000000020535 0 29998.125
796 194.55 194.60600000000002 -0.009399999999998977 0 29998.125
797 194.56 194.57800000000003 -0.005600000000002544 0 29998.125
798 194.62 194.56600000000003 0.002200000000003311 0 29998.125
799 194.63 194.574 0.006199999999996996 0 29998.125
800 194.74 194.62000000000003 0.009000000000001574 0 29998.125
801 194.74 194.65800000000004 0.009599999999999427 0 29998.125
802 194.68 194.68200000000004 0.004600000000003116 25 29998.125
803 194.67 194.69200000000004 0.0003999999999985416 50 29997.875
804 194.7 194.70600000000002 -0.003000000000002521 50 29999.375
805 194.62 194.68200000000002 -0.004400000000004449 50 29995.375
806 194.65 194.66400000000002 -0.0022000000000006715 50 29996.875
807 194.59 194.64600000000002 -0.004199999999995637 50 29993.875
808 194.59 194.63000000000002 -0.004999999999997666 50 29993.875
809 194.62 194.61400000000003 -0.001200000000000239 0 29995.375
810 194.61 194.61200000000002 -0.0010000000000023727 0 29995.375
811 194.52 194.586 -0.0024000000000068975 0 29995.375
812 194.51 194.57 -0.005200000000001302 0 29995.375
813 194.575 194.56699999999998 -0.003800000000003994 0 29995.375
814 194.64 194.571 0.0022999999999959767 0 29995.375
815 194.59 194.567 0.0054000000000013915 0 29995.375
816 194.61 194.585 0.004300000000000962 0 29995.375
817 194.56 194.595 -0.001199999999995761 0 29995.375
818 194.52 194.584 -0.005399999999998569 0 29995.375
819 194.49 194.554 -0.005800000000001116 0 29995.375
820 194.48 194.53199999999998 -0.006599999999999833 0 29995.375
821 194.55 194.52 -0.0012000000000013213 0 29995.375
822 194.55 194.518 0.0023999999999970373 0 29995.375
823 194.56 194.526 0.004200000000000806 0 29995.375
824 194.58 194.544 0.004199999999996526 0 29995.375
825 194.62 194.57200000000003 0.003400000000002467 0 29995.375
826 194.57 194.57600000000002 0.002000000000001411 25 29995.375
827 194.59 194.584 0.000999999999999273 0 29995.875
828 194.61 194.59400000000002 0.0006000000000006263 0 29995.875
829 194.59 194.59600000000003 -0.0003999999999999523 0 29995.875
830 194.63 194.598 0.002400000000003761 0 29995.875
831 194.65 194.61400000000003 0.0028000000000013604 0 29995.875
832 194.57 194.61 -0.0004000000000033487 0 29995.875
833 194.55 194.598 -0.002799999999996637 0 29995.875
834 194.58 194.596 -0.004000000000001072 0 29995.875
835 194.55 194.58 -0.0037999999999988507 0 29995.875
836 194.58 194.566 0.0003999999999987784 0 29995.875
837 194.58 194.568 0.001199999999998619 0 29995.875
838 194.57 194.572 0.0002000000000036276 25 29995.875
839 194.565 194.56900000000002 0.00039999999999937785 50 29995.75
840 194.52 194.56300000000002 -0.002699999999997777 50 29993.5
841 194.52 194.55100000000002 -0.0033999999999995588 50 29993.5
842 194.6 194.555 0.00030000000000304593 0 29997.5
843 194.63 194.567 0.004200000000001354 0 29997.5
844 194.57 194.56799999999998 0.004200000000001834 0 29997.5
845 194.41 194.54600000000002 -0.004999999999996566 0 29997.5
846 194.49 194.54 -0.008800000000001331 0 29997.5
847 194.48 194.51600000000002 -0.007599999999998492 0 29997.5
848 194.37 194.46400000000003 -0.006600000000000491 0 29997.5
849 194.33 194.41600000000003 -0.005599999999997181 0 29997.5
850 194.31 194.39600000000002 -0.010199999999999114 0 29997.5
851 194.32 194.36200000000002 -0.007599999999997724 0 29997.5
852 194.29 194.324 -0.003400000000001968 0 29997.5
853 194.24 194.29800000000003 -0.003999999999999783 0 29997.5
854 194.25 194.282 -0.004000000000001412 0 29997.5
855 194.36 194.29200000000003 0.0007999999999978623 0 29997.5
856 194.31 194.29000000000002 0.0031999999999944313 0 29997.5
857 194.16 194.264 -0.001999999999997817 0 29997.5
858 194.18 194.252 -0.006800000000000646 0 29997.5
859 194.16 194.234 -0.010600000000001499 0 29997.5
860 194.29 194.22 -0.0007999999999980839 0 29997.5
861 194.12 194.18200000000002 0.0006000000000009495 25 29997.5
862 194.18 194.18600000000004 -0.0007999999999980742 25 29999.0
863 194.09 194.16800000000003 -0.004999999999997607 25 29996.75
864 194.21 194.17800000000005 -0.0037999999999999653 0 29999.75
865 194.19 194.15800000000002 0.0033999999999970868 0 29999.75
866 194.19 194.172 0.002399999999996264 0 29999.75
867 194.21 194.17800000000003 0.004400000000004045 0 29999.75
868 194.21 194.20200000000003 0.0004000000000004861 0 29999.75
869 194.25 194.21 0.002799999999996015 0 29999.75
870 194.31 194.234 0.005599999999996643 0 29999.75
871 194.23 194.24200000000002 0.0027999999999995537 25 29999.75
872 194.19 194.238 -0.0012000000000021193 25 29998.75
873 194.21 194.23800000000003 -0.003999999999995291 25 29999.25
874 194.26 194.24 -0.002400000000002038 0 30000.5
875 194.28 194.234 0.0033999999999967017 0 30000.5
876 194.3 194.24800000000002 0.005799999999999013 0 30000.5
877 194.3 194.27000000000004 0.004399999999997789 0 30000.5
878 194.44 194.31600000000003 0.007600000000000371 0 30000.5
879 194.33 194.33000000000004 0.004800000000000648 25 30000.5
880 194.27 194.32800000000003 -0.0005999999999994902 25 29999.0
881 194.225 194.31300000000005 -0.0064000000000022615 25 29997.875
882 194.25 194.30300000000003 -0.009699999999998713 25 29998.5
883 194.26 194.26700000000002 -0.0031999999999990556 25 29998.75
884 194.24 194.24900000000002 -0.0005000000000028503 25 29998.25
885 194.44 194.28300000000002 0.008400000000001937 0 30003.25
886 194.57 194.35200000000003 0.01640000000000048 0 30003.25
887 194.55 194.412 0.018199999999998884 0 30003.25
888 194.61 194.48200000000003 0.016999999999998384 0 30003.25
889 194.55 194.544 0.005200000000000823 0 30003.25
890 194.5 194.556 -0.0027999999999986235 0 30003.25
891 194.5 194.54200000000003 -0.004199999999999956 0 30003.25
892 194.52 194.536 -0.004600000000001191 0 30003.25
893 194.48 194.51 -0.0023999999999991277 0 30003.25
894 194.45 194.49 -0.0024000000000025143 0 30003.25
895 194.5 194.49 -0.0014000000000015363 0 30003.25
896 194.51 194.49200000000002 7.186222541833489e-16 0 30003.25
897 194.46 194.48000000000002 0.000399999999998685 25 30003.25
898 194.45 194.474 -0.0007999999999984385 25 30003.0
899 194.39 194.462 -0.005600000000000987 25 30001.5
900 194.33 194.42800000000003 -0.00860000000000064 25 30000.0
901 194.29 194.38400000000001 -0.009200000000000486 25 29999.0
902 194.3 194.35200000000003 -0.007999999999997842 25 29999.25
903 194.31 194.324 -0.003799999999998054 25 29999.5
904 194.31 194.324 -0.003799999999998054 25 29999.5
905 194.2 194.28600000000003 -0.004800000000000218 25 29996.75
906 194.23 194.26600000000002 -0.0043999999999976575 25 29997.5
907 194.24 194.25600000000003 -0.003999999999997656 25 29997.75
908 194.16 194.228 -0.0051999999999973266 25 29995.75
909 194.3 194.22600000000003 0.0025999999999992618 0 29999.25
910 194.25 194.23600000000002 0.001999999999997162 0 29999.25
911 194.19 194.228 -0.00020000000000010054 0 29999.25
912 194.29 194.238 0.0029999999999992173 0 29999.25
913 194.22 194.25 -0.0023999999999981723 0 29999.25
914 194.27 194.24400000000003 0.0013999999999997337 0 29999.25
915 194.2 194.234 -1.2280936947886314e-16 0 29999.25
916 194.26 194.24800000000002 -0.0016000000000010468 0 29999.25
917 194.255 194.241 0.001199999999996126 0 29999.25
918 194.24 194.24500000000003 -0.00010000000000221118 0 29999.25
919 194.32 194.25500000000002 0.004400000000001547 0 29999.25
920 194.29 194.27300000000002 0.0025000000000039895 0 29999.25
921 194.23 194.26700000000002 -7.291531627695867e-16 0 29999.25
922 194.25 194.26600000000002 -0.0014000000000036262 0 29999.25
923 194.26 194.27 -0.0031999999999996944 0 29999.25
924 194.13 194.232 -0.005800000000000461 0 29999.25
925 194.26 194.226 -0.0011999999999980427 0 29999.25
926 194.22 194.224 -0.0012000000000029524 0 29999.25
927 194.09 194.192 -0.005000000000003002 0 29999.25
928 194.24 194.18800000000002 0.001000000000002348 0 29999.25
929 194.16 194.19400000000002 -0.0035999999999978736 0 29999.25
930 194.18 194.17800000000003 -0.00019999999999653287 0 29999.25
931 194.23 194.18000000000004 0.004400000000003486 0 29999.25
932 194.21 194.20400000000004 0.0002000000000042555 0 29999.25
933 194.19 194.19400000000002 0.0018000000000006268 25 29999.25
934 194.21 194.20400000000004 0.00039999999999868895 0 29999.75
935 194.21 194.20400000000004 0.00039999999999868895 0 29999.75
936 194.24 194.21600000000004 0.0004000000000009222 0 29999.75
937 194.13 194.19600000000003 -0.002200000000001367 0 29999.75
938 194.13 194.19600000000003 -0.002200000000001367 0 29999.75
939 194.2 194.19400000000002 -0.0011999999999998303 0 29999.75
940 194.3 194.21600000000004 0.0027999999999986846 0 29999.75
941 194.34 194.24200000000002 0.007400000000001932 0 29999.75
942 194.28 194.25 0.008800000000002743 0 29999.75
943 194.2 194.264 -0.00040000000000085074 0 29999.75
944 194.17 194.258 -0.00799999999999813 0 29999.75
945 194.17 194.23200000000003 -0.009000000000000423 0 29999.75
946 194.03 194.17000000000002 -0.010599999999998203 0 29999.75
947 194.09 194.13200000000003 -0.007199999999998616 0 29999.75
948 194.1 194.11200000000002 -0.004400000000000325 0 29999.75
949 194.09 194.09600000000003 -0.0017999999999993837 0 29999.75
950 194.17 194.09600000000003 0.005599999999998643 0 29999.75
951 194.16 194.122 0.00419999999999997 0 29999.75
952 194.16 194.122 0.00419999999999997 0 29999.75
953 194.26 194.156 0.007799999999999561 0 29999.75
954 194.2 194.17600000000002 0.00619999999999792 0 29999.75
955 194.08 194.174 -0.0027999999999975896 0 29999.75
956 194.08 194.174 -0.0027999999999975896 0 29999.75
957 193.815 194.103 -0.017399999999998784 0 29999.75
958 193.83 194.03700000000003 -0.02489999999999691 0 29999.75
959 194.17 194.019 -0.006200000000000437 0 29999.75
570 193.77 194.61 -0.04479999999999892 0 30000.0
571 194.02 194.436 -0.05160000000000098 0 30000.0
572 194.21 194.31600000000003 -0.038199999999999366 0 30000.0
573 194.32 194.22600000000003 -0.01079999999999968 0 30000.0
574 194.28 194.12 0.026399999999999188 0 30000.0
575 194.4 194.246 0.016600000000002366 0 30000.0
576 194.33 194.30800000000002 0.006399999999996141 0 30000.0
577 194.64 194.394 0.013799999999997252 0 30000.0
578 194.65 194.46 0.019599999999998292 0 30000.0
579 194.39 194.48200000000003 0.005999999999998444 25 30000.0
580 194.39 194.48000000000002 -0.0026000000000010945 25 30000.0
581 194.61 194.536 -0.006399999999999413 0 30005.5
582 194.605 194.529 0.0025999999999990883 0 30005.5
583 194.46 194.49099999999999 0.007100000000000949 25 30005.5
584 194.4 194.493 -0.002599999999998942 25 30004.0
585 194.44 194.50300000000001 -0.010899999999999773 25 30005.0
586 194.64 194.50900000000001 0.0010000000000009322 0 30010.0
587 194.26 194.44000000000003 -0.0032000000000034588 0 30010.0
588 194.58 194.464 0.003600000000000405 0 30010.0
589 194.43 194.47 -0.001599999999997837 0 30010.0
590 194.7 194.522 0.005799999999997816 0 30010.0
591 194.79 194.552 0.023600000000000343 0 30010.0
592 194.86 194.672 0.01840000000000194 0 30010.0
593 194.74 194.704 0.015600000000005042 0 30010.0
594 194.71 194.76000000000002 -0.0005999999999963105 0 30010.0
595 194.61 194.74200000000002 -0.010200000000000256 0 30010.0
596 194.79 194.74200000000002 -0.005400000000005526 0 30010.0
597 194.94 194.758 0.009599999999998717 0 30010.0
598 194.77 194.764 0.008999999999997503 0 30010.0
599 195.16 194.854 0.021599999999998294 0 30010.0
600 195.05 194.942 0.01480000000000621 0 30010.0
601 195.13 195.01000000000005 0.013200000000003195 0 30010.0
602 195.08 195.038 0.01180000000000137 0 30010.0
603 195.05 195.094 -0.0038000000000015166 0 30010.0
604 195.04 195.07000000000002 -0.002000000000000773 0 30010.0
605 194.88 195.036 -0.010800000000000762 0 30010.0
606 194.84 194.978 -0.012999999999999363 0 30010.0
607 194.78 194.918 -0.014800000000001486 0 30010.0
608 194.79 194.866 -0.012000000000004023 0 30010.0
609 194.73 194.804 -0.006999999999999713 0 30010.0
610 194.9 194.808 0.0013999999999971687 0 30010.0
611 194.86 194.812 0.005399999999999965 0 30010.0
612 194.75 194.80599999999998 0.0010000000000028792 25 30010.0
613 194.6 194.76800000000003 -0.008199999999999744 25 30006.25
614 194.66 194.75400000000002 -0.014800000000003952 25 30007.75
615 194.59 194.692 -0.01259999999999868 25 30006.0
616 194.71 194.66200000000003 -0.0017999999999989554 0 30009.0
617 194.66 194.644 0.0034000000000006525 0 30009.0
618 194.795 194.68300000000002 0.006799999999997625 0 30009.0
619 194.77 194.70500000000004 0.008899999999999823 0 30009.0
620 194.77 194.74100000000004 0.004600000000001017 0 30009.0
621 194.91 194.78100000000003 0.009500000000002975 0 30009.0
622 195.15 194.87900000000002 0.016999999999997704 0 30009.0
623 195.1 194.94000000000003 0.020799999999999902 0 30009.0
624 194.77 194.94000000000003 0.0038000000000004033 25 30009.0
625 194.81 194.94800000000004 -0.011599999999998103 25 30010.0
626 194.735 194.913 -0.02239999999999653 25 30008.125
627 194.68 194.81900000000005 -0.01750000000000388 25 30006.75
628 194.72 194.74300000000005 -0.004600000000000136 25 30007.75
629 194.67 194.723 -0.005899999999998381 25 30006.5
630 194.45 194.651 -0.011599999999997852 25 30001.0
631 194.47 194.598 -0.013799999999998213 25 30001.5
632 194.52 194.566 -0.012000000000000424 25 30002.75
633 194.52 194.526 -0.004600000000002628 25 30002.75
634 194.39 194.47000000000003 -0.0013999999999982163 25 29999.5
635 194.42 194.464 -0.004600000000003325 25 30000.25
636 194.58 194.486 0.0003999999999984807 0 30004.25
637 194.655 194.51300000000003 0.009200000000003941 0 30004.25
638 194.79 194.567 0.02070000000000025 0 30004.25
639 194.92 194.67300000000003 0.024200000000003996 0 30004.25
640 195.02 194.793 0.022899999999999077 0 30004.25
641 195.07 194.89100000000002 0.02120000000000263 0 30004.25
642 194.94 194.948 0.008999999999998403 25 30004.25
643 195 194.99 0.0016000000000019649 0 30005.75
644 194.87 194.98000000000002 -0.007400000000001404 0 30005.75
645 194.97 194.97 -0.005400000000000208 0 30005.75
646 195.48 195.05200000000002 0.021000000000002284 0 30005.75
647 195.49 195.16200000000003 0.031799999999998656 0 30005.75
648 195.81 195.324 0.0479999999999987 0 30005.75
649 195.74 195.49800000000002 0.03740000000000079 0 30005.75
650 195.86 195.67600000000002 0.020200000000004128 0 30005.75
651 195.93 195.76600000000002 0.018600000000001633 0 30005.75
652 195.83 195.834 0.004599999999999695 25 30005.75
653 195.62 195.79600000000002 -0.005399999999999894 25 30000.5
654 195.54 195.756 -0.019000000000001398 25 29998.5
655 195.51 195.686 -0.022600000000002615 25 29997.75
656 195.4 195.58 -0.01940000000000027 25 29995.0
657 195.31 195.47600000000003 -0.015199999999996544 25 29992.75
658 195.26 195.40400000000002 -0.01519999999999812 25 29991.5
659 195.15 195.32600000000002 -0.01719999999999969 25 29988.75
660 195.37 195.29800000000003 -0.0044000000000011625 0 29994.25
661 195.275 195.27300000000002 0.0008000000000017215 0 29994.25
662 195.125 195.23600000000002 -0.002899999999997403 0 29994.25
663 195.175 195.21900000000002 -0.0038999999999986905 0 29994.25
664 195.32 195.25300000000001 -0.004000000000000228 0 29994.25
665 195.25 195.229 0.002899999999997072 0 29994.25
666 195.27 195.228 0.007299999999999746 0 29994.25
667 195.21 195.245 0.00039999999999969167 25 29994.25
668 195.29 195.268 -0.0020000000000032687 0 29996.25
669 195.19 195.24200000000002 -0.0019999999999988343 0 29996.25
670 195.24 195.24 -0.0015999999999983087 0 29996.25
671 195.27 195.24 0.0013999999999989932 0 29996.25
672 195.05 195.20800000000003 -0.007999999999999854 0 29996.25
673 195.06 195.16200000000003 -0.009000000000002098 0 29996.25
674 194.945 195.11300000000003 -0.01599999999999735 0 29996.25
675 194.94 195.053 -0.015299999999998941 0 29996.25
676 194.97 194.99300000000002 -0.0055999999999991135 0 29996.25
677 195.02 194.98700000000002 -0.0010999999999998587 0 29996.25
678 195.04 194.98300000000003 0.005399999999999274 0 29996.25
679 195.08 195.01 0.007000000000003058 0 29996.25
680 195.01 195.024 0.0027999999999969217 25 29996.25
681 194.97 195.024 -0.002600000000005411 25 29995.25
682 194.97 195.014 -0.005000000000000496 25 29995.25
683 195.03 195.012 -0.002800000000002871 0 29996.75
684 195.06 195.008 0.0032000000000024795 0 29996.75
685 195.04 195.014 0.0046000000000008595 0 29996.75
686 195.14 195.048 0.007000000000002047 0 29996.75
687 195.03 195.06 0.0016000000000001482 25 29996.75
688 194.96 195.046 -0.004200000000000787 25 29995.0
689 194.92 195.018 -0.008399999999998041 25 29994.0
690 195.01 195.012 -0.007399999999997981 25 29996.25
691 194.98 194.98000000000002 -0.0010000000000001262 25 29995.5
692 194.89 194.95200000000003 -0.0015999999999998606 25 29993.25
693 195.06 194.972 0.003200000000000173 0 29997.5
694 195.02 194.99200000000002 0.001999999999997609 0 29997.5
695 194.785 194.947 -0.005200000000001417 0 29997.5
696 194.69 194.889 -0.013499999999997953 0 29997.5
697 194.67 194.845 -0.022199999999997173 0 29997.5
698 194.69 194.77100000000002 -0.015499999999997956 0 29997.5
699 194.78 194.723 -0.00020000000000008794 0 29997.5
700 194.84 194.73400000000004 0.008199999999999943 0 29997.5
701 194.87 194.76999999999998 0.01099999999999818 0 29997.5
702 194.96 194.82800000000003 0.012599999999997637 0 29997.5
703 195.03 194.89600000000002 0.012399999999996645 0 29997.5
704 194.97 194.934 0.008399999999997633 0 29997.5
705 194.9 194.94600000000003 0.001399999999999562 25 29997.5
706 194.84 194.94 -0.007399999999998878 25 29996.0
707 194.92 194.93200000000002 -0.007000000000000111 25 29998.0
708 194.93 194.91200000000003 -0.0011999999999980921 0 29998.25
709 194.86 194.89000000000001 0.00019999999999986074 25 29998.25
710 194.89 194.88800000000003 0.0008000000000021558 0 29999.0
711 194.83 194.88600000000002 -0.004400000000001517 0 29999.0
712 194.69 194.84000000000003 -0.010199999999998889 0 29999.0
713 194.705 194.79500000000004 -0.010200000000000748 0 29999.0
714 194.74 194.77100000000004 -0.008500000000001928 0 29999.0
715 194.75 194.743 -0.0021999999999982606 0 29999.0
716 194.78 194.733 0.004500000000003407 0 29999.0
717 194.87 194.769 0.00740000000000261 0 29999.0
718 194.79 194.78600000000003 0.004400000000001388 0 29999.0
719 194.7 194.77800000000002 -0.0018000000000004646 0 29999.0
720 194.82 194.792 -0.0018000000000003094 0 29999.0
721 194.82 194.792 -0.0018000000000003094 0 29999.0
722 194.87 194.81 0.0005999999999971691 0 29999.0
723 194.83 194.80200000000002 0.005000000000000805 0 29999.0
724 194.81 194.80599999999998 0.004599999999999885 0 29999.0
725 194.77 194.82000000000002 -0.003199999999999821 0 29999.0
726 194.84 194.824 -0.0023999999999983423 0 29999.0
727 194.88 194.82600000000002 0.0025999999999977643 0 29999.0
728 194.96 194.85200000000003 0.008200000000001545 0 29999.0
729 194.9 194.87 0.007600000000000482 0 29999.0
730 194.83 194.882 -7.972315353746283e-16 0 29999.0
731 194.75 194.86400000000003 -0.007799999999999253 0 29999.0
732 194.75 194.83800000000002 -0.011400000000003999 0 29999.0
733 194.71 194.788 -0.009199999999994182 0 29999.0
734 194.57 194.72200000000004 -0.011200000000004342 0 29999.0
735 194.54 194.66400000000004 -0.011999999999998377 0 29999.0
736 194.58 194.63 -0.010199999999999982 0 29999.0
737 194.5 194.58 -0.008200000000002799 0 29999.0
738 194.5 194.538 -0.0035999999999996968 0 29999.0
739 194.55 194.53400000000002 -0.0011999999999974978 0 29999.0
740 194.39 194.50400000000002 -0.006600000000001499 0 29999.0
741 194.59 194.50600000000003 0.0014000000000027294 0 29999.0
742 194.46 194.498 -0.0008000000000028755 0 29999.0
743 194.55 194.508 0.0014000000000002546 0 29999.0
744 194.515 194.501 0.004199999999998618 0 29999.0
745 194.84 194.591 0.011100000000000039 0 29999.0
746 194.82 194.637 0.020199999999998736 0 29999.0
747 194.74 194.693 0.013700000000002464 0 29999.0
748 194.77 194.73700000000002 0.008199999999998908 0 29999.0
749 194.75 194.784 -0.00459999999999987 0 29999.0
750 194.77 194.77000000000004 -0.0017999999999989082 0 29999.0
751 194.76 194.75800000000004 0.0008000000000002385 0 29999.0
752 194.85 194.78 0.003399999999995659 0 29999.0
753 194.81 194.788 0.003999999999996914 0 29999.0
754 194.8 194.79800000000003 0.0021999999999994507 0 29999.0
755 194.79 194.802 0.0002000000000000452 25 29999.0
756 194.69 194.788 -0.0068000000000025635 25 29996.5
757 194.64 194.746 -0.009000000000001172 25 29995.25
758 194.68 194.72 -0.007800000000002564 25 29996.25
759 194.65 194.69 -0.005799999999996528 25 29995.5
760 194.73 194.67800000000003 0.0017999999999998445 0 29997.5
761 194.71 194.68200000000002 0.003800000000003394 0 29997.5
762 194.73 194.70000000000002 0.0031999999999968633 0 29997.5
763 194.58 194.68 -0.0027999999999983012 0 29997.5
764 194.57 194.664 -0.009000000000001191 0 29997.5
765 194.675 194.65300000000002 -0.004600000000001145 0 29997.5
766 194.77 194.66500000000002 0.0034999999999991774 0 29997.5
767 194.83 194.68500000000003 0.014000000000000495 0 29997.5
768 194.89 194.747 0.015899999999998235 0 29997.5
769 194.98 194.82900000000004 0.01459999999999664 0 29997.5
770 195.02 194.89800000000002 0.01300000000000149 0 29997.5
771 194.905 194.925 0.005600000000002945 25 29997.5
772 194.94 194.947 0.000500000000002228 50 29998.375
773 194.94 194.957 -0.0031999999999985855 50 29998.375
774 194.89 194.93900000000002 -0.00450000000000218 50 29995.875
775 194.9 194.91500000000002 -0.0012000000000006476 50 29996.375
776 194.95 194.92400000000004 -0.00040000000000053063 0 29998.875
777 194.96 194.928 0.0019999999999987085 0 29998.875
778 194.9 194.92000000000002 0.0016000000000033847 25 29998.875
779 194.83 194.90800000000002 -0.0038000000000007845 25 29997.125
780 194.9 194.90800000000002 -0.004599999999999945 25 29998.875
781 194.82 194.882 -0.0056000000000011145 25 29996.875
782 194.8 194.85000000000002 -0.004200000000000089 25 29996.375
783 194.82 194.834 -0.0024000000000018603 25 29996.875
784 194.87 194.84199999999998 -0.0012000000000001079 0 29998.125
785 194.92 194.84600000000003 0.005400000000001987 0 29998.125
786 194.94 194.87 0.007600000000000482 0 29998.125
787 194.9 194.89 0.004600000000000818 0 29998.125
788 194.91 194.908 0.0011999999999999936 0 29998.125
789 194.76 194.88600000000002 -0.0070000000000007 0 29998.125
790 194.65 194.832 -0.014399999999998223 0 29998.125
791 194.6 194.764 -0.017200000000001516 0 29998.125
792 194.7 194.724 -0.011600000000001828 0 29998.125
793 194.68 194.67800000000003 -0.002200000000000516 0 29998.125
794 194.59 194.644 -0.0007999999999993288 0 29998.125
795 194.51 194.61599999999999 -0.0058000000000020535 0 29998.125
796 194.55 194.60600000000002 -0.009399999999998977 0 29998.125
797 194.56 194.57800000000003 -0.005600000000002544 0 29998.125
798 194.62 194.56600000000003 0.002200000000003311 0 29998.125
799 194.63 194.574 0.006199999999996996 0 29998.125
800 194.74 194.62000000000003 0.009000000000001574 0 29998.125
801 194.74 194.65800000000004 0.009599999999999427 0 29998.125
802 194.68 194.68200000000004 0.004600000000003116 25 29998.125
803 194.67 194.69200000000004 0.0003999999999985416 50 29997.875
804 194.7 194.70600000000002 -0.003000000000002521 50 29999.375
805 194.62 194.68200000000002 -0.004400000000004449 50 29995.375
806 194.65 194.66400000000002 -0.0022000000000006715 50 29996.875
807 194.59 194.64600000000002 -0.004199999999995637 50 29993.875
808 194.59 194.63000000000002 -0.004999999999997666 50 29993.875
809 194.62 194.61400000000003 -0.001200000000000239 0 29995.375
810 194.61 194.61200000000002 -0.0010000000000023727 0 29995.375
811 194.52 194.586 -0.0024000000000068975 0 29995.375
812 194.51 194.57 -0.005200000000001302 0 29995.375
813 194.575 194.56699999999998 -0.003800000000003994 0 29995.375
814 194.64 194.571 0.0022999999999959767 0 29995.375
815 194.59 194.567 0.0054000000000013915 0 29995.375
816 194.61 194.585 0.004300000000000962 0 29995.375
817 194.56 194.595 -0.001199999999995761 0 29995.375
818 194.52 194.584 -0.005399999999998569 0 29995.375
819 194.49 194.554 -0.005800000000001116 0 29995.375
820 194.48 194.53199999999998 -0.006599999999999833 0 29995.375
821 194.55 194.52 -0.0012000000000013213 0 29995.375
822 194.55 194.518 0.0023999999999970373 0 29995.375
823 194.56 194.526 0.004200000000000806 0 29995.375
824 194.58 194.544 0.004199999999996526 0 29995.375
825 194.62 194.57200000000003 0.003400000000002467 0 29995.375
826 194.57 194.57600000000002 0.002000000000001411 25 29995.375
827 194.59 194.584 0.000999999999999273 0 29995.875
828 194.61 194.59400000000002 0.0006000000000006263 0 29995.875
829 194.59 194.59600000000003 -0.0003999999999999523 0 29995.875
830 194.63 194.598 0.002400000000003761 0 29995.875
831 194.65 194.61400000000003 0.0028000000000013604 0 29995.875
832 194.57 194.61 -0.0004000000000033487 0 29995.875
833 194.55 194.598 -0.002799999999996637 0 29995.875
834 194.58 194.596 -0.004000000000001072 0 29995.875
835 194.55 194.58 -0.0037999999999988507 0 29995.875
836 194.58 194.566 0.0003999999999987784 0 29995.875
837 194.58 194.568 0.001199999999998619 0 29995.875
838 194.57 194.572 0.0002000000000036276 25 29995.875
839 194.565 194.56900000000002 0.00039999999999937785 50 29995.75
840 194.52 194.56300000000002 -0.002699999999997777 50 29993.5
841 194.52 194.55100000000002 -0.0033999999999995588 50 29993.5
842 194.6 194.555 0.00030000000000304593 0 29997.5
843 194.63 194.567 0.004200000000001354 0 29997.5
844 194.57 194.56799999999998 0.004200000000001834 0 29997.5
845 194.41 194.54600000000002 -0.004999999999996566 0 29997.5
846 194.49 194.54 -0.008800000000001331 0 29997.5
847 194.48 194.51600000000002 -0.007599999999998492 0 29997.5
848 194.37 194.46400000000003 -0.006600000000000491 0 29997.5
849 194.33 194.41600000000003 -0.005599999999997181 0 29997.5
850 194.31 194.39600000000002 -0.010199999999999114 0 29997.5
851 194.32 194.36200000000002 -0.007599999999997724 0 29997.5
852 194.29 194.324 -0.003400000000001968 0 29997.5
853 194.24 194.29800000000003 -0.003999999999999783 0 29997.5
854 194.25 194.282 -0.004000000000001412 0 29997.5
855 194.36 194.29200000000003 0.0007999999999978623 0 29997.5
856 194.31 194.29000000000002 0.0031999999999944313 0 29997.5
857 194.16 194.264 -0.001999999999997817 0 29997.5
858 194.18 194.252 -0.006800000000000646 0 29997.5
859 194.16 194.234 -0.010600000000001499 0 29997.5
860 194.29 194.22 -0.0007999999999980839 0 29997.5
861 194.12 194.18200000000002 0.0006000000000009495 25 29997.5
862 194.18 194.18600000000004 -0.0007999999999980742 25 29999.0
863 194.09 194.16800000000003 -0.004999999999997607 25 29996.75
864 194.21 194.17800000000005 -0.0037999999999999653 0 29999.75
865 194.19 194.15800000000002 0.0033999999999970868 0 29999.75
866 194.19 194.172 0.002399999999996264 0 29999.75
867 194.21 194.17800000000003 0.004400000000004045 0 29999.75
868 194.21 194.20200000000003 0.0004000000000004861 0 29999.75
869 194.25 194.21 0.002799999999996015 0 29999.75
870 194.31 194.234 0.005599999999996643 0 29999.75
871 194.23 194.24200000000002 0.0027999999999995537 25 29999.75
872 194.19 194.238 -0.0012000000000021193 25 29998.75
873 194.21 194.23800000000003 -0.003999999999995291 25 29999.25
874 194.26 194.24 -0.002400000000002038 0 30000.5
875 194.28 194.234 0.0033999999999967017 0 30000.5
876 194.3 194.24800000000002 0.005799999999999013 0 30000.5
877 194.3 194.27000000000004 0.004399999999997789 0 30000.5
878 194.44 194.31600000000003 0.007600000000000371 0 30000.5
879 194.33 194.33000000000004 0.004800000000000648 25 30000.5
880 194.27 194.32800000000003 -0.0005999999999994902 25 29999.0
881 194.225 194.31300000000005 -0.0064000000000022615 25 29997.875
882 194.25 194.30300000000003 -0.009699999999998713 25 29998.5
883 194.26 194.26700000000002 -0.0031999999999990556 25 29998.75
884 194.24 194.24900000000002 -0.0005000000000028503 25 29998.25
885 194.44 194.28300000000002 0.008400000000001937 0 30003.25
886 194.57 194.35200000000003 0.01640000000000048 0 30003.25
887 194.55 194.412 0.018199999999998884 0 30003.25
888 194.61 194.48200000000003 0.016999999999998384 0 30003.25
889 194.55 194.544 0.005200000000000823 0 30003.25
890 194.5 194.556 -0.0027999999999986235 0 30003.25
891 194.5 194.54200000000003 -0.004199999999999956 0 30003.25
892 194.52 194.536 -0.004600000000001191 0 30003.25
893 194.48 194.51 -0.0023999999999991277 0 30003.25
894 194.45 194.49 -0.0024000000000025143 0 30003.25
895 194.5 194.49 -0.0014000000000015363 0 30003.25
896 194.51 194.49200000000002 7.186222541833489e-16 0 30003.25
897 194.46 194.48000000000002 0.000399999999998685 25 30003.25
898 194.45 194.474 -0.0007999999999984385 25 30003.0
899 194.39 194.462 -0.005600000000000987 25 30001.5
900 194.33 194.42800000000003 -0.00860000000000064 25 30000.0
901 194.29 194.38400000000001 -0.009200000000000486 25 29999.0
902 194.3 194.35200000000003 -0.007999999999997842 25 29999.25
903 194.31 194.324 -0.003799999999998054 25 29999.5
904 194.31 194.324 -0.003799999999998054 25 29999.5
905 194.2 194.28600000000003 -0.004800000000000218 25 29996.75
906 194.23 194.26600000000002 -0.0043999999999976575 25 29997.5
907 194.24 194.25600000000003 -0.003999999999997656 25 29997.75
908 194.16 194.228 -0.0051999999999973266 25 29995.75
909 194.3 194.22600000000003 0.0025999999999992618 0 29999.25
910 194.25 194.23600000000002 0.001999999999997162 0 29999.25
911 194.19 194.228 -0.00020000000000010054 0 29999.25
912 194.29 194.238 0.0029999999999992173 0 29999.25
913 194.22 194.25 -0.0023999999999981723 0 29999.25
914 194.27 194.24400000000003 0.0013999999999997337 0 29999.25
915 194.2 194.234 -1.2280936947886314e-16 0 29999.25
916 194.26 194.24800000000002 -0.0016000000000010468 0 29999.25
917 194.255 194.241 0.001199999999996126 0 29999.25
918 194.24 194.24500000000003 -0.00010000000000221118 0 29999.25
919 194.32 194.25500000000002 0.004400000000001547 0 29999.25
920 194.29 194.27300000000002 0.0025000000000039895 0 29999.25
921 194.23 194.26700000000002 -7.291531627695867e-16 0 29999.25
922 194.25 194.26600000000002 -0.0014000000000036262 0 29999.25
923 194.26 194.27 -0.0031999999999996944 0 29999.25
924 194.13 194.232 -0.005800000000000461 0 29999.25
925 194.26 194.226 -0.0011999999999980427 0 29999.25
926 194.22 194.224 -0.0012000000000029524 0 29999.25
927 194.09 194.192 -0.005000000000003002 0 29999.25
928 194.24 194.18800000000002 0.001000000000002348 0 29999.25
929 194.16 194.19400000000002 -0.0035999999999978736 0 29999.25
930 194.18 194.17800000000003 -0.00019999999999653287 0 29999.25
931 194.23 194.18000000000004 0.004400000000003486 0 29999.25
932 194.21 194.20400000000004 0.0002000000000042555 0 29999.25
933 194.19 194.19400000000002 0.0018000000000006268 25 29999.25
934 194.21 194.20400000000004 0.00039999999999868895 0 29999.75
935 194.21 194.20400000000004 0.00039999999999868895 0 29999.75
936 194.24 194.21600000000004 0.0004000000000009222 0 29999.75
937 194.13 194.19600000000003 -0.002200000000001367 0 29999.75
938 194.13 194.19600000000003 -0.002200000000001367 0 29999.75
939 194.2 194.19400000000002 -0.0011999999999998303 0 29999.75
940 194.3 194.21600000000004 0.0027999999999986846 0 29999.75
941 194.34 194.24200000000002 0.007400000000001932 0 29999.75
942 194.28 194.25 0.008800000000002743 0 29999.75
943 194.2 194.264 -0.00040000000000085074 0 29999.75
944 194.17 194.258 -0.00799999999999813 0 29999.75
945 194.17 194.23200000000003 -0.009000000000000423 0 29999.75
946 194.03 194.17000000000002 -0.010599999999998203 0 29999.75
947 194.09 194.13200000000003 -0.007199999999998616 0 29999.75
948 194.1 194.11200000000002 -0.004400000000000325 0 29999.75
949 194.09 194.09600000000003 -0.0017999999999993837 0 29999.75
950 194.17 194.09600000000003 0.005599999999998643 0 29999.75
951 194.16 194.122 0.00419999999999997 0 29999.75
952 194.16 194.122 0.00419999999999997 0 29999.75
953 194.26 194.156 0.007799999999999561 0 29999.75
954 194.2 194.17600000000002 0.00619999999999792 0 29999.75
955 194.08 194.174 -0.0027999999999975896 0 29999.75
956 194.08 194.174 -0.0027999999999975896 0 29999.75
957 193.815 194.103 -0.017399999999998784 0 29999.75
958 193.83 194.03700000000003 -0.02489999999999691 0 29999.75
959 194.17 194.019 -0.006200000000000437 0 29999.75
570 69.99 71.01700000000001 -0.0547000000000008 0 30000.0
571 69.61 70.675 -0.09280000000000187 0 30000.0
572 69.46 70.309 -0.1045000000000006 0 30000.0
573 69.405 69.93599999999999 -0.08299999999999964 0 30000.0
574 69.49 69.591 -0.024100000000000007 0 30000.0
575 69.67 69.527 0.0029999999999998595 0 30000.0
576 69.81 69.56700000000001 0.019299999999999876 0 30000.0
577 69.75 69.625 0.02019999999999959 0 30000.0
578 69.79 69.70200000000001 0.013600000000000724 0 30000.0
579 69.95 69.79400000000001 0.010800000000000537 0 30000.0
580 69.88 69.83600000000001 0.006800000000000147 0 30000.0
581 69.915 69.857 0.00839999999999942 0 30000.0
582 69.88 69.88300000000001 0.0028999999999997235 50 30000.0
583 69.775 69.88000000000001 -0.007000000000001044 50 29994.75
584 69.935 69.87700000000001 -0.0005999999999986881 0 30002.75
585 69.875 69.876 -0.0005000000000006139 0 30002.75
586 70.1 69.91300000000001 0.010800000000000662 0 30002.75
587 69.99 69.935 0.011899999999999586 0 30002.75
588 69.9 69.96 0.0009000000000003569 50 30002.75
589 70 69.97300000000001 0.0010000000000006842 0 30007.75
590 69.98 69.994 -0.004599999999998524 0 30007.75
591 69.93 69.96000000000001 -0.0007999999999992529 0 30007.75
592 70.015 69.965 0.0031999999999980113 0 30007.75
593 69.95 69.97500000000001 -0.0012999999999992464 0 30007.75
594 70.03 69.98100000000001 0.0023999999999989433 0 30007.75
595 70.06 69.99700000000001 0.0054999999999992295 0 30007.75
596 70.13 70.037 0.006800000000000125 0 30007.75
597 70 70.034 0.003999999999999706 50 30007.75
598 70 70.044 -0.0024000000000004157 50 30007.75
599 70.03 70.044 -0.0038000000000006934 50 30009.25
600 69.95 70.02199999999999 -0.00659999999999989 50 30005.25
601 69.985 69.993 -0.0015999999999996221 50 30007.0
602 70.005 69.994 -0.0006999999999998901 0 30008.0
603 70.215 70.037 0.008500000000000073 0 30008.0
604 70.06 70.043 0.009000000000000242 0 30008.0
605 70.14 70.081 0.007299999999999762 0 30008.0
606 70 70.084 -0.001699999999999199 0 30008.0
607 69.935 70.07 -0.012399999999999623 0 30008.0
608 69.95 70.017 -0.008499999999999598 0 30008.0
609 69.88 69.981 -0.011399999999999197 0 30008.0
610 69.885 69.93 -0.005700000000000271 0 30008.0
611 69.93 69.91600000000001 -0.0014999999999998487 0 30008.0
612 69.945 69.918 0.000799999999999023 0 30008.0
613 69.975 69.923 0.004999999999999302 0 30008.0
614 69.88 69.923 0.0006999999999994519 50 30008.0
615 69.825 69.911 -0.005500000000000863 50 30005.25
616 69.935 69.912 -0.0033999999999989785 0 30010.75
617 69.96 69.915 0.0005000000000009908 0 30010.75
618 70.08 69.936 0.010699999999999427 0 30010.75
619 70.02 69.964 0.010700000000000456 0 30010.75
620 70.03 70.005 0.004999999999999596 0 30010.75
621 70.2 70.058 0.008600000000000779 0 30010.75
622 70.13 70.092 0.005600000000001147 0 30010.75
623 70.14 70.104 0.006799999999999485 0 30010.75
624 70.03 70.106 -0.0012000000000002343 0 30010.75
625 69.98 70.096 -0.010799999999999633 0 30010.75
626 69.97 70.05000000000001 -0.009600000000000795 0 30010.75
627 69.94 70.012 -0.009199999999999866 0 30010.75
628 69.945 69.973 -0.004200000000000673 0 30010.75
629 69.95 69.957 -0.00170000000000012 0 30010.75
630 69.85 69.931 -0.0046000000000001404 0 30010.75
631 69.8 69.89699999999999 -0.007499999999997945 0 30010.75
632 69.7 69.849 -0.012799999999999735 0 30010.75
633 69.62 69.784 -0.016199999999999954 0 30010.75
634 69.65 69.724 -0.01159999999999932 0 30010.75
635 69.72 69.69800000000001 -0.004199999999999313 0 30010.75
636 69.73 69.68400000000001 0.003199999999999353 0 30010.75
637 69.68 69.68 0.003999999999999952 0 30010.75
638 69.7 69.69600000000001 0.001200000000000068 0 30010.75
639 69.76 69.718 0.0009999999999993439 0 30010.75
640 69.81 69.736 0.004799999999999916 0 30010.75
641 69.82 69.754 0.0077999999999997915 0 30010.75
642 69.76 69.77000000000001 0.0035999999999995467 50 30010.75
643 69.78 69.786 -0.0001999999999996801 50 30011.75
644 69.8 69.79400000000001 -0.0011999999999987624 0 30012.75
645 69.81 69.794 0.0004000000000000791 0 30012.75
646 69.93 69.816 0.007400000000000851 0 30012.75
647 69.9 69.84400000000001 0.007399999999999204 0 30012.75
648 69.95 69.87800000000001 0.007800000000000691 0 30012.75
649 69.97 69.912 0.006799999999999464 0 30012.75
650 70.02 69.95400000000001 0.00500000000000027 0 30012.75
651 70.09 69.986 0.008999999999998702 0 30012.75
652 70.09 70.024 0.00799999999999891 0 30012.75
653 70.08 70.05 0.005799999999999144 0 30012.75
654 70.11 70.078 0.0034000000000005124 0 30012.75
655 70.075 70.089 -0.00020000000000020934 0 30012.75
656 70.105 70.092 0.0004999999999999388 0 30012.75
657 70.04 70.082 -0.0016999999999998791 0 30012.75
658 70.02 70.07000000000001 -0.004299999999999695 0 30012.75
659 69.98 70.04400000000001 -0.005500000000000245 0 30012.75
660 70.12 70.053 -0.0006000000000000393 0 30012.75
661 70.13 70.058 0.005600000000000437 0 30012.75
662 70.04 70.05799999999999 0.0037999999999998196 50 30012.75
663 70.02 70.058 -2.6008342364526294e-16 50 30011.75
664 70 70.06200000000001 -0.007000000000001559 50 30010.75
665 70.12 70.06200000000001 -0.001200000000000621 0 30016.75
666 70.09 70.054 0.003999999999999921 0 30016.75
667 70.005 70.047 0.001199999999999544 50 30016.75
668 69.96 70.035 -0.0038999999999996433 50 30014.5
669 69.97 70.029 -0.00860000000000091 50 30015.0
670 69.995 70.00399999999999 -0.004499999999998656 50 30016.25
671 70.01 69.988 0.0009000000000018072 0 30017.0
672 69.95 69.977 0.0004000000000003831 50 30017.0
673 69.93 69.971 -0.0025000000000006033 50 30016.0
674 69.95 69.96700000000001 -0.0034000000000002917 50 30017.0
675 69.94 69.95600000000002 -0.0028000000000012073 50 30016.5
676 69.93 69.94000000000001 -0.0006000000000001444 50 30016.0
677 69.94 69.93800000000002 -1.4011051950078386e-15 0 30016.5
678 70.01 69.95400000000001 0.0023999999999993527 0 30016.5
679 70.09 69.982 0.007599999999999443 0 30016.5
680 70.06 70.006 0.008199999999999336 0 30016.5
681 69.91 70.00200000000001 -0.00019999999999954443 0 30016.5
682 69.92 69.998 -0.007200000000000401 0 30016.5
683 70 69.99600000000001 -0.006399999999999461 0 30016.5
684 70.01 69.98 -0.00019999999999959753 0 30016.5
685 69.975 69.96300000000001 0.004400000000000069 0 30016.5
686 70.02 69.985 0.003499999999998813 0 30016.5
687 69.94 69.989 -0.002200000000000399 0 30016.5
688 69.93 69.975 -0.003900000000000684 0 30016.5
689 69.89 69.951 -0.00519999999999859 0 30016.5
690 69.92 69.94 -0.004999999999999227 0 30016.5
691 69.795 69.89500000000001 -0.005999999999999652 0 30016.5
692 69.71 69.84900000000002 -0.010700000000000365 0 30016.5
693 69.74 69.811 -0.010200000000001104 0 30016.5
694 69.77 69.787 -0.007100000000000488 0 30016.5
695 69.79 69.76100000000001 0.0010000000000004888 0 30016.5
696 69.81 69.76400000000001 0.005000000000000227 0 30016.5
697 69.73 69.768 0.00039999999999974697 50 30016.5
698 69.75 69.77000000000001 -0.0019999999999997546 50 30017.5
699 69.77 69.77000000000001 -0.002000000000001291 50 30018.5
700 69.74 69.76 -0.0019999999999994905 50 30017.0
701 69.73 69.744 -0.00020000000000034479 50 30016.5
702 69.76 69.75 -0.0004000000000005256 0 30018.0
703 69.72 69.744 -0.0015999999999996063 0 30018.0
704 69.74 69.738 -0.00020000000000132108 0 30018.0
705 69.79 69.748 0.002000000000000471 0 30018.0
706 69.78 69.75800000000001 0.002199999999999671 0 30018.0
707 69.83 69.77200000000002 0.005199999999999268 0 30018.0
708 69.82 69.792 0.00399999999999942 0 30018.0
709 69.75 69.794 -0.0008000000000010981 0 30018.0
710 69.72 69.78 -0.004000000000001133 0 30018.0
711 69.725 69.769 -0.0061999999999989945 0 30018.0
712 69.69 69.741 -0.005700000000000114 0 30018.0
713 69.64 69.705 -0.005000000000000212 0 30018.0
714 69.64 69.683 -0.004900000000000876 0 30018.0
715 69.67 69.673 -0.003199999999998268 0 30018.0
716 69.66 69.66 -0.0006000000000005188 0 30018.0
717 69.665 69.65500000000002 0.001400000000000719 0 30018.0
718 69.655 69.658 0.0005000000000000104 50 30018.0
719 69.625 69.655 -0.0019000000000007466 50 30016.5
720 69.67 69.655 -0.00040000000000051805 0 30018.75
721 69.66 69.655 9.999999999877342e-05 0 30018.75
722 69.675 69.65700000000001 0.0014999999999988727 0 30018.75
723 69.655 69.65700000000001 0.001300000000000251 50 30018.75
724 69.625 69.657 -0.001900000000000008 50 30017.25
725 69.63 69.649 -0.002200000000001014 50 30017.5
726 69.73 69.663 0.0016999999999993706 0 30022.5
727 69.71 69.67000000000002 0.004300000000000366 0 30022.5
728 69.73 69.685 0.005799999999999893 0 30022.5
729 69.73 69.706 0.004000000000000086 0 30022.5
730 69.7 69.72 -0.0007999999999999574 0 30022.5
731 69.66 69.706 -0.0026000000000009123 0 30022.5
732 69.665 69.69700000000002 -0.00400000000000075 0 30022.5
733 69.66 69.683 -0.0035000000000005157 0 30022.5
734 69.67 69.671 -0.0012000000000006428 0 30022.5
735 69.69 69.66900000000001 0.0012999999999992883 0 30022.5
736 69.68 69.67300000000002 0.0012000000000009137 0 30022.5
737 69.67 69.674 0.0006000000000000952 50 30022.5
738 69.69 69.68 0.0004000000000008725 0 30023.5
739 69.735 69.69300000000001 0.001999999999999091 0 30023.5
740 69.65 69.68500000000002 9.999999999988072e-05 50 30023.5
741 69.75 69.699 0.0023999999999996476 0 30028.5
742 69.735 69.712 0.0020999999999992964 0 30028.5
743 69.75 69.724 0.0023000000000002506 0 30028.5
744 69.75 69.724 0.0023000000000002506 0 30028.5
745 69.86 69.74900000000001 0.008399999999999753 0 30028.5
746 69.85 69.789 0.006500000000000151 0 30028.5
747 69.83 69.805 0.005800000000001074 0 30028.5
748 69.86 69.83000000000001 0.0038000000000000273 0 30028.5
749 69.845 69.849 -0.0004000000000002371 0 30028.5
750 69.84 69.845 -9.99999999994664e-05 0 30028.5
751 69.83 69.84100000000001 -0.00040000000000075414 0 30028.5
752 69.87 69.849 9.999999999973188e-05 0 30028.5
753 69.84 69.84500000000001 0.00040000000000088234 50 30028.5
754 69.815 69.83900000000001 -0.0008000000000010317 50 30027.25
755 69.805 69.83200000000001 -0.002099999999999264 50 30026.75
756 69.73 69.812 -0.006300000000000534 50 30023.0
757 69.72 69.78200000000001 -0.006500000000001543 50 30022.5
758 69.79 69.772 -0.0026999999999993657 0 30026.0
759 69.79 69.772 -0.0026999999999993657 0 30026.0
760 69.76 69.76100000000001 -0.0006000000000000702 0 30026.0
761 69.76 69.752 0.002000000000001609 0 30026.0
762 69.735 69.753 9.205580368179139e-17 50 30026.0
763 69.725 69.75400000000002 -0.003100000000000198 50 30025.5
764 69.715 69.739 -0.002499999999999874 50 30025.0
765 69.765 69.74000000000001 -0.0002000000000004835 0 30027.5
766 69.8 69.74800000000002 0.0033999999999998727 0 30027.5
767 69.9 69.781 0.008700000000001309 0 30027.5
768 69.875 69.811 0.009100000000000741 0 30027.5
769 69.96 69.86000000000001 0.009299999999999031 0 30027.5
770 69.97 69.90100000000001 0.007999999999999409 0 30027.5
771 69.93 69.927 0.003100000000000607 0 30027.5
772 69.9 69.927 0.00039999999999949906 50 30027.5
773 69.945 69.941 -0.001999999999999247 0 30029.75
774 69.96 69.941 -9.99999999998354e-05 0 30029.75
775 69.96 69.941 -9.99999999998354e-05 0 30029.75
776 69.95 69.93700000000001 0.0019999999999980593 0 30029.75
777 69.99 69.949 0.003699999999999184 0 30029.75
778 69.97 69.963 0.001600000000001066 0 30029.75
779 69.92 69.958 -0.0011999999999991917 0 30029.75
780 69.885 69.943 -0.0039999999999999454 0 30029.75
781 69.895 69.932 -0.005499999999999952 0 30029.75
782 69.88 69.91 -0.004100000000000165 0 30029.75
783 69.87 69.89 -0.0021000000000005385 0 30029.75
784 69.86 69.87800000000001 -0.0015000000000001763 0 30029.75
785 69.845 69.87 -0.002399999999998566 0 30029.75
786 69.855 69.86200000000001 -0.0014999999999986337 0 30029.75
787 69.78 69.84200000000001 -0.003699999999999765 0 30029.75
788 69.78 69.82400000000001 -0.004500000000000938 0 30029.75
789 69.72 69.796 -0.0065000000000009495 0 30029.75
790 69.695 69.766 -0.007599999999999971 0 30029.75
791 69.71 69.737 -0.004500000000000372 0 30029.75
792 69.745 69.73 -0.0016000000000005797 0 30029.75
793 69.7 69.714 0.0001999999999995243 50 30029.75
794 69.72 69.714 0.0008000000000005833 0 30030.75
795 69.74 69.72300000000001 0.0006999999999998302 0 30030.75
796 69.735 69.72800000000001 0.0003999999999994408 0 30030.75
797 69.73 69.72500000000001 0.0014999999999999105 0 30030.75
798 69.755 69.73600000000002 0.0011999999999995974 0 30030.75
799 69.74 69.74000000000001 0.00039999999999909737 50 30030.75
800 69.75 69.742 0.0008000000000000354 0 30031.25
801 69.75 69.742 0.0008000000000000354 0 30031.25
802 69.67 69.729 -0.0024999999999997915 0 30031.25
803 69.7 69.723 -0.0035999999999998793 0 30031.25
804 69.7 69.712 -0.0026000000000003156 0 30031.25
805 69.68 69.7 -0.0022000000000012097 0 30031.25
806 69.72 69.694 0.0015999999999999092 0 30031.25
807 69.72 69.694 0.0015999999999999092 0 30031.25
808 69.72 69.694 0.0015999999999999092 0 30031.25
809 69.76 69.712 0.0027999999999995637 0 30031.25
810 69.77 69.726 0.004400000000000179 0 30031.25
811 69.74 69.73400000000001 0.0033999999999988584 0 30031.25
812 69.75 69.748 0.0007999999999995745 0 30031.25
813 69.745 69.753 -0.0010000000000005473 0 30031.25
814 69.79 69.759 0.0008999999999997998 0 30031.25
815 69.76 69.757 0.0016000000000007486 0 30031.25
816 69.735 69.756 -0.00030000000000035825 0 30031.25
817 69.715 69.74900000000001 -0.0023000000000006162 0 30031.25
818 69.73 69.74600000000001 -0.0033000000000011536 0 30031.25
819 69.77 69.74199999999999 0.0002999999999997447 0 30031.25
820 69.79 69.748 0.0032999999999993443 0 30031.25
821 69.77 69.755 0.0034000000000002895 0 30031.25
822 69.77 69.755 0.0034000000000002895 0 30031.25
823 69.8 69.772 0.0027999999999994067 0 30031.25
824 69.75 69.776 -0.0006000000000007142 0 30031.25
825 69.76 69.774 -0.0016000000000000354 0 30031.25
826 69.76 69.768 -0.0011999999999995736 0 30031.25
827 69.75 69.76400000000001 -0.001799999999999293 0 30031.25
828 69.75 69.76400000000001 -0.001799999999999293 0 30031.25
829 69.82 69.768 0.0025999999999984907 0 30031.25
830 69.81 69.78 0.0032000000000003224 0 30031.25
831 69.88 69.804 0.005999999999999777 0 30031.25
832 69.825 69.81700000000001 0.00420000000000099 0 30031.25
833 69.81 69.82900000000001 -9.999999999906334e-05 0 30031.25
834 69.82 69.82900000000001 -0.0010000000000006692 0 30031.25
835 69.82 69.82900000000001 -0.0010000000000006692 0 30031.25
836 69.82 69.82900000000001 -0.0010000000000006692 0 30031.25
837 69.85 69.837 -0.0013000000000009623 0 30031.25
838 69.835 69.828 0.0011999999999985525 0 30031.25
839 69.855 69.834 0.002099999999999937 0 30031.25
840 69.81 69.834 -0.00029999999999930364 0 30031.25
841 69.78 69.82600000000001 -0.00330000000000012 0 30031.25
842 69.79 69.81400000000001 -0.003300000000000256 0 30031.25
843 69.805 69.808 -0.0024000000000006837 0 30031.25
844 69.75 69.787 -0.0019000000000010473 0 30031.25
845 69.75 69.787 -0.0019000000000010473 0 30031.25
846 69.7 69.765 -0.004000000000000291 0 30031.25
847 69.75 69.75900000000001 -0.0037000000000002994 0 30031.25
848 69.72 69.745 -0.0034000000000010237 0 30031.25
849 69.72 69.72800000000001 -0.0008000000000007783 0 30031.25
850 69.69 69.71600000000001 -0.0009999999999995765 0 30031.25
851 69.68 69.712 -0.0034000000000005744 0 30031.25
852 69.69 69.7 -0.002000000000000631 0 30031.25
853 69.69 69.7 -0.002000000000000631 0 30031.25
854 69.65 69.686 -0.002799999999999608 0 30031.25
855 69.695 69.68100000000001 -0.00040000000000114396 0 30031.25
856 69.67 69.677 -0.00030000000000099327 0 30031.25
857 69.66 69.673 -0.0008000000000002832 0 30031.25
858 69.67 69.669 0.00010000000000084503 0 30031.25
859 69.715 69.682 0.000799999999999754 0 30031.25
860 69.725 69.68799999999999 0.0032999999999983438 0 30031.25
861 69.735 69.701 0.0040999999999996985 0 30031.25
862 69.755 69.72 0.0037999999999997207 0 30031.25
863 69.77 69.74000000000001 0.002799999999999816 0 30031.25
864 69.83 69.763 0.004899999999999739 0 30031.25
865 69.805 69.77900000000001 0.004300000000001092 0 30031.25
866 69.83 69.798 0.0037000000000002465 0 30031.25
867 69.78 69.803 0.000400000000001275 50 30031.25
868 69.78 69.805 -0.0025000000000004333 50 30031.25
869 69.78 69.795 -0.002000000000000539 50 30031.25
870 69.81 69.796 -0.0007999999999993025 0 30032.75
871 69.81 69.796 -0.0007999999999993025 0 30032.75
872 69.76 69.78200000000001 -0.00020000000000083506 0 30032.75
873 69.76 69.778 -0.001199999999999796 0 30032.75
874 69.76 69.774 -0.0018000000000007136 0 30032.75
875 69.75 69.768 -0.0024000000000007917 0 30032.75
876 69.73 69.75200000000001 -0.0014000000000001871 0 30032.75
877 69.75 69.75000000000001 -0.0010000000000009654 0 30032.75
878 69.74 69.74600000000001 -0.0007999999999999059 0 30032.75
879 69.78 69.75 0.0013999999999991341 0 30032.75
880 69.715 69.74300000000001 6.536552875223166e-16 50 30032.75
881 69.755 69.74800000000002 -0.00030000000000035516 0 30034.75
882 69.755 69.74900000000001 0.00010000000000072179 0 30034.75
883 69.715 69.744 -0.001800000000000045 0 30034.75
884 69.78 69.744 0.001799999999999894 0 30034.75
885 69.785 69.75800000000001 0.0017000000000004201 0 30034.75
886 69.84 69.775 0.004800000000000245 0 30034.75
887 69.85 69.79400000000001 0.00659999999999892 0 30034.75
888 69.86 69.82300000000001 0.00449999999999996 0 30034.75
889 69.85 69.837 0.002999999999999367 0 30034.75
890 69.85 69.85 0.0003999999999991644 0 30034.75
891 69.85 69.85 0.0003999999999991644 0 30034.75
892 69.87 69.856 0.0006000000000001003 0 30034.75
893 69.89 69.864 0.001600000000000018 0 30034.75
894 69.85 69.862 0.000799999999999599 50 30034.75
895 69.86 69.864 5.573358958827919e-16 50 30035.25
896 69.855 69.86500000000001 -0.0011999999999997425 50 30035.0
897 69.83 69.857 -0.002300000000000189 50 30033.75
898 69.82 69.843 -0.0018000000000001945 50 30033.25
899 69.74 69.821 -0.0055000000000001775 50 30029.25
900 69.76 69.801 -0.005599999999999923 50 30030.25
901 69.74 69.77799999999999 -0.004799999999998917 50 30029.25
902 69.73 69.75800000000001 -0.0035999999999995905 50 30028.75
903 69.745 69.743 -0.0004000000000007847 0 30029.5
904 69.76 69.747 0.000100000000000702 0 30029.5
905 69.77 69.749 0.0018000000000010501 0 30029.5
906 69.735 69.748 0.0006999999999991448 50 30029.5
907 69.685 69.739 -0.002899999999999355 50 30027.0
908 69.665 69.72300000000001 -0.0054999999999994905 50 30026.0
909 69.69 69.709 -0.0045999999999996755 50 30027.25
910 69.74 69.703 0.0002999999999992585 0 30029.75
911 69.72 69.7 0.0028999999999998988 0 30029.75
912 69.8 69.72300000000001 0.006000000000000419 0 30029.75
913 69.75 69.74000000000001 0.0035999999999992574 0 30029.75
914 69.76 69.754 0.00140000000000071 0 30029.75
915 69.735 69.75300000000001 -0.00020000000000048682 0 30029.75
916 69.74 69.757 -0.002700000000000778 0 30029.75
917 69.76 69.74900000000001 7.710859286548561e-16 0 30029.75
918 69.75 69.74900000000001 9.99999999997226e-05 0 30029.75
919 69.765 69.75000000000001 0.0014000000000000921 0 30029.75
920 69.735 69.75 -0.00010000000000007822 0 30029.75
921 69.73 69.748 -0.0014999999999997975 0 30029.75
922 69.68 69.73200000000001 -0.003499999999999732 0 30029.75
923 69.675 69.717 -0.004700000000000306 0 30029.75
924 69.65 69.694 -0.00450000000000032 0 30029.75
925 69.665 69.68 -0.003200000000000445 0 30029.75
926 69.68 69.67 -0.00020000000000034362 0 30029.75
927 69.67 69.668 0.00040000000000107555 0 30029.75
928 69.72 69.677 0.002900000000000563 0 30029.75
929 69.72 69.677 0.002900000000000563 0 30029.75
930 69.65 69.677 0.00019999999999949577 50 30029.75
931 69.66 69.676 -0.0012000000000008245 50 30030.25
932 69.665 69.673 -0.0014000000000004835 50 30030.5
933 69.65 69.66900000000001 -0.002500000000000891 50 30029.75
934 69.64 69.653 -0.0005999999999991594 50 30029.25
935 69.63 69.649 -0.0017000000000009046 50 30028.75
936 69.67 69.65100000000001 -0.00020000000000017714 0 30030.75
937 69.655 69.649 0.0008000000000006821 0 30030.75
938 69.645 69.648 0.0006999999999992347 50 30030.75
939 69.675 69.655 0.001299999999999653 0 30032.25
940 69.725 69.674 0.002599999999999615 0 30032.25
941 69.73 69.686 0.004600000000000889 0 30032.25
942 69.715 69.698 0.0038999999999989408 0 30032.25
943 69.66 69.70100000000001 -0.0008000000000010708 0 30032.25
944 69.66 69.70100000000001 -0.0008000000000010708 0 30032.25
945 69.645 69.69500000000001 -0.004600000000000211 0 30032.25
946 69.645 69.69500000000001 -0.004600000000000211 0 30032.25
947 69.64 69.67800000000001 -0.005000000000000225 0 30032.25
948 69.64 69.66 -0.003400000000001057 0 30032.25
949 69.63 69.643 -0.0013000000000002439 0 30032.25
950 69.705 69.652 0.002199999999999643 0 30032.25
951 69.655 69.65400000000001 0.0019000000000000913 0 30032.25
952 69.68 69.662 0.0020999999999999487 0 30032.25
953 69.68 69.662 0.0020999999999999487 0 30032.25
954 69.655 69.665 0.0005000000000006082 50 30032.25
955 69.69 69.677 -0.0006000000000015228 0 30034.0
956 69.74 69.684 0.0035999999999995523 0 30034.0
957 69.67 69.68700000000001 0.0013000000000000615 50 30034.0
958 69.67 69.68700000000001 0.0013000000000000615 50 30034.0
959 69.525 69.656 -0.005599999999999759 50 30026.75
570 69.99 71.01700000000001 -0.0547000000000008 0 30000.0
571 69.61 70.675 -0.09280000000000187 0 30000.0
572 69.46 70.309 -0.1045000000000006 0 30000.0
573 69.405 69.93599999999999 -0.08299999999999964 0 30000.0
574 69.49 69.591 -0.024100000000000007 50 30000.0
575 69.67 69.527 0.0029999999999998595 0 30009.0
576 69.81 69.56700000000001 0.019299999999999876 0 30009.0
577 69.75 69.625 0.02019999999999959 0 30009.0
578 69.79 69.70200000000001 0.013600000000000724 0 30009.0
579 69.95 69.79400000000001 0.010800000000000537 0 30009.0
580 69.88 69.83600000000001 0.006800000000000147 0 30009.0
581 69.915 69.857 0.00839999999999942 0 30009.0
582 69.88 69.88300000000001 0.0028999999999997235 50 30009.0
583 69.775 69.88000000000001 -0.007000000000001044 50 30003.75
584 69.935 69.87700000000001 -0.0005999999999986881 0 30011.75
585 69.875 69.876 -0.0005000000000006139 50 30011.75
586 70.1 69.91300000000001 0.010800000000000662 0 30023.0
587 69.99 69.935 0.011899999999999586 0 30023.0
588 69.9 69.96 0.0009000000000003569 50 30023.0
589 70 69.97300000000001 0.0010000000000006842 0 30028.0
590 69.98 69.994 -0.004599999999998524 50 30028.0
591 69.93 69.96000000000001 -0.0007999999999992529 50 30025.5
592 70.015 69.965 0.0031999999999980113 0 30029.75
593 69.95 69.97500000000001 -0.0012999999999992464 50 30029.75
594 70.03 69.98100000000001 0.0023999999999989433 0 30033.75
595 70.06 69.99700000000001 0.0054999999999992295 0 30033.75
596 70.13 70.037 0.006800000000000125 0 30033.75
597 70 70.034 0.003999999999999706 50 30033.75
598 70 70.044 -0.0024000000000004157 50 30033.75
599 70.03 70.044 -0.0038000000000006934 50 30035.25
600 69.95 70.02199999999999 -0.00659999999999989 50 30031.25
601 69.985 69.993 -0.0015999999999996221 50 30033.0
602 70.005 69.994 -0.0006999999999998901 0 30034.0
603 70.215 70.037 0.008500000000000073 0 30034.0
604 70.06 70.043 0.009000000000000242 0 30034.0
605 70.14 70.081 0.007299999999999762 0 30034.0
606 70 70.084 -0.001699999999999199 50 30034.0
607 69.935 70.07 -0.012399999999999623 50 30030.75
608 69.95 70.017 -0.008499999999999598 50 30031.5
609 69.88 69.981 -0.011399999999999197 50 30028.0
610 69.885 69.93 -0.005700000000000271 50 30028.25
611 69.93 69.91600000000001 -0.0014999999999998487 0 30030.5
612 69.945 69.918 0.000799999999999023 0 30030.5
613 69.975 69.923 0.004999999999999302 0 30030.5
614 69.88 69.923 0.0006999999999994519 50 30030.5
615 69.825 69.911 -0.005500000000000863 50 30027.75
616 69.935 69.912 -0.0033999999999989785 0 30033.25
617 69.96 69.915 0.0005000000000009908 0 30033.25
618 70.08 69.936 0.010699999999999427 0 30033.25
619 70.02 69.964 0.010700000000000456 0 30033.25
620 70.03 70.005 0.004999999999999596 0 30033.25
621 70.2 70.058 0.008600000000000779 0 30033.25
622 70.13 70.092 0.005600000000001147 0 30033.25
623 70.14 70.104 0.006799999999999485 0 30033.25
624 70.03 70.106 -0.0012000000000002343 50 30033.25
625 69.98 70.096 -0.010799999999999633 50 30030.75
626 69.97 70.05000000000001 -0.009600000000000795 50 30030.25
627 69.94 70.012 -0.009199999999999866 50 30028.75
628 69.945 69.973 -0.004200000000000673 50 30029.0
629 69.95 69.957 -0.00170000000000012 50 30029.25
630 69.85 69.931 -0.0046000000000001404 50 30024.25
631 69.8 69.89699999999999 -0.007499999999997945 50 30021.75
632 69.7 69.849 -0.012799999999999735 50 30016.75
633 69.62 69.784 -0.016199999999999954 50 30012.75
634 69.65 69.724 -0.01159999999999932 50 30014.25
635 69.72 69.69800000000001 -0.004199999999999313 0 30017.75
636 69.73 69.68400000000001 0.003199999999999353 0 30017.75
637 69.68 69.68 0.003999999999999952 0 30017.75
638 69.7 69.69600000000001 0.001200000000000068 0 30017.75
639 69.76 69.718 0.0009999999999993439 0 30017.75
640 69.81 69.736 0.004799999999999916 0 30017.75
641 69.82 69.754 0.0077999999999997915 0 30017.75
642 69.76 69.77000000000001 0.0035999999999995467 50 30017.75
643 69.78 69.786 -0.0001999999999996801 50 30018.75
644 69.8 69.79400000000001 -0.0011999999999987624 0 30019.75
645 69.81 69.794 0.0004000000000000791 0 30019.75
646 69.93 69.816 0.007400000000000851 0 30019.75
647 69.9 69.84400000000001 0.007399999999999204 0 30019.75
648 69.95 69.87800000000001 0.007800000000000691 0 30019.75
649 69.97 69.912 0.006799999999999464 0 30019.75
650 70.02 69.95400000000001 0.00500000000000027 0 30019.75
651 70.09 69.986 0.008999999999998702 0 30019.75
652 70.09 70.024 0.00799999999999891 0 30019.75
653 70.08 70.05 0.005799999999999144 0 30019.75
654 70.11 70.078 0.0034000000000005124 0 30019.75
655 70.075 70.089 -0.00020000000000020934 50 30019.75
656 70.105 70.092 0.0004999999999999388 0 30021.25
657 70.04 70.082 -0.0016999999999998791 50 30021.25
658 70.02 70.07000000000001 -0.004299999999999695 50 30020.25
659 69.98 70.04400000000001 -0.005500000000000245 50 30018.25
660 70.12 70.053 -0.0006000000000000393 0 30025.25
661 70.13 70.058 0.005600000000000437 0 30025.25
662 70.04 70.05799999999999 0.0037999999999998196 50 30025.25
663 70.02 70.058 -2.6008342364526294e-16 50 30024.25
664 70 70.06200000000001 -0.007000000000001559 50 30023.25
665 70.12 70.06200000000001 -0.001200000000000621 0 30029.25
666 70.09 70.054 0.003999999999999921 0 30029.25
667 70.005 70.047 0.001199999999999544 50 30029.25
668 69.96 70.035 -0.0038999999999996433 50 30027.0
669 69.97 70.029 -0.00860000000000091 50 30027.5
670 69.995 70.00399999999999 -0.004499999999998656 50 30028.75
671 70.01 69.988 0.0009000000000018072 0 30029.5
672 69.95 69.977 0.0004000000000003831 50 30029.5
673 69.93 69.971 -0.0025000000000006033 50 30028.5
674 69.95 69.96700000000001 -0.0034000000000002917 50 30029.5
675 69.94 69.95600000000002 -0.0028000000000012073 50 30029.0
676 69.93 69.94000000000001 -0.0006000000000001444 50 30028.5
677 69.94 69.93800000000002 -1.4011051950078386e-15 0 30029.0
678 70.01 69.95400000000001 0.0023999999999993527 0 30029.0
679 70.09 69.982 0.007599999999999443 0 30029.0
680 70.06 70.006 0.008199999999999336 0 30029.0
681 69.91 70.00200000000001 -0.00019999999999954443 50 30029.0
682 69.92 69.998 -0.007200000000000401 50 30029.5
683 70 69.99600000000001 -0.006399999999999461 0 30033.5
684 70.01 69.98 -0.00019999999999959753 0 30033.5
685 69.975 69.96300000000001 0.004400000000000069 0 30033.5
686 70.02 69.985 0.003499999999998813 0 30033.5
687 69.94 69.989 -0.002200000000000399 50 30033.5
688 69.93 69.975 -0.003900000000000684 50 30033.0
689 69.89 69.951 -0.00519999999999859 50 30031.0
690 69.92 69.94 -0.004999999999999227 50 30032.5
691 69.795 69.89500000000001 -0.005999999999999652 50 30026.25
692 69.71 69.84900000000002 -0.010700000000000365 50 30022.0
693 69.74 69.811 -0.010200000000001104 50 30023.5
694 69.77 69.787 -0.007100000000000488 50 30025.0
695 69.79 69.76100000000001 0.0010000000000004888 0 30026.0
696 69.81 69.76400000000001 0.005000000000000227 0 30026.0
697 69.73 69.768 0.00039999999999974697 50 30026.0
698 69.75 69.77000000000001 -0.0019999999999997546 50 30027.0
699 69.77 69.77000000000001 -0.002000000000001291 50 30028.0
700 69.74 69.76 -0.0019999999999994905 50 30026.5
701 69.73 69.744 -0.00020000000000034479 50 30026.0
702 69.76 69.75 -0.0004000000000005256 0 30027.5
703 69.72 69.744 -0.0015999999999996063 50 30027.5
704 69.74 69.738 -0.00020000000000132108 0 30028.5
705 69.79 69.748 0.002000000000000471 0 30028.5
706 69.78 69.75800000000001 0.002199999999999671 0 30028.5
707 69.83 69.77200000000002 0.005199999999999268 0 30028.5
708 69.82 69.792 0.00399999999999942 0 30028.5
709 69.75 69.794 -0.0008000000000010981 50 30028.5
710 69.72 69.78 -0.004000000000001133 50 30027.0
711 69.725 69.769 -0.0061999999999989945 50 30027.25
712 69.69 69.741 -0.005700000000000114 50 30025.5
713 69.64 69.705 -0.005000000000000212 50 30023.0
714 69.64 69.683 -0.004900000000000876 50 30023.0
715 69.67 69.673 -0.003199999999998268 50 30024.5
716 69.66 69.66 -0.0006000000000005188 0 30024.0
717 69.665 69.65500000000002 0.001400000000000719 0 30024.0
718 69.655 69.658 0.0005000000000000104 50 30024.0
719 69.625 69.655 -0.0019000000000007466 50 30022.5
720 69.67 69.655 -0.00040000000000051805 0 30024.75
721 69.66 69.655 9.999999999877342e-05 0 30024.75
722 69.675 69.65700000000001 0.0014999999999988727 0 30024.75
723 69.655 69.65700000000001 0.001300000000000251 50 30024.75
724 69.625 69.657 -0.001900000000000008 50 30023.25
725 69.63 69.649 -0.002200000000001014 50 30023.5
726 69.73 69.663 0.0016999999999993706 0 30028.5
727 69.71 69.67000000000002 0.004300000000000366 0 30028.5
728 69.73 69.685 0.005799999999999893 0 30028.5
729 69.73 69.706 0.004000000000000086 0 30028.5
730 69.7 69.72 -0.0007999999999999574 50 30028.5
731 69.66 69.706 -0.0026000000000009123 50 30026.5
732 69.665 69.69700000000002 -0.00400000000000075 50 30026.75
733 69.66 69.683 -0.0035000000000005157 50 30026.5
734 69.67 69.671 -0.0012000000000006428 50 30027.0
735 69.69 69.66900000000001 0.0012999999999992883 0 30028.0
736 69.68 69.67300000000002 0.0012000000000009137 0 30028.0
737 69.67 69.674 0.0006000000000000952 50 30028.0
738 69.69 69.68 0.0004000000000008725 0 30029.0
739 69.735 69.69300000000001 0.001999999999999091 0 30029.0
740 69.65 69.68500000000002 9.999999999988072e-05 50 30029.0
741 69.75 69.699 0.0023999999999996476 0 30034.0
742 69.735 69.712 0.0020999999999992964 0 30034.0
743 69.75 69.724 0.0023000000000002506 0 30034.0
744 69.75 69.724 0.0023000000000002506 0 30034.0
745 69.86 69.74900000000001 0.008399999999999753 0 30034.0
746 69.85 69.789 0.006500000000000151 0 30034.0
747 69.83 69.805 0.005800000000001074 0 30034.0
748 69.86 69.83000000000001 0.0038000000000000273 0 30034.0
749 69.845 69.849 -0.0004000000000002371 50 30034.0
750 69.84 69.845 -9.99999999994664e-05 50 30033.75
751 69.83 69.84100000000001 -0.00040000000000075414 50 30033.25
752 69.87 69.849 9.999999999973188e-05 0 30035.25
753 69.84 69.84500000000001 0.00040000000000088234 50 30035.25
754 69.815 69.83900000000001 -0.0008000000000010317 50 30034.0
755 69.805 69.83200000000001 -0.002099999999999264 50 30033.5
756 69.73 69.812 -0.006300000000000534 50 30029.75
757 69.72 69.78200000000001 -0.006500000000001543 50 30029.25
758 69.79 69.772 -0.0026999999999993657 0 30032.75
759 69.79 69.772 -0.0026999999999993657 0 30032.75
760 69.76 69.76100000000001 -0.0006000000000000702 50 30032.75
761 69.76 69.752 0.002000000000001609 0 30032.75
762 69.735 69.753 9.205580368179139e-17 50 30032.75
763 69.725 69.75400000000002 -0.003100000000000198 50 30032.25
764 69.715 69.739 -0.002499999999999874 50 30031.75
765 69.765 69.74000000000001 -0.0002000000000004835 0 30034.25
766 69.8 69.74800000000002 0.0033999999999998727 0 30034.25
767 69.9 69.781 0.008700000000001309 0 30034.25
768 69.875 69.811 0.009100000000000741 0 30034.25
769 69.96 69.86000000000001 0.009299999999999031 0 30034.25
770 69.97 69.90100000000001 0.007999999999999409 0 30034.25
771 69.93 69.927 0.003100000000000607 0 30034.25
772 69.9 69.927 0.00039999999999949906 50 30034.25
773 69.945 69.941 -0.001999999999999247 0 30036.5
774 69.96 69.941 -9.99999999998354e-05 0 30036.5
775 69.96 69.941 -9.99999999998354e-05 0 30036.5
776 69.95 69.93700000000001 0.0019999999999980593 0 30036.5
777 69.99 69.949 0.003699999999999184 0 30036.5
778 69.97 69.963 0.001600000000001066 0 30036.5
779 69.92 69.958 -0.0011999999999991917 50 30036.5
780 69.885 69.943 -0.0039999999999999454 50 30034.75
781 69.895 69.932 -0.005499999999999952 50 30035.25
782 69.88 69.91 -0.004100000000000165 50 30034.5
783 69.87 69.89 -0.0021000000000005385 50 30034.0
784 69.86 69.87800000000001 -0.0015000000000001763 50 30033.5
785 69.845 69.87 -0.002399999999998566 50 30032.75
786 69.855 69.86200000000001 -0.0014999999999986337 50 30033.25
787 69.78 69.84200000000001 -0.003699999999999765 50 30029.5
788 69.78 69.82400000000001 -0.004500000000000938 50 30029.5
789 69.72 69.796 -0.0065000000000009495 50 30026.5
790 69.695 69.766 -0.007599999999999971 50 30025.25
791 69.71 69.737 -0.004500000000000372 50 30026.0
792 69.745 69.73 -0.0016000000000005797 0 30027.75
793 69.7 69.714 0.0001999999999995243 50 30027.75
794 69.72 69.714 0.0008000000000005833 0 30028.75
795 69.74 69.72300000000001 0.0006999999999998302 0 30028.75
796 69.735 69.72800000000001 0.0003999999999994408 0 30028.75
797 69.73 69.72500000000001 0.0014999999999999105 0 30028.75
798 69.755 69.73600000000002 0.0011999999999995974 0 30028.75
799 69.74 69.74000000000001 0.00039999999999909737 50 30028.75
800 69.75 69.742 0.0008000000000000354 0 30029.25
801 69.75 69.742 0.0008000000000000354 0 30029.25
802 69.67 69.729 -0.0024999999999997915 50 30029.25
803 69.7 69.723 -0.0035999999999998793 50 30030.75
804 69.7 69.712 -0.0026000000000003156 50 30030.75
805 69.68 69.7 -0.0022000000000012097 50 30029.75
806 69.72 69.694 0.0015999999999999092 0 30031.75
807 69.72 69.694 0.0015999999999999092 0 30031.75
808 69.72 69.694 0.0015999999999999092 0 30031.75
809 69.76 69.712 0.0027999999999995637 0 30031.75
810 69.77 69.726 0.004400000000000179 0 30031.75
811 69.74 69.73400000000001 0.0033999999999988584 0 30031.75
812 69.75 69.748 0.0007999999999995745 0 30031.75
813 69.745 69.753 -0.0010000000000005473 50 30031.75
814 69.79 69.759 0.0008999999999997998 0 30034.0
815 69.76 69.757 0.0016000000000007486 0 30034.0
816 69.735 69.756 -0.00030000000000035825 50 30034.0
817 69.715 69.74900000000001 -0.0023000000000006162 50 30033.0
818 69.73 69.74600000000001 -0.0033000000000011536 50 30033.75
819 69.77 69.74199999999999 0.0002999999999997447 0 30035.75
820 69.79 69.748 0.0032999999999993443 0 30035.75
821 69.77 69.755 0.0034000000000002895 0 30035.75
822 69.77 69.755 0.0034000000000002895 0 30035.75
823 69.8 69.772 0.0027999999999994067 0 30035.75
824 69.75 69.776 -0.0006000000000007142 50 30035.75
825 69.76 69.774 -0.0016000000000000354 50 30036.25
826 69.76 69.768 -0.0011999999999995736 50 30036.25
827 69.75 69.76400000000001 -0.001799999999999293 50 30035.75
828 69.75 69.76400000000001 -0.001799999999999293 50 30035.75
829 69.82 69.768 0.0025999999999984907 0 30039.25
830 69.81 69.78 0.0032000000000003224 0 30039.25
831 69.88 69.804 0.005999999999999777 0 30039.25
832 69.825 69.81700000000001 0.00420000000000099 0 30039.25
833 69.81 69.82900000000001 -9.999999999906334e-05 50 30039.25
834 69.82 69.82900000000001 -0.0010000000000006692 50 30039.75
835 69.82 69.82900000000001 -0.0010000000000006692 50 30039.75
836 69.82 69.82900000000001 -0.0010000000000006692 50 30039.75
837 69.85 69.837 -0.0013000000000009623 0 30041.25
838 69.835 69.828 0.0011999999999985525 0 30041.25
839 69.855 69.834 0.002099999999999937 0 30041.25
840 69.81 69.834 -0.00029999999999930364 50 30041.25
841 69.78 69.82600000000001 -0.00330000000000012 50 30039.75
842 69.79 69.81400000000001 -0.003300000000000256 50 30040.25
843 69.805 69.808 -0.0024000000000006837 50 30041.0
844 69.75 69.787 -0.0019000000000010473 50 30038.25
845 69.75 69.787 -0.0019000000000010473 50 30038.25
846 69.7 69.765 -0.004000000000000291 50 30035.75
847 69.75 69.75900000000001 -0.0037000000000002994 50 30038.25
848 69.72 69.745 -0.0034000000000010237 50 30036.75
849 69.72 69.72800000000001 -0.0008000000000007783 50 30036.75
850 69.69 69.71600000000001 -0.0009999999999995765 50 30035.25
851 69.68 69.712 -0.0034000000000005744 50 30034.75
852 69.69 69.7 -0.002000000000000631 50 30035.25
853 69.69 69.7 -0.002000000000000631 50 30035.25
854 69.65 69.686 -0.002799999999999608 50 30033.25
855 69.695 69.68100000000001 -0.00040000000000114396 0 30035.5
856 69.67 69.677 -0.00030000000000099327 50 30035.5
857 69.66 69.673 -0.0008000000000002832 50 30035.0
858 69.67 69.669 0.00010000000000084503 0 30035.5
859 69.715 69.682 0.000799999999999754 0 30035.5
860 69.725 69.68799999999999 0.0032999999999983438 0 30035.5
861 69.735 69.701 0.0040999999999996985 0 30035.5
862 69.755 69.72 0.0037999999999997207 0 30035.5
863 69.77 69.74000000000001 0.002799999999999816 0 30035.5
864 69.83 69.763 0.004899999999999739 0 30035.5
865 69.805 69.77900000000001 0.004300000000001092 0 30035.5
866 69.83 69.798 0.0037000000000002465 0 30035.5
867 69.78 69.803 0.000400000000001275 50 30035.5
868 69.78 69.805 -0.0025000000000004333 50 30035.5
869 69.78 69.795 -0.002000000000000539 50 30035.5
870 69.81 69.796 -0.0007999999999993025 0 30037.0
871 69.81 69.796 -0.0007999999999993025 0 30037.0
872 69.76 69.78200000000001 -0.00020000000000083506 50 30037.0
873 69.76 69.778 -0.001199999999999796 50 30037.0
874 69.76 69.774 -0.0018000000000007136 50 30037.0
875 69.75 69.768 -0.0024000000000007917 50 30036.5
876 69.73 69.75200000000001 -0.0014000000000001871 50 30035.5
877 69.75 69.75000000000001 -0.0010000000000009654 50 30036.5
878 69.74 69.74600000000001 -0.0007999999999999059 50 30036.0
879 69.78 69.75 0.0013999999999991341 0 30038.0
880 69.715 69.74300000000001 6.536552875223166e-16 50 30038.0
881 69.755 69.74800000000002 -0.00030000000000035516 0 30040.0
882 69.755 69.74900000000001 0.00010000000000072179 0 30040.0
883 69.715 69.744 -0.001800000000000045 50 30040.0
884 69.78 69.744 0.001799999999999894 0 30043.25
885 69.785 69.75800000000001 0.0017000000000004201 0 30043.25
886 69.84 69.775 0.004800000000000245 0 30043.25
887 69.85 69.79400000000001 0.00659999999999892 0 30043.25
888 69.86 69.82300000000001 0.00449999999999996 0 30043.25
889 69.85 69.837 0.002999999999999367 0 30043.25
890 69.85 69.85 0.0003999999999991644 0 30043.25
891 69.85 69.85 0.0003999999999991644 0 30043.25
892 69.87 69.856 0.0006000000000001003 0 30043.25
893 69.89 69.864 0.001600000000000018 0 30043.25
894 69.85 69.862 0.000799999999999599 50 30043.25
895 69.86 69.864 5.573358958827919e-16 50 30043.75
896 69.855 69.86500000000001 -0.0011999999999997425 50 30043.5
897 69.83 69.857 -0.002300000000000189 50 30042.25
898 69.82 69.843 -0.0018000000000001945 50 30041.75
899 69.74 69.821 -0.0055000000000001775 50 30037.75
900 69.76 69.801 -0.005599999999999923 50 30038.75
901 69.74 69.77799999999999 -0.004799999999998917 50 30037.75
902 69.73 69.75800000000001 -0.0035999999999995905 50 30037.25
903 69.745 69.743 -0.0004000000000007847 0 30038.0
904 69.76 69.747 0.000100000000000702 0 30038.0
905 69.77 69.749 0.0018000000000010501 0 30038.0
906 69.735 69.748 0.0006999999999991448 50 30038.0
907 69.685 69.739 -0.002899999999999355 50 30035.5
908 69.665 69.72300000000001 -0.0054999999999994905 50 30034.5
909 69.69 69.709 -0.0045999999999996755 50 30035.75
910 69.74 69.703 0.0002999999999992585 0 30038.25
911 69.72 69.7 0.0028999999999998988 0 30038.25
912 69.8 69.72300000000001 0.006000000000000419 0 30038.25
913 69.75 69.74000000000001 0.0035999999999992574 0 30038.25
914 69.76 69.754 0.00140000000000071 0 30038.25
915 69.735 69.75300000000001 -0.00020000000000048682 50 30038.25
916 69.74 69.757 -0.002700000000000778 50 30038.5
917 69.76 69.74900000000001 7.710859286548561e-16 0 30039.5
918 69.75 69.74900000000001 9.99999999997226e-05 0 30039.5
919 69.765 69.75000000000001 0.0014000000000000921 0 30039.5
920 69.735 69.75 -0.00010000000000007822 50 30039.5
921 69.73 69.748 -0.0014999999999997975 50 30039.25
922 69.68 69.73200000000001 -0.003499999999999732 50 30036.75
923 69.675 69.717 -0.004700000000000306 50 30036.5
924 69.65 69.694 -0.00450000000000032 50 30035.25
925 69.665 69.68 -0.003200000000000445 50 30036.0
926 69.68 69.67 -0.00020000000000034362 0 30036.75
927 69.67 69.668 0.00040000000000107555 0 30036.75
928 69.72 69.677 0.002900000000000563 0 30036.75
929 69.72 69.677 0.002900000000000563 0 30036.75
930 69.65 69.677 0.00019999999999949577 50 30036.75
931 69.66 69.676 -0.0012000000000008245 50 30037.25
932 69.665 69.673 -0.0014000000000004835 50 30037.5
933 69.65 69.66900000000001 -0.002500000000000891 50 30036.75
934 69.64 69.653 -0.0005999999999991594 50 30036.25
935 69.63 69.649 -0.0017000000000009046 50 30035.75
936 69.67 69.65100000000001 -0.00020000000000017714 0 30037.75
937 69.655 69.649 0.0008000000000006821 0 30037.75
938 69.645 69.648 0.0006999999999992347 50 30037.75
939 69.675 69.655 0.001299999999999653 0 30039.25
940 69.725 69.674 0.002599999999999615 0 30039.25
941 69.73 69.686 0.004600000000000889 0 30039.25
942 69.715 69.698 0.0038999999999989408 0 30039.25
943 69.66 69.70100000000001 -0.0008000000000010708 50 30039.25
944 69.66 69.70100000000001 -0.0008000000000010708 50 30039.25
945 69.645 69.69500000000001 -0.004600000000000211 50 30038.5
946 69.645 69.69500000000001 -0.004600000000000211 50 30038.5
947 69.64 69.67800000000001 -0.005000000000000225 50 30038.25
948 69.64 69.66 -0.003400000000001057 50 30038.25
949 69.63 69.643 -0.0013000000000002439 50 30037.75
950 69.705 69.652 0.002199999999999643 0 30041.5
951 69.655 69.65400000000001 0.0019000000000000913 0 30041.5
952 69.68 69.662 0.0020999999999999487 0 30041.5
953 69.68 69.662 0.0020999999999999487 0 30041.5
954 69.655 69.665 0.0005000000000006082 50 30041.5
955 69.69 69.677 -0.0006000000000015228 0 30043.25
956 69.74 69.684 0.0035999999999995523 0 30043.25
957 69.67 69.68700000000001 0.0013000000000000615 50 30043.25
958 69.67 69.68700000000001 0.0013000000000000615 50 30043.25
959 69.525 69.656 -0.005599999999999759 50 30036.0
