time-hour stock-price avg-price-5-min regression coef number-of-stocks portfolio-value 570 191.48 193.56400000000002 -0.07399999999999875 0 30000.0
571 191.88 193.186 -0.12900000000000222 0 30000.0
572 191.68 192.75000000000003 -0.1487999999999997 0 30000.0
573 191.61 192.27800000000002 -0.12120000000000167 0 30000.0
574 191.34 191.598 -0.010999999999999305 0 30000.0
575 190.71 191.44400000000002 -0.0535999999999978 0 30000.0
576 190.62 191.192 -0.06040000000000004 0 30000.0
577 190.5 190.956 -0.05879999999999957 0 30000.0
578 190.68 190.76999999999998 -0.030599999999999215 0 30000.0
579 190.84 190.67000000000002 0.006400000000000156 0 30000.0
580 190.68 190.66400000000002 0.009199999999999115 0 30000.0
581 191.02 190.744 0.020800000000003406 0 30000.0
582 190.9 190.824 0.012399999999995958 0 30000.0
583 191.02 190.89200000000002 0.011599999999996495 0 30000.0
584 190.97 190.918 0.011600000000001198 0 30000.0
585 191.21 191.024 0.009000000000002223 0 30000.0
586 191.28 191.076 0.018999999999999767 0 30000.0
587 191.34 191.16400000000002 0.01899999999999795 0 30000.0
588 191.34 191.228 0.017400000000002643 0 30000.0
589 191.2 191.274 0.0007999999999967792 25 30000.0
590 191.32 191.29600000000002 -0.001199999999996039 0 30003.0
591 191.21 191.28200000000004 -0.005599999999997036 0 30003.0
592 191.17 191.24800000000002 -0.006600000000001837 0 30003.0
593 191.05 191.19000000000003 -0.009000000000002256 0 30003.0
594 191 191.15000000000003 -0.015999999999997558 0 30003.0
595 190.87 191.06000000000003 -0.016999999999999543 0 30003.0
596 190.92 191.002 -0.01360000000000166 0 30003.0
597 190.97 190.962 -0.004800000000001447 0 30003.0
598 190.73 190.89800000000002 -0.008799999999996479 0 30003.0
599 190.645 190.827 -0.01279999999999985 0 30003.0
600 190.83 190.81900000000002 -0.010099999999996903 0 30003.0
601 190.74 190.78300000000002 -0.0071999999999978045 0 30003.0
602 190.68 190.725 -0.00010000000000155058 0 30003.0
603 190.81 190.741 0.003599999999999455 0 30003.0
604 190.82 190.776 0.0009999999999992235 0 30003.0
605 190.68 190.746 0.00040000000000032815 25 30003.0
606 190.78 190.75400000000002 0.0013999999999987918 0 30005.5
607 190.82 190.78199999999998 -0.0004000000000036299 0 30005.5
608 190.95 190.81 0.007999999999999355 0 30005.5
609 191.09 190.86400000000003 0.01980000000000071 0 30005.5
610 191.01 190.93 0.014599999999998819 0 30005.5
611 190.9 190.954 0.00440000000000414 25 30005.5
612 191.04 190.998 -0.00019999999999996588 0 30009.0
613 191.33 191.074 0.010199999999999371 0 30009.0
614 191.3 191.11599999999999 0.02020000000000359 0 30009.0
615 191.31 191.17600000000002 0.021599999999999765 0 30009.0
616 191.33 191.262 0.011200000000001372 0 30009.0
617 191.26 191.30600000000004 -0.002199999999996703 0 30009.0
618 191.42 191.324 0.0037999999999977813 0 30009.0
619 191.59 191.382 0.012999999999999397 0 30009.0
620 191.59 191.43800000000002 0.016999999999999422 0 30009.0
621 191.7 191.51200000000003 0.020999999999999443 0 30009.0
622 191.575 191.57500000000002 0.0084000000000018 25 30009.0
623 191.61 191.613 0.0005000000000009178 50 30009.875
624 191.5 191.59500000000003 -0.005399999999999587 50 30004.375
625 191.53 191.58300000000003 -0.00830000000000075 50 30005.875
626 191.63 191.56900000000002 0.0005999999999996638 0 30010.875
627 191.8 191.61400000000003 0.010199999999997296 0 30010.875
628 191.82 191.65600000000003 0.018199999999998318 0 30010.875
629 191.69 191.69400000000002 0.010200000000001938 25 30010.875
630 191.77 191.74200000000002 0.003399999999998574 0 30012.875
631 191.71 191.75800000000004 -0.004599999999998719 0 30012.875
632 191.74 191.74600000000004 -0.002800000000001326 0 30012.875
633 191.77 191.73600000000005 0.0026000000000013694 0 30012.875
634 191.65 191.72800000000004 -0.0036000000000010446 0 30012.875
635 191.62 191.69800000000004 -0.005400000000002571 0 30012.875
636 191.68 191.69200000000004 -0.005400000000000335 0 30012.875
637 191.83 191.71000000000004 0.002999999999996306 0 30012.875
638 191.71 191.69800000000004 0.006600000000001618 0 30012.875
639 191.81 191.73000000000002 0.008200000000000653 0 30012.875
640 191.84 191.774 0.0060000000000009 0 30012.875
641 191.77 191.79200000000003 0.00019999999999696064 25 30012.875
642 191.85 191.79600000000002 0.00479999999999738 0 30014.875
643 191.79 191.812 -0.0005999999999994907 0 30014.875
644 191.81 191.812 -0.0008000000000013083 0 30014.875
645 191.68 191.78 -0.0043999999999995406 0 30014.875
646 191.7 191.76600000000002 -0.00819999999999824 0 30014.875
647 191.81 191.758 -0.0013999999999981959 0 30014.875
648 192 191.8 0.010199999999998993 0 30014.875
649 192.12 191.86200000000002 0.023599999999998515 0 30014.875
650 192.31 191.988 0.030600000000004283 0 30014.875
651 192.3 192.10800000000003 0.02580000000000377 0 30014.875
652 192.43 192.23200000000003 0.020799999999998642 0 30014.875
653 192.56 192.34400000000002 0.019999999999996215 0 30014.875
654 192.65 192.45000000000002 0.018800000000001572 0 30014.875
655 192.54 192.496 0.013999999999997684 0 30014.875
656 192.54 192.544 0.003999999999997232 25 30014.875
657 192.51 192.56000000000003 -0.004199999999997203 25 30014.125
658 192.53 192.55400000000003 -0.005400000000003066 25 30014.625
659 192.58 192.54000000000002 0.001399999999996737 0 30015.875
660 192.53 192.538 0.001000000000002564 25 30015.875
661 192.405 192.51100000000002 -0.004199999999996426 25 30012.75
662 192.4 192.48900000000003 -0.008699999999998586 25 30012.625
663 192.345 192.452 -0.01200000000000174 25 30011.25
664 192.33 192.40200000000002 -0.009199999999992941 25 30010.875
665 192.375 192.371 -0.0026000000000006174 0 30012.0
666 192.41 192.372 0.0009999999999965887 0 30012.0
667 192.4 192.372 0.0038000000000053703 0 30012.0
668 192.27 192.35700000000003 -0.0018999999999968307 0 30012.0
669 192.06 192.30300000000003 -0.015399999999999438 0 30012.0
670 191.82 192.19200000000004 -0.030400000000001457 0 30012.0
671 191.65 192.04000000000002 -0.03899999999999892 0 30012.0
672 191.65 191.89000000000004 -0.03299999999999903 0 30012.0
673 191.57 191.75000000000003 -0.023000000000001623 0 30012.0
674 191.49 191.636 -0.014799999999994746 0 30012.0
675 191.5 191.57200000000003 -0.009200000000001953 0 30012.0
676 191.56 191.55400000000003 -0.00499999999999678 0 30012.0
677 191.74 191.57200000000003 0.008200000000000622 0 30012.0
678 191.84 191.62600000000003 0.01880000000000098 0 30012.0
679 191.81 191.69 0.017999999999999645 0 30012.0
680 191.88 191.76600000000002 0.014199999999994292 0 30012.0
681 191.91 191.836 0.007599999999995293 0 30012.0
682 192.07 191.902 0.011199999999998586 0 30012.0
683 192.08 191.95 0.01460000000000266 0 30012.0
684 192.16 192.01999999999998 0.014600000000003437 0 30012.0
685 192.24 192.092 0.015000000000005094 0 30012.0
686 192.16 192.14200000000005 0.0068000000000049 0 30012.0
687 192.15 192.15800000000002 0.002800000000000584 25 30012.0
688 192.07 192.156 -0.005400000000000274 25 30010.0
689 192.185 192.16100000000003 -0.004000000000000575 0 30012.875
690 192.075 192.12800000000001 -0.0027000000000011125 0 30012.875
691 192.43 192.18200000000002 0.011299999999999111 0 30012.875
692 192.34 192.22000000000003 0.0156999999999981 0 30012.875
693 192.48 192.30200000000002 0.017100000000002964 0 30012.875
694 192.4 192.34500000000003 0.014000000000006271 0 30012.875
695 192.35 192.4 -0.0020000000000040025 0 30012.875
696 192.4 192.394 -0.00020000000000214025 0 30012.875
697 192.46 192.418 -0.0007999999999986166 0 30012.875
698 192.52 192.42600000000004 0.007000000000002399 0 30012.875
699 192.67 192.48000000000002 0.015200000000004715 0 30012.875
700 192.54 192.51800000000003 0.0097999999999985 0 30012.875
701 192.49 192.536 0.001600000000001191 25 30012.875
702 192.56 192.55600000000004 -0.0019999999999968225 0 30014.625
703 192.5 192.55200000000002 -0.006400000000003369 0 30014.625
704 192.37 192.49200000000002 -0.006600000000000298 0 30014.625
705 192.43 192.47000000000003 -0.006200000000002084 0 30014.625
706 192.46 192.464 -0.005399999999996575 0 30014.625
707 192.36 192.424 -0.0038000000000015907 0 30014.625
708 192.45 192.41400000000004 0.0017999999999962154 0 30014.625
709 192.36 192.41200000000003 -0.002999999999998635 0 30014.625
710 192.49 192.42400000000004 0.0012000000000013836 0 30014.625
711 192.56 192.44400000000002 0.008800000000000056 0 30014.625
712 192.31 192.43400000000003 -0.0016000000000013352 0 30014.625
713 192.32 192.40800000000002 -0.005199999999999889 0 30014.625
714 192.28 192.392 -0.01319999999999745 0 30014.625
715 192.29 192.352 -0.01140000000000121 0 30014.625
716 192.4 192.32 0.0030000000000003583 0 30014.625
717 192.32 192.322 0.002399999999997502 25 30014.625
718 192.26 192.31 -0.0001999999999998016 25 30013.125
719 192.26 192.30599999999998 -0.004000000000002812 25 30013.125
720 192.27 192.30200000000002 -0.00639999999999878 25 30013.375
721 192.28 192.27800000000002 -0.0014000000000009493 0 30013.625
722 192.25 192.264 4.863512519129905e-15 25 30013.625
723 192.27 192.26600000000002 1.430734563678274e-15 0 30014.125
724 192.24 192.26200000000003 -0.0014000000000024624 0 30014.125
725 192.27 192.26200000000003 -0.000600000000000147 0 30014.125
726 192.3 192.26600000000005 0.002000000000001868 0 30014.125
727 192.235 192.26300000000003 -0.00020000000000290245 0 30014.125
728 192.28 192.26500000000004 0.0008999999999987647 0 30014.125
729 192.34 192.28500000000003 0.0023999999999991086 0 30014.125
730 192.27 192.28500000000003 0.0009000000000002352 25 30014.125
731 192.34 192.293 0.00399999999999627 0 30015.875
732 192.32 192.31 0.0015999999999987014 0 30015.875
733 192.235 192.30100000000002 -0.0031999999999992985 0 30015.875
734 192.17 192.26700000000002 -0.006100000000002496 0 30015.875
735 192.15 192.243 -0.010599999999998184 0 30015.875
736 192.18 192.211 -0.007299999999997687 0 30015.875
737 192.19 192.185 -0.0016000000000031365 0 30015.875
738 192.16 192.17000000000002 0.00039999999999953896 25 30015.875
739 192.18 192.17200000000003 0.0007999999999947864 0 30016.375
740 192.16 192.17400000000004 -0.0010000000000024753 0 30016.375
741 192.16 192.17000000000002 -0.0012000000000004177 0 30016.375
742 192.07 192.14600000000002 -0.004000000000004482 0 30016.375
743 192.32 192.178 0.0037999999999960453 0 30016.375
744 192.41 192.22400000000002 0.013200000000001242 0 30016.375
745 192.43 192.27800000000002 0.017600000000000622 0 30016.375
746 192.53 192.352 0.02060000000000282 0 30016.375
747 192.46 192.43 0.007999999999999386 0 30016.375
748 192.43 192.452 0.001399999999999796 25 30016.375
749 192.39 192.44800000000004 -0.003600000000000659 25 30015.375
750 192.4 192.442 -0.006599999999996285 25 30015.625
751 192.415 192.41900000000004 -0.0024000000000008507 25 30016.0
752 192.39 192.40500000000003 -0.0010999999999969632 25 30015.375
753 192.46 192.411 0.002600000000002209 0 30017.125
754 192.52 192.437 0.005699999999997796 0 30017.125
755 192.48 192.45300000000003 0.005200000000001811 0 30017.125
756 192.44 192.458 0.0024000000000016924 25 30017.125
757 192.47 192.47400000000002 -0.0012000000000014657 25 30017.875
758 192.45 192.472 -0.0029999999999981717 25 30017.375
759 192.425 192.45300000000003 -0.001999999999998464 25 30016.75
760 192.48 192.45300000000003 0.0007000000000037182 0 30018.125
761 192.445 192.45400000000004 -0.0004000000000001076 0 30018.125
762 192.425 192.44500000000002 -0.0006000000000033947 0 30018.125
763 192.4 192.435 -0.0020999999999969984 0 30018.125
764 192.34 192.41800000000006 -0.00650000000000322 0 30018.125
765 192.27 192.37600000000003 -0.00870000000000087 0 30018.125
766 192.23 192.333 -0.010399999999996993 0 30018.125
767 192.23 192.294 -0.009000000000001989 0 30018.125
768 192.29 192.27200000000002 -0.0027999999999967357 0 30018.125
769 192.35 192.274 0.004399999999993961 0 30018.125
770 192.42 192.304 0.010000000000002257 0 30018.125
771 192.4 192.33800000000002 0.009400000000001749 0 30018.125
772 192.425 192.377 0.006400000000001275 0 30018.125
773 192.465 192.412 0.004700000000003368 0 30018.125
774 192.48 192.43800000000002 0.0036999999999969974 0 30018.125
775 192.47 192.448 0.003900000000000087 0 30018.125
776 192.48 192.46400000000003 0.0022999999999953336 0 30018.125
777 192.59 192.497 0.004999999999996068 0 30018.125
778 192.54 192.51200000000003 0.0048000000000009155 0 30018.125
779 192.51 192.51800000000003 0.0027999999999974 25 30018.125
780 192.41 192.50600000000003 -0.004399999999999359 25 30015.625
781 192.41 192.49200000000002 -0.009800000000003646 25 30015.625
782 192.47 192.468 -0.004799999999995558 0 30017.125
783 192.46 192.452 -0.0007999999999967101 0 30017.125
784 192.47 192.444 0.003400000000002631 0 30017.125
785 192.39 192.44 -0.0007999999999986628 0 30017.125
786 192.47 192.452 -0.0014000000000019986 0 30017.125
787 192.49 192.45600000000002 0.0011999999999993387 0 30017.125
788 192.55 192.474 0.005200000000002803 0 30017.125
789 192.53 192.48600000000002 0.007200000000000682 0 30017.125
790 192.52 192.512 0.002800000000001553 0 30017.125
791 192.52 192.52200000000005 0.0005999999999989349 25 30017.125
792 192.52 192.52800000000002 -0.001399999999999229 25 30017.125
793 192.585 192.53500000000003 0.002200000000000531 0 30018.75
794 192.61 192.55100000000004 0.00489999999999752 0 30018.75
795 192.6 192.56700000000004 0.004999999999997522 0 30018.75
796 192.63 192.58900000000003 0.004699999999998011 0 30018.75
797 192.64 192.61300000000003 0.0025999999999977543 0 30018.75
798 192.56 192.608 -0.0012000000000030268 0 30018.75
799 192.56 192.598 -0.0030000000000040407 0 30018.75
800 192.54 192.586 -0.005199999999999905 0 30018.75
801 192.7 192.6 0.002000000000000011 0 30018.75
802 192.61 192.594 0.004800000000001052 0 30018.75
803 192.76 192.634 0.009399999999999383 0 30018.75
804 192.84 192.69000000000003 0.013199999999999225 0 30018.75
805 192.81 192.74400000000003 0.008999999999995914 0 30018.75
806 192.73 192.75000000000003 0.005799999999999067 25 30018.75
807 192.78 192.78400000000002 -0.0014000000000016612 25 30020.0
808 192.72 192.77600000000004 -0.00540000000000126 25 30018.5
809 192.75 192.75800000000004 -0.0025999999999969845 25 30019.25
810 192.75 192.74600000000004 0.00020000000000206384 0 30019.25
811 192.78 192.75600000000003 0.0006000000000012228 0 30019.25
812 192.83 192.76600000000002 0.004999999999997588 0 30019.25
813 192.82 192.786 0.004399999999998279 0 30019.25
814 192.835 192.80300000000003 0.004199999999997895 0 30019.25
815 192.87 192.82700000000003 0.0037000000000013107 0 30019.25
816 192.905 192.85200000000003 0.0040000000000009325 0 30019.25
817 192.91 192.868 0.0049999999999993106 0 30019.25
818 192.87 192.87800000000004 0.0022000000000009855 25 30019.25
819 192.93 192.89700000000002 0.001700000000001767 0 30020.75
820 192.8 192.88300000000004 -0.0038000000000047262 0 30020.75
821 192.8 192.86200000000002 -0.005799999999999846 0 30020.75
822 192.81 192.84200000000004 -0.004999999999999563 0 30020.75
823 192.76 192.82000000000002 -0.006600000000000316 0 30020.75
824 192.77 192.788 -0.001999999999999328 0 30020.75
825 192.7 192.768 -0.00480000000000535 0 30020.75
826 192.81 192.77 -0.001199999999997125 0 30020.75
827 192.74 192.756 1.4024115456145727e-15 25 30020.75
828 192.78 192.76000000000002 0.0011999999999986874 0 30021.75
829 192.8 192.76600000000002 0.0034000000000020928 0 30021.75
830 192.81 192.78800000000004 0.0011999999999999563 0 30021.75
831 192.83 192.79200000000003 0.004200000000005045 0 30021.75
832 192.76 192.79600000000002 -0.00019999999999759048 0 30021.75
833 192.79 192.798 -0.0014000000000039833 0 30021.75
834 192.86 192.81 0.0012000000000000266 0 30021.75
835 192.84 192.816 0.0023999999999983887 0 30021.75
836 192.84 192.818 0.004200000000000563 0 30021.75
837 192.78 192.82200000000003 -0.0007999999999978966 0 30021.75
838 192.745 192.81300000000005 -0.005800000000003347 0 30021.75
839 192.59 192.75900000000001 -0.011900000000002062 0 30021.75
840 192.62 192.71500000000003 -0.012600000000004113 0 30021.75
841 192.62 192.67100000000002 -0.008900000000000415 0 30021.75
842 192.72 192.65900000000002 -0.000399999999999966 0 30021.75
843 192.75 192.66000000000003 0.008399999999998317 0 30021.75
844 192.77 192.69600000000003 0.008600000000001318 0 30021.75
845 192.74 192.72000000000003 0.005800000000001231 0 30021.75
846 192.81 192.75800000000004 0.003400000000000823 0 30021.75
847 192.89 192.79200000000003 0.006399999999996761 0 30021.75
848 192.89 192.82000000000002 0.007800000000003156 0 30021.75
849 192.89 192.84400000000002 0.007599999999999098 0 30021.75
850 192.89 192.87400000000002 0.0032000000000022865 0 30021.75
851 192.89 192.89000000000001 -1.513364934714956e-15 0 30021.75
852 192.9 192.89200000000002 0.0004000000000022408 0 30021.75
853 192.885 192.89100000000002 -3.554670240984799e-16 0 30021.75
854 192.84 192.88100000000003 -0.002100000000002122 0 30021.75
855 192.92 192.88700000000003 -3.4677236114370364e-15 0 30021.75
856 192.97 192.90300000000002 0.003499999999999388 0 30021.75
857 192.97 192.917 0.005999999999999676 0 30021.75
858 192.98 192.936 0.0066000000000002055 0 30021.75
859 192.94 192.956 0.0009999999999980877 25 30021.75
860 192.85 192.942 -0.005400000000000191 25 30019.5
861 192.76 192.89999999999998 -0.011000000000006444 25 30017.25
862 192.76 192.85799999999998 -0.012399999999999068 25 30017.25
863 192.75 192.812 -0.009399999999998356 25 30017.0
864 192.71 192.76600000000002 -0.005800000000000815 25 30016.0
865 192.66 192.728 -0.004999999999997489 25 30014.75
866 192.68 192.71200000000002 -0.004999999999996689 25 30015.25
867 192.73 192.70600000000002 -0.0013999999999990819 0 30016.5
868 192.77 192.71 0.003799999999998003 0 30016.5
869 192.78 192.72400000000002 0.006600000000004346 0 30016.5
870 192.78 192.74800000000002 0.005000000000000185 0 30016.5
871 192.84 192.78000000000003 0.00460000000000425 0 30016.5
872 192.84 192.80200000000005 0.004000000000000948 0 30016.5
873 192.85 192.818 0.003999999999999306 0 30016.5
874 192.92 192.846 0.005799999999996204 0 30016.5
875 192.94 192.87800000000001 0.005599999999999726 0 30016.5
876 192.89 192.888 0.003800000000000066 0 30016.5
877 192.86 192.892 -0.0002000000000001733 0 30016.5
878 192.89 192.9 -0.002800000000001755 0 30016.5
879 192.87 192.89000000000001 -0.0027999999999986816 0 30016.5
880 192.85 192.872 -0.0013999999999999297 0 30016.5
881 192.86 192.866 -0.0008000000000014242 0 30016.5
882 192.83 192.86 -0.00259999999999741 0 30016.5
883 192.87 192.85600000000002 -0.0003999999999992259 0 30016.5
884 192.82 192.846 -0.0009999999999986831 0 30016.5
885 192.84 192.84400000000002 -0.001000000000000999 0 30016.5
886 192.84 192.84000000000003 -0.00019999999999852457 0 30016.5
887 192.84 192.84200000000004 -0.0008000000000001422 0 30016.5
888 192.82 192.83200000000002 -4.567069366393283e-15 0 30016.5
889 192.89 192.846 0.0015999999999999387 0 30016.5
890 192.84 192.84600000000003 0.0010000000000010764 25 30016.5
891 192.92 192.86200000000002 0.003600000000001047 0 30018.5
892 192.92 192.87800000000001 0.004599999999999425 0 30018.5
893 192.96 192.90600000000003 0.004400000000001238 0 30018.5
894 192.96 192.92000000000004 0.005600000000000473 0 30018.5
895 192.92 192.93600000000004 0.0007999999999979546 25 30018.5
896 192.97 192.94600000000003 0.0011999999999951975 0 30019.75
897 192.97 192.95600000000002 0.0005999999999976074 0 30019.75
898 192.98 192.96 0.0018000000000013186 0 30019.75
899 192.99 192.966 0.003000000000000242 0 30019.75
900 193.16 193.014 0.008000000000000885 0 30019.75
901 193.15 193.05 0.010800000000002112 0 30019.75
902 193.08 193.07200000000003 0.007200000000002861 0 30019.75
903 193.21 193.11800000000002 0.0071999999999997335 0 30019.75
904 193.24 193.168 0.004399999999999559 0 30019.75
905 193.24 193.184 0.0067999999999981565 0 30019.75
906 193.19 193.192 0.0050000000000009715 25 30019.75
907 193.13 193.20200000000003 -0.004199999999995641 25 30018.25
908 193.15 193.19 -0.005800000000000986 25 30018.75
909 193.16 193.174 -0.004000000000004673 25 30019.0
910 193.22 193.17000000000002 0.0018000000000025756 0 30020.5
911 193.22 193.17600000000002 0.005000000000004927 0 30020.5
912 193.18 193.186 0.00240000000000239 25 30020.5
913 193.24 193.204 0.002400000000001825 0 30022.0
914 193.26 193.224 0.0020000000000024182 0 30022.0
915 193.43 193.266 0.009999999999994258 0 30022.0
916 193.52 193.32600000000002 0.017399999999999853 0 30022.0
917 193.56 193.40200000000004 0.01800000000000244 0 30022.0
918 193.47 193.44800000000004 0.010999999999998495 0 30022.0
919 193.42 193.48000000000002 -0.0014000000000023063 0 30022.0
920 193.39 193.472 -0.008000000000002326 0 30022.0
921 193.39 193.446 -0.008400000000005592 0 30022.0
922 193.39 193.41199999999998 -0.003800000000001172 0 30022.0
923 193.45 193.408 0.0012000000000006068 0 30022.0
924 193.525 193.429 0.006599999999999421 0 30022.0
925 193.48 193.447 0.006299999999998947 0 30022.0
926 193.48 193.465 0.004200000000001488 0 30022.0
927 193.505 193.488 0.00130000000000131 0 30022.0
928 193.475 193.493 -0.0015000000000023595 0 30022.0
929 193.46 193.48 -0.0008999999999949942 0 30022.0
930 193.39 193.462 -0.004500000000001297 0 30022.0
931 193.33 193.43200000000002 -0.008700000000001826 0 30022.0
932 193.31 193.393 -0.00919999999999891 0 30022.0
933 193.27 193.352 -0.00919999999999754 0 30022.0
934 193.36 193.332 -0.002399999999994659 0 30022.0
935 193.395 193.333 0.0035999999999999123 0 30022.0
936 193.39 193.345 0.0056999999999975196 0 30022.0
937 193.45 193.373 0.007799999999998161 0 30022.0
938 193.45 193.409 0.004699999999998201 0 30022.0
939 193.32 193.401 -0.0017999999999968551 0 30022.0
940 193.27 193.37599999999998 -0.007399999999997445 0 30022.0
941 193.2 193.33800000000002 -0.013599999999999892 0 30022.0
942 193.18 193.28400000000002 -0.01319999999999732 0 30022.0
943 193.08 193.21000000000004 -0.01139999999999572 0 30022.0
944 193.15 193.17600000000002 -0.0072000000000005185 0 30022.0
945 193.22 193.16600000000003 0.00020000000000193588 0 30022.0
946 193.17 193.16000000000003 0.0024000000000028755 0 30022.0
947 193.13 193.15 0.002400000000002958 25 30022.0
948 193.14 193.16199999999998 -0.0021999999999995 25 30022.25
949 193.05 193.14200000000002 -0.007400000000000013 25 30020.0
950 193.11 193.12000000000003 -0.003999999999999428 25 30021.5
951 192.98 193.08200000000002 -0.006600000000003068 25 30018.25
952 193.09 193.074 -0.0033999999999997504 0 30021.0
953 193.16 193.07800000000003 0.004000000000000266 0 30021.0
954 193.09 193.086 0.0027999999999972695 0 30021.0
955 192.93 193.05 -0.001999999999999884 0 30021.0
956 192.82 193.018 -0.015400000000000613 0 30021.0
957 192.82 192.964 -0.019000000000002352 0 30021.0
958 192.84 192.9 -0.012200000000004051 0 30021.0
959 192.73 192.828 -0.007600000000001214 0 30021.0
