time-hour stock-price avg-price-5-min regression-coef number-of-stocks portfolio-value 570 192.83 192.808 -0.0015999999999968006 0 30000.0
571 192.9 192.824 0.005600000000002684 0 30000.0
572 192.3 192.72000000000003 -0.024399999999994416 0 30000.0
573 192.29 192.61 -0.04439999999999609 50 30000.0
574 192.89 192.64200000000002 -0.0008000000000001022 0 30030.0
575 193.1 192.69600000000003 0.06000000000000429 50 30030.0
576 193.22 192.76000000000002 0.06000000000000529 100 30036.0
577 193.3 192.96 0.02700000000000086 150 30044.0
578 193.46 193.19400000000002 0.02320000000000546 200 30068.0
579 193.27 193.27 0.0062000000000042785 0 30030.0
580 193.79 193.40800000000002 0.02560000000000172 50 30030.0
581 194 193.56400000000002 0.04279999999999747 100 30040.5
582 193.85 193.67400000000004 0.03900000000000517 150 30025.5
583 193.73 193.72800000000004 -0.006599999999996454 0 30007.5
584 193.88 193.85000000000002 -0.009599999999998483 0 30007.5
585 194.03 193.89800000000002 0.013800000000001433 50 30007.5
586 193.75 193.848 0.004200000000003556 50 29993.5
587 193.92 193.862 -0.0032000000000027384 0 30002.0
588 194.18 193.95200000000003 0.01240000000000367 50 30002.0
589 194.16 194.008 0.029800000000005492 100 30001.0
590 194.21 194.044 0.01700000000000331 150 30006.0
591 194.12 194.11800000000002 -0.0026000000000025126 0 29992.5
592 194.17 194.16800000000003 -0.00120000000000144 0 29992.5
593 194.44 194.22000000000003 0.014800000000001761 50 29992.5
594 194.51 194.29000000000002 0.028800000000003698 100 29996.0
595 194.74 194.39600000000004 0.03560000000000321 150 30019.0
596 194.56 194.484 0.011800000000005095 200 29992.0
597 194.59 194.56800000000004 0.0012000000000058637 0 29998.0
598 194.53 194.586 -0.011999999999997919 50 29998.0
599 194.62 194.60800000000003 0.0024000000000012813 0 30002.5
600 194.58 194.57600000000002 0.001200000000000943 0 30002.5
601 194.74 194.61200000000002 0.011800000000002689 50 30002.5
602 194.6 194.61400000000003 0.0019999999999998873 50 29995.5
603 194.43 194.59400000000002 -0.011800000000003395 50 29987.0
604 194.54 194.57800000000003 -0.01540000000000267 50 29992.5
605 194.53 194.56800000000004 -0.0019999999999958606 50 29992.0
606 194.62 194.544 0.011200000000001762 100 29996.5
607 194.61 194.54600000000002 0.006000000000000589 0 29995.5
608 194.65 194.59000000000003 0.006999999999998566 0 29995.5
609 194.59 194.60000000000002 -0.0009999999999924635 50 29995.5
610 194.39 194.572 -0.014400000000002636 50 29985.5
611 194.41 194.53000000000003 -0.018400000000001856 50 29986.5
612 194.34 194.476 -0.01459999999999504 50 29983.0
613 194.3 194.40600000000003 -0.006799999999994734 50 29981.0
614 194.36 194.36000000000004 -0.0037999999999977197 50 29984.0
615 194.33 194.34800000000004 0.0006000000000047365 50 29982.5
616 194.29 194.32400000000004 -0.0012000000000004611 50 29980.5
617 194.17 194.29000000000002 -0.01219999999999833 50 29974.5
618 194.27 194.28400000000002 -0.005999999999998629 50 29979.5
619 194.31 194.27400000000003 0.003199999999999927 0 29981.5
620 194.32 194.27200000000002 0.009800000000002284 50 29981.5
621 194.25 194.264 -0.001000000000001467 50 29978.0
622 194.4 194.31 0.004000000000000247 0 29985.5
623 194.435 194.343 0.0099000000000006 50 29985.5
624 194.52 194.385 0.01690000000000457 100 29989.75
625 194.48 194.41700000000003 0.006500000000003156 0 29985.75
626 194.44 194.455 -0.0004999999999971998 50 29985.75
627 194.44 194.463 -0.005599999999999225 50 29985.75
628 194.66 194.50800000000004 0.010799999999997383 100 29996.75
629 194.54 194.512 0.01039999999999766 150 29984.75
630 194.52 194.52 0.0024000000000044953 0 29981.75
631 194.56 194.544 -0.006399999999996786 0 29981.75
632 194.59 194.574 0.0038000000000053247 0 29981.75
633 194.74 194.59000000000003 0.013800000000003514 50 29981.75
634 194.78 194.63800000000003 0.016200000000000023 100 29983.75
635 194.82 194.69800000000004 0.014600000000001433 150 29987.75
636 194.695 194.725 -0.0019000000000007492 200 29969.0
637 194.835 194.77400000000003 0.0008000000000006714 0 29997.0
638 194.84 194.79400000000004 0.004000000000004827 0 29997.0
639 194.78 194.79400000000004 0.005200000000005775 50 29997.0
640 194.89 194.80800000000002 0.002099999999999058 0 30002.5
641 194.91 194.851 0.0064000000000017975 0 30002.5
642 194.73 194.83 -0.00260000000000052 50 30002.5
643 194.66 194.79399999999998 -0.017399999999998136 50 29999.0
644 194.71 194.78000000000003 -0.01339999999999624 50 30001.5
645 194.58 194.71800000000002 -0.007999999999993488 50 29995.0
646 194.7 194.67600000000002 -0.00020000000000010653 0 30001.0
647 194.66 194.66200000000003 -0.0005999999999978828 50 30001.0
648 194.72 194.67400000000004 0.007600000000002784 0 30004.0
649 194.59 194.65 -0.00539999999999415 50 30004.0
650 194.64 194.662 -0.0037999999999990984 50 30006.5
651 194.7 194.662 -0.0001999999999992022 0 30009.5
652 194.735 194.67700000000002 0.009899999999998391 50 30009.5
653 194.75 194.683 0.007300000000007023 0 30010.25
654 194.68 194.701 -0.0008999999999961887 50 30010.25
655 194.65 194.70300000000003 -0.006499999999999879 50 30008.75
656 194.71 194.70500000000004 -0.002999999999995077 0 30011.75
657 194.55 194.66800000000003 -0.006599999999998323 50 30011.75
658 194.63 194.644 -0.004399999999997381 50 30015.75
659 194.65 194.63800000000003 -0.0019999999999989106 0 30016.75
660 194.59 194.62600000000003 0.0028000000000046087 50 30016.75
661 194.58 194.60000000000002 -0.004199999999994918 50 30016.25
662 194.65 194.62000000000003 -0.0001999999999943243 0 30019.75
663 194.67 194.62800000000001 0.00619999999999888 0 30019.75
664 194.63 194.62400000000002 0.0033999999999997487 0 30019.75
665 194.555 194.61700000000002 -0.006500000000000528 50 30019.75
666 194.44 194.58900000000003 -0.015299999999991959 50 30014.0
667 194.51 194.56099999999998 -0.009499999999997769 50 30017.5
668 194.53 194.53300000000002 -9.999999999727222e-05 50 30018.5
669 194.55 194.51700000000002 0.007000000000004963 0 30019.5
670 194.57 194.52000000000004 0.004000000000004293 0 30019.5
671 194.59 194.55 0.003999999999999906 0 30019.5
672 194.57 194.562 0.0015999999999980908 0 30019.5
673 194.48 194.55200000000002 -0.005799999999998272 50 30019.5
674 194.54 194.55 -0.004800000000000725 50 30022.5
675 194.57 194.55 0.001200000000003834 0 30024.0
676 194.51 194.534 0.0024000000000020737 50 30024.0
677 194.55 194.53 -0.0005999999999972065 0 30026.0
678 194.56 194.54600000000002 0.00020000000000595586 0 30026.0
679 194.43 194.524 -0.00459999999999479 50 30026.0
680 194.44 194.49800000000002 -0.009199999999995732 50 30026.5
681 194.49 194.494 -0.004000000000001256 50 30029.0
682 194.455 194.47500000000002 0.002500000000004286 50 30027.25
683 194.38 194.439 -0.00429999999999959 50 30023.5
684 194.17 194.387 -0.02070000000000022 50 30013.0
685 194.17 194.33300000000003 -0.021299999999997727 50 30013.0
686 194.165 194.268 -0.012900000000000184 50 30012.75
687 194.08 194.193 -0.005499999999998928 50 30008.5
688 194.15 194.14700000000002 -0.0028999999999939803 0 30012.0
689 194.15 194.14300000000003 0.0005000000000057429 0 30012.0
690 194.275 194.16400000000004 0.01169999999999977 50 30012.0
691 194.24 194.17900000000003 0.007900000000002487 0 30010.25
692 194.35 194.23300000000003 0.011300000000001684 50 30010.25
693 194.29 194.26100000000002 0.0031000000000018235 0 30007.25
694 194.31 194.293 0.0030000000000023233 0 30007.25
695 194.28 194.294 -0.003799999999997892 50 30007.25
696 194.29 194.304 -0.0005999999999971843 50 30007.75
697 194.33 194.3 0.001400000000003375 0 30009.75
698 194.28 194.298 0.0007999999999996929 50 30009.75
699 194.265 194.28900000000002 -0.0024999999999995737 50 30009.0
700 194.35 194.30300000000003 0.0009000000000028264 0 30013.25
701 194.4 194.32500000000002 0.008900000000003794 0 30013.25
702 194.41 194.341 0.009700000000001095 50 30013.25
703 194.32 194.34900000000002 -0.001599999999996914 50 30008.75
704 194.365 194.36900000000003 -0.0038999999999980413 50 30011.0
705 194.36 194.37100000000004 -0.0021000000000006825 50 30010.75
706 194.38 194.36700000000002 0.003499999999999596 0 30011.75
707 194.43 194.371 0.004299999999999731 0 30011.75
708 194.435 194.394 0.005500000000000646 0 30011.75
709 194.47 194.41500000000002 0.005500000000005783 0 30011.75
710 194.38 194.419 -0.0022999999999984188 50 30011.75
711 194.33 194.40900000000002 -0.008099999999999895 50 30009.25
712 194.27 194.37700000000004 -0.012999999999998478 50 30006.25
713 194.11 194.31200000000004 -0.01740000000000085 50 29998.25
714 194.16 194.25000000000003 -0.01340000000000047 50 30000.75
715 194.105 194.19500000000002 -0.00889999999999708 50 29998.0
716 194.09 194.14700000000002 -0.002299999999998956 50 29997.25
717 194.095 194.11200000000002 -0.004199999999991672 50 29997.5
718 194.13 194.116 0.0016000000000006723 0 29999.25
719 194.13 194.11 0.0031000000000019233 0 29999.25
720 194.2 194.129 0.0063000000000027635 0 29999.25
721 194.25 194.161 0.0086000000000038 0 29999.25
722 194.1 194.162 -0.000799999999998658 50 29999.25
723 194.1 194.162 -0.000799999999998658 50 29999.25
724 194.075 194.15099999999998 -0.010500000000001765 50 29998.0
725 194.05 194.135 -0.0124999999999977 50 29996.75
726 194.03 194.10100000000003 -0.004699999999997526 50 29995.75
727 193.95 194.041 -0.007899999999998129 50 29991.75
728 193.94 194.00900000000001 -0.008199999999997076 50 29991.25
729 194 193.99400000000003 -0.002000000000000945 0 29994.25
730 194.06 193.99600000000004 0.007799999999999155 0 29994.25
731 194.1 194.01000000000002 0.010800000000000672 50 29994.25
732 194.13 194.046 0.008599999999999273 0 29995.75
733 194.19 194.096 0.008400000000002792 0 29995.75
734 194.2 194.136 0.00720000000000312 0 29995.75
735 194.15 194.15400000000002 0.0014000000000057003 50 29995.75
736 194.14 194.162 -0.003999999999994556 50 29995.25
737 194.2 194.17600000000002 -0.00019999999999758557 0 29998.25
738 194.16 194.17000000000002 0.0018000000000001316 50 29998.25
739 194.14 194.15800000000002 -0.0008000000000009458 50 29997.25
740 194.06 194.14000000000001 -0.00879999999999877 50 29993.25
741 194.09 194.13000000000002 -0.005799999999996971 50 29994.75
742 194.07 194.104 -0.0036000000000022537 50 29993.75
743 194.05 194.08200000000002 -0.0010000000000017781 50 29992.75
744 194.1 194.074 0.0002000000000015516 0 29995.25
745 194.06 194.074 0.00040000000000053974 50 29995.25
746 194.03 194.062 -0.0019999999999925967 50 29993.75
747 193.96 194.04000000000002 -0.008999999999996665 50 29990.25
748 194.02 194.03400000000002 -0.0037999999999990155 50 29993.25
749 194.07 194.028 0.0036000000000030786 0 29995.75
750 194.07 194.03 0.00760000000000171 0 29995.75
751 194.06 194.036 0.0024000000000030746 0 29995.75
752 194.15 194.074 0.004600000000004176 0 29995.75
753 194.18 194.10600000000002 0.008400000000004145 0 29995.75
754 194.17 194.12600000000003 0.0072000000000013425 0 29995.75
755 194.24 194.16000000000003 0.005200000000005374 0 29995.75
756 194.19 194.186 0.001999999999997926 0 29995.75
757 194.25 194.20600000000002 0.003800000000002096 0 29995.75
758 194.24 194.21800000000002 0.0011999999999989478 0 29995.75
759 194.29 194.24200000000002 0.00580000000000126 0 29995.75
760 194.24 194.24200000000002 0.00040000000000539685 50 29995.75
761 194.295 194.26300000000003 0.002300000000001452 0 29998.5
762 194.26 194.26500000000004 -0.0007000000000000542 50 29998.5
763 194.28 194.27300000000002 0.0017000000000024305 0 29999.5
764 194.275 194.27000000000004 -0.0007999999999973468 0 29999.5
765 194.25 194.27200000000002 -0.0006999999999969816 50 29999.5
766 194.18 194.24900000000002 -0.006499999999999555 50 29996.0
767 194.25 194.247 -0.0028999999999977126 0 29999.5
768 194.24 194.23900000000003 0.0008000000000027987 0 29999.5
769 194.24 194.23200000000003 0.0034000000000010545 0 29999.5
770 194.31 194.24400000000003 0.003599999999998444 0 29999.5
771 194.24 194.25600000000003 0.001400000000003984 50 29999.5
772 194.18 194.24200000000005 -0.004999999999999825 50 29996.5
773 194.18 194.23000000000005 -0.008999999999994974 50 29996.5
774 194.13 194.20800000000003 -0.006600000000003908 50 29994.0
775 194.12 194.17000000000002 -0.0045999999999984074 50 29993.5
776 194.14 194.15000000000003 -0.002600000000000537 50 29994.5
777 194.14 194.14200000000002 0.0010000000000039767 50 29994.5
778 194.14 194.13400000000001 0.0012000000000035 0 29994.5
779 194.23 194.15400000000002 0.005400000000004117 0 29994.5
780 194.15 194.16000000000003 0.0024000000000063346 50 29994.5
781 194.25 194.18200000000002 0.005000000000003171 0 29999.5
782 194.28 194.21 0.0049999999999982125 0 29999.5
783 194.3 194.24200000000002 0.009600000000003687 50 29999.5
784 194.25 194.246 0.0004000000000003908 0 29997.0
785 194.14 194.244 -0.009400000000002642 50 29997.0
786 194.17 194.228 -0.009999999999996343 50 29998.5
787 194.185 194.209 -0.003299999999999166 50 29999.25
788 194.23 194.195 0.005700000000000893 0 30001.5
789 194.18 194.18100000000004 0.0015000000000057105 50 30001.5
790 194.2 194.193 -9.999999999768758e-05 0 30002.5
791 194.2 194.199 -0.0014000000000000531 0 30002.5
792 194.305 194.223 0.007500000000001424 0 30002.5
793 194.25 194.227 0.00510000000000355 0 30002.5
794 194.33 194.25700000000003 0.006700000000002185 0 30002.5
795 194.33 194.28300000000004 0.0031000000000043584 0 30002.5
796 194.33 194.30900000000005 0.004800000000005688 0 30002.5
797 194.32 194.31200000000004 -0.0006000000000009751 0 30002.5
798 194.34 194.33 0.0003999999999997551 0 30002.5
799 194.29 194.32200000000003 -0.001999999999997772 50 30002.5
800 194.32 194.32000000000002 -0.0009999999999998328 50 30004.0
801 194.3 194.31400000000002 -0.0017999999999984485 50 30003.0
802 194.25 194.3 -0.002799999999999422 50 30000.5
803 194.28 194.288 -0.003400000000001593 50 30002.0
804 194.28 194.286 -0.0006000000000000895 50 30002.0
805 194.22 194.266 -0.0017999999999962306 50 29999.0
806 194.22 194.25 -0.004799999999999397 50 29999.0
807 194.2 194.24 -0.004799999999999358 50 29998.0
808 194.2 194.22400000000002 -0.001599999999993752 50 29998.0
809 194.2 194.22400000000002 -0.001599999999993752 50 29998.0
810 194.245 194.21699999999998 0.0015000000000039008 0 30000.25
811 194.22 194.21699999999998 0.002099999999997841 0 30000.25
812 194.33 194.23900000000003 0.007300000000003981 0 30000.25
813 194.29 194.25700000000003 0.004900000000002679 0 30000.25
814 194.29 194.27500000000003 0.00340000000000567 0 30000.25
815 194.27 194.28000000000003 -0.0035999999999982287 50 30000.25
816 194.31 194.29800000000003 0.0008000000000038232 0 30002.25
817 194.34 194.3 0.0038000000000010504 0 30002.25
818 194.34 194.31 0.004799999999997803 0 30002.25
819 194.42 194.336 0.006600000000000764 0 30002.25
820 194.47 194.37600000000003 0.009399999999999815 50 30002.25
821 194.52 194.418 0.01180000000000366 100 30004.75
822 194.59 194.46800000000002 0.011200000000002517 150 30011.75
823 194.52 194.50400000000002 0.004400000000000756 0 30001.25
824 194.5 194.52 -0.002599999999997708 50 30001.25
825 194.51 194.52800000000002 -0.005200000000000929 50 30001.75
826 194.5 194.52400000000003 -0.0009999999999944838 50 30001.25
827 194.53 194.512 0.0016000000000019584 0 30002.75
828 194.48 194.50400000000002 -0.0011999999999966092 50 30002.75
829 194.47 194.49800000000002 -0.0027999999999984222 50 30002.25
830 194.52 194.5 -0.000799999999995168 0 30004.75
831 194.48 194.49600000000004 0.0010000000000010129 50 30004.75
832 194.48 194.48600000000005 -0.00019999999999702358 50 30004.75
833 194.49 194.488 -0.001799999999995773 0 30005.25
834 194.54 194.502 0.003800000000003646 0 30005.25
835 194.59 194.51600000000002 0.007600000000003593 0 30005.25
836 194.6 194.54000000000002 0.007600000000000065 0 30005.25
837 194.575 194.559 0.002299999999997513 0 30005.25
838 194.61 194.583 0.00069999999999771 0 30005.25
839 194.6 194.59500000000003 0.0007000000000000867 0 30005.25
840 194.64 194.60500000000002 0.0036999999999996268 0 30005.25
841 194.75 194.635 0.009199999999999429 50 30005.25
842 194.73 194.66600000000003 0.010000000000003683 100 30004.25
843 194.74 194.692 0.005600000000002992 0 30005.25
844 194.7 194.712 -0.0027999999999977127 50 30005.25
845 194.7 194.724 -0.0026000000000009414 50 30005.25
846 194.66 194.70600000000002 -0.004799999999997664 50 30003.25
847 194.63 194.68599999999998 -0.004999999999995375 50 30001.75
848 194.59 194.656 -0.007199999999996953 50 29999.75
849 194.59 194.63400000000001 -0.004999999999995717 50 29999.75
850 194.46 194.586 -0.010199999999997761 50 29993.25
851 194.45 194.54400000000004 -0.010999999999996008 50 29992.75
852 194.47 194.512 -0.007399999999999716 50 29993.75
853 194.445 194.483 -0.0004999999999974462 50 29992.5
854 194.47 194.45900000000003 0.0007000000000052414 0 29993.75
855 194.47 194.461 0.0005000000000046119 0 29993.75
856 194.49 194.46900000000002 0.002699999999998632 0 29993.75
857 194.51 194.47700000000003 0.002800000000002376 0 29993.75
858 194.5 194.48800000000003 0.002200000000001266 0 29993.75
859 194.47 194.488 -0.0013999999999951757 50 29993.75
860 194.44 194.48200000000003 -0.004799999999993582 50 29992.25
861 194.39 194.462 -0.007200000000001556 50 29989.75
862 194.445 194.449 -0.002499999999999094 50 29992.5
863 194.41 194.431 -0.0006999999999977638 50 29990.75
864 194.4 194.417 -9.999999999167343e-05 50 29990.25
865 194.37 194.403 -0.004699999999998318 50 29988.75
866 194.34 194.393 -0.004799999999999796 50 29987.25
867 194.35 194.374 -0.0035999999999995584 50 29987.75
868 194.3 194.35200000000003 -0.003999999999993209 50 29985.25
869 194.28 194.328 -0.00459999999999765 50 29984.25
870 194.34 194.322 -0.0009999999999980242 0 29987.25
871 194.36 194.32600000000002 0.004800000000000343 0 29987.25
872 194.36 194.32800000000003 0.005200000000003663 0 29987.25
873 194.39 194.346 0.003000000000002217 0 29987.25
874 194.38 194.366 0.0018000000000018969 0 29987.25
875 194.41 194.38000000000002 0.0028000000000026025 0 29987.25
876 194.42 194.392 0.0024000000000041475 0 29987.25
877 194.45 194.41000000000003 0.00440000000000074 0 29987.25
878 194.44 194.42000000000002 0.0024000000000011902 0 29987.25
879 194.455 194.435 0.0019000000000053106 0 29987.25
880 194.45 194.44299999999998 0.0002999999999986083 0 29987.25
881 194.4 194.43900000000002 -0.0025000000000008327 50 29987.25
882 194.43 194.435 -0.0024999999999974513 50 29988.75
883 194.405 194.428 -0.0020999999999943273 50 29987.5
884 194.425 194.42200000000003 0.0010000000000055175 0 29988.5
885 194.32 194.39600000000002 -0.006199999999996302 50 29988.5
886 194.325 194.38100000000003 -0.006899999999995307 50 29988.75
887 194.31 194.357 -0.0068000000000003466 50 29988.0
888 194.26 194.328 -0.003899999999998716 50 29985.5
889 194.25 194.293 -0.005499999999995041 50 29985.0
890 194.195 194.268 -0.007100000000000267 50 29982.25
891 194.25 194.253 -0.0016999999999984543 50 29985.0
892 194.21 194.233 -0.0012999999999969627 50 29983.0
893 194.22 194.225 0.0007000000000007001 50 29983.5
894 194.18 194.211 -0.003999999999997169 50 29981.5
895 194.18 194.20800000000003 -0.0025999999999979082 50 29981.5
896 194.23 194.20400000000004 0.0006000000000014149 0 29984.0
897 194.24 194.21000000000004 0.004600000000004059 0 29984.0
898 194.26 194.21800000000002 0.005000000000000804 0 29984.0
899 194.21 194.22400000000005 -0.0008000000000002579 50 29984.0
900 194.21 194.22400000000005 -0.0008000000000002579 50 29984.0
901 194.06 194.20000000000005 -0.011799999999998447 50 29976.5
902 194.15 194.18400000000005 -0.009599999999992965 50 29981.0
903 194.07 194.15000000000003 -0.006599999999997277 50 29977.0
904 194.14 194.126 0.0032000000000032935 0 29980.5
905 194.24 194.13200000000003 0.0068000000000015695 0 29980.5
906 194.23 194.16600000000003 0.0116000000000016 50 29980.5
907 194.245 194.185 0.006100000000006504 0 29981.25
908 194.24 194.21900000000005 0.0002999999999969352 0 29981.25
909 194.25 194.241 0.0011000000000027767 0 29981.25
910 194.28 194.249 0.002300000000000014 0 29981.25
911 194.42 194.28699999999998 0.011399999999997747 50 29981.25
912 194.41 194.32 0.01240000000000348 100 29980.75
913 194.39 194.35000000000002 0.00639999999999957 0 29978.75
914 194.32 194.364 -0.0063999999999995545 50 29978.75
915 194.38 194.38400000000001 -0.0031999999999965754 50 29981.75
916 194.43 194.386 0.0036000000000043185 0 29984.25
917 194.395 194.38300000000004 0.005500000000001073 0 29984.25
918 194.37 194.379 -0.0013000000000005134 50 29984.25
919 194.34 194.383 -0.005900000000001113 50 29982.75
920 194.37 194.381 -0.0020999999999980925 50 29984.25
921 194.305 194.356 -0.0032999999999958752 50 29981.0
922 194.37 194.35100000000003 0.0005000000000025364 0 29984.25
923 194.37 194.351 0.0013000000000017533 0 29984.25
924 194.39 194.361 0.005099999999998712 0 29984.25
925 194.4 194.36700000000002 0.0021999999999992633 0 29984.25
926 194.48 194.402 0.006799999999998292 0 29984.25
927 194.44 194.41600000000003 0.004600000000008596 0 29984.25
928 194.39 194.42000000000002 -0.0013999999999985985 50 29984.25
929 194.39 194.42000000000002 -0.006399999999998746 50 29984.25
930 194.19 194.37800000000001 -0.01500000000000097 50 29974.25
931 194.26 194.334 -0.011799999999992788 50 29977.75
932 194.26 194.298 -0.00639999999999452 50 29977.75
933 194.32 194.28400000000002 0.007800000000004129 0 29980.75
934 194.22 194.25 -0.0011999999999993945 50 29980.75
935 194.13 194.238 -0.009799999999996485 50 29976.25
936 194.17 194.22 -0.010799999999996392 50 29978.25
937 194.12 194.192 -0.005199999999997051 50 29975.75
938 194.07 194.142 -0.004599999999998599 50 29973.25
939 193.9 194.078 -0.01720000000000105 50 29964.75
940 193.95 194.042 -0.01359999999999892 50 29967.25
941 193.97 194.002 -0.004999999999996428 50 29968.25
942 193.99 193.976 0.005800000000003004 0 29969.25
943 194.01 193.964 0.003999999999999182 0 29969.25
944 193.95 193.974 -0.0008000000000002258 50 29969.25
945 193.97 193.978 -0.002399999999997336 50 29970.25
946 193.92 193.968 -0.004999999999998699 50 29967.75
947 193.82 193.934 -0.008799999999992418 50 29962.75
948 193.88 193.90800000000002 -0.007400000000000771 50 29965.75
949 193.775 193.87300000000002 -0.007499999999996522 50 29960.5
950 193.64 193.80700000000002 -0.01289999999999286 50 29953.75
951 193.75 193.77300000000002 -0.010499999999998514 50 29959.25
952 193.77 193.76300000000003 0.0019000000000037064 0 29960.25
953 193.77 193.76300000000003 0.0019000000000037064 0 29960.25
954 193.77 193.74100000000004 0.008200000000004221 0 29960.25
955 193.83 193.752 0.004800000000001458 0 29960.25
956 193.79 193.782 0.0024000000000052044 0 29960.25
957 193.69 193.77 -0.005600000000001984 50 29960.25
958 193.68 193.752 -0.010999999999997246 50 29959.75
959 193.94 193.786 0.008800000000000315 0 29972.75
570 192.83 192.808 -0.03872727272726919 0 30000.0
571 192.9 192.824 -0.03690909090909969 0 30000.0
572 192.3 192.72000000000003 -0.05951515151514626 50 30000.0
573 192.29 192.61 -0.06842424242424025 50 29999.5
574 192.89 192.64200000000002 -0.03872727272726163 0 30029.5
575 193.1 192.69600000000003 -0.005818181818184242 0 30029.5
576 193.22 192.76000000000002 0.02424242424242243 50 30029.5
577 193.3 192.96 0.05381818181818988 100 30033.5
578 193.46 193.19400000000002 0.08763636363635612 150 30049.5
579 193.27 193.27 0.09624242424242525 200 30021.0
580 193.79 193.40800000000002 0.1333333333333283 250 30125.0
581 194 193.56400000000002 0.17490909090908988 300 30177.5
582 193.85 193.67400000000004 0.15496969696970225 350 30132.5
583 193.73 193.72800000000004 0.10903030303030412 400 30090.5
584 193.88 193.85000000000002 0.09381818181818065 450 30150.5
585 194.03 193.89800000000002 0.08878787878787127 500 30218.0
586 193.75 193.848 0.06521212121212852 500 30078.0
587 193.92 193.862 0.0498181818181936 550 30163.0
588 194.18 193.95200000000003 0.05175757575757362 600 30306.0
589 194.16 194.008 0.03121212121213248 650 30294.0
590 194.21 194.044 0.037272727272736283 700 30326.5
591 194.12 194.11800000000002 0.047333333333334594 750 30263.5
592 194.17 194.16800000000003 0.04866666666666667 800 30301.0
593 194.44 194.22000000000003 0.05284848484848061 850 30517.0
594 194.51 194.29000000000002 0.062242424242435035 900 30576.5
595 194.74 194.39600000000004 0.08654545454546084 950 30783.5
596 194.56 194.484 0.07375757575757855 1000 30612.5
597 194.59 194.56800000000004 0.06412121212121046 1050 30642.5
598 194.53 194.586 0.06042424242425012 1050 30579.5
599 194.62 194.60800000000003 0.05606060606060009 1100 30674.0
600 194.58 194.57600000000002 0.04727272727272161 1150 30630.0
601 194.74 194.61200000000002 0.03672727272728728 1200 30814.0
602 194.6 194.61400000000003 0.014363636363646891 1200 30646.0
603 194.43 194.59400000000002 -0.004484848484838656 1250 30442.0
604 194.54 194.57800000000003 -0.012545454545467318 1300 30579.5
605 194.53 194.56800000000004 -0.006181818181819103 1350 30566.5
606 194.62 194.544 -0.004363636363633356 0 30688.0
607 194.61 194.54600000000002 -0.0018181818181739842 0 30688.0
608 194.65 194.59000000000003 -0.001333333333343441 0 30688.0
609 194.59 194.60000000000002 0.00042424242424668186 50 30688.0
610 194.39 194.572 -0.01103030303028802 50 30678.0
611 194.41 194.53000000000003 -0.00842424242424614 50 30679.0
612 194.34 194.476 -0.01496969696969094 50 30675.5
613 194.3 194.40600000000003 -0.03187878787878604 50 30673.5
614 194.36 194.36000000000004 -0.036606060606056 50 30676.5
615 194.33 194.34800000000004 -0.04145454545453938 50 30675.0
616 194.29 194.32400000000004 -0.0400606060606068 50 30673.0
617 194.17 194.29000000000002 -0.04187878787878387 50 30667.0
618 194.27 194.28400000000002 -0.03024242424243029 50 30672.0
619 194.31 194.27400000000003 -0.015818181818179962 0 30674.0
620 194.32 194.27200000000002 -0.010787878787874672 0 30674.0
621 194.25 194.264 -0.0073939393939320315 50 30674.0
622 194.4 194.31 0.0014545454545520195 0 30681.5
623 194.435 194.343 0.008818181818181503 0 30681.5
624 194.52 194.385 0.023181818181810403 50 30681.5
625 194.48 194.41700000000003 0.03142424242424506 100 30679.5
626 194.44 194.455 0.033000000000004075 100 30675.5
627 194.44 194.463 0.024757575757572422 100 30675.5
628 194.66 194.50800000000004 0.03190909090909875 150 30697.5
629 194.54 194.512 0.03045454545454923 200 30679.5
630 194.52 194.52 0.02578787878787385 250 30675.5
631 194.56 194.544 0.016212121212125005 300 30685.5
632 194.59 194.574 0.01451515151515341 350 30694.5
633 194.74 194.59000000000003 0.02103030303029933 400 30747.0
634 194.78 194.63800000000003 0.031696969696975275 450 30763.0
635 194.82 194.69800000000004 0.03872727272727777 500 30781.0
636 194.695 194.725 0.032151515151519934 500 30718.5
637 194.835 194.77400000000003 0.030121212121227273 550 30788.5
638 194.84 194.79400000000004 0.03824242424243018 600 30791.25
639 194.78 194.79400000000004 0.03290909090909609 600 30755.25
640 194.89 194.80800000000002 0.029333333333335702 650 30821.249999999985
641 194.91 194.851 0.025030303030309623 700 30834.25
642 194.73 194.83 0.00866666666667438 750 30708.25
643 194.66 194.79399999999998 -0.0032121212121132385 800 30655.75
644 194.71 194.78000000000003 -0.008727272727265506 850 30695.75
645 194.58 194.71800000000002 -0.017818181818174253 900 30585.25
646 194.7 194.67600000000002 -0.025787878787870467 0 30693.25
647 194.66 194.66200000000003 -0.026666666666665544 50 30693.25
648 194.72 194.67400000000004 -0.021818181818185938 0 30696.25
649 194.59 194.65 -0.0266060606060537 50 30696.25
650 194.64 194.662 -0.01903030303029916 50 30698.75
651 194.7 194.662 -0.003818181818178995 0 30701.75
652 194.735 194.67700000000002 0.0038484848484957325 0 30701.75
653 194.75 194.683 0.007606060606071052 0 30701.75
654 194.68 194.701 0.009787878787884296 0 30701.75
655 194.65 194.70300000000003 0.002030303030297229 50 30701.75
656 194.71 194.70500000000004 0.004696969696968734 0 30704.75
657 194.55 194.66800000000003 -0.004151515151497398 50 30704.75
658 194.63 194.644 -0.0033030303030247175 50 30708.75
659 194.65 194.63800000000003 -0.008939393939395052 0 30709.75
660 194.59 194.62600000000003 -0.015242424242421419 50 30709.75
661 194.58 194.60000000000002 -0.017484848484845345 50 30709.25
662 194.65 194.62000000000003 -0.012121212121214333 0 30712.75
663 194.67 194.62800000000001 -0.0036363636363701745 0 30712.75
664 194.63 194.62400000000002 -0.0010303030303011342 0 30712.75
665 194.555 194.61700000000002 -0.0039090909090900945 50 30712.75
666 194.44 194.58900000000003 -0.007909090909080993 50 30707.0
667 194.51 194.56099999999998 -0.015484848484848534 50 30710.5
668 194.53 194.53300000000002 -0.016151515151503863 50 30711.5
669 194.55 194.51700000000002 -0.013181818181816832 0 30712.5
670 194.57 194.52000000000004 -0.011909090909092788 0 30712.5
671 194.59 194.55 -0.009969696969703222 0 30712.5
672 194.57 194.562 -0.004575757575755779 0 30712.5
673 194.48 194.55200000000002 -0.001787878787875811 50 30712.5
674 194.54 194.55 0.00390909090910183 50 30715.5
675 194.57 194.55 0.007333333333332289 0 30717.0
676 194.51 194.534 -0.0003636363636451977 50 30717.0
677 194.55 194.53 -0.002060606060608203 0 30719.0
678 194.56 194.54600000000002 -0.0023636363636302606 0 30719.0
679 194.43 194.524 -0.008787878787874136 50 30719.0
680 194.44 194.49800000000002 -0.011878787878796909 50 30719.5
681 194.49 194.494 -0.00933333333332684 50 30722.0
682 194.455 194.47500000000002 -0.008818181818184254 50 30720.25
683 194.38 194.439 -0.016999999999982085 50 30716.5
684 194.17 194.387 -0.03142424242423435 50 30706.0
685 194.17 194.33300000000003 -0.03936363636363507 50 30706.0
686 194.165 194.268 -0.04672727272727399 50 30705.75
687 194.08 194.193 -0.05187878787878918 50 30701.5
688 194.15 194.14700000000002 -0.04684848484849047 0 30705.0
689 194.15 194.14300000000003 -0.04551515151514458 0 30705.0
690 194.275 194.16400000000004 -0.033303030303027774 0 30705.0
691 194.24 194.17900000000003 -0.01766666666665577 0 30705.0
692 194.35 194.23300000000003 0.004666666666674061 0 30705.0
693 194.29 194.26100000000002 0.02000000000000252 50 30705.0
694 194.31 194.293 0.023515151515167924 100 30706.0
695 194.28 194.294 0.02369696969698313 100 30703.0
696 194.29 194.304 0.022757575757570165 100 30704.0
697 194.33 194.3 0.016818181818186482 150 30708.000000000004
698 194.28 194.298 0.009787878787878592 150 30700.5
699 194.265 194.28900000000002 0.0003636363636358373 200 30698.25
700 194.35 194.30300000000003 0.0025151515151499906 0 30715.25
701 194.4 194.32500000000002 0.0041515151515256095 0 30715.25
702 194.41 194.341 0.011727272727279284 50 30715.25
703 194.32 194.34900000000002 0.009666666666664417 50 30710.75
704 194.365 194.36900000000003 0.011030303030312992 50 30713.0
705 194.36 194.37100000000004 0.009454545454553317 50 30712.75
706 194.38 194.36700000000002 0.008666666666671985 0 30713.75
707 194.43 194.371 0.012181818181823326 50 30713.75
708 194.435 194.394 0.011424242424242198 100 30714.0
709 194.47 194.41500000000002 0.009696969696965265 150 30717.5
710 194.38 194.419 0.006242424242430348 200 30704.0
711 194.33 194.40900000000002 0.0030303030303212974 250 30694.0
712 194.27 194.37700000000004 -0.0019393939393877841 300 30679.0
713 194.11 194.31200000000004 -0.0199393939393867 350 30631.0
714 194.16 194.25000000000003 -0.02966666666666651 400 30648.5
715 194.105 194.19500000000002 -0.04024242424242121 450 30626.5
716 194.09 194.14700000000002 -0.04721212121211957 500 30619.75
717 194.095 194.11200000000002 -0.047060606060618064 550 30622.25
718 194.13 194.116 -0.040606060606057516 0 30641.5
719 194.13 194.11 -0.02812121212122162 0 30641.5
720 194.2 194.129 -0.013696969696972473 0 30641.5
721 194.25 194.161 0.002303030303030616 0 30641.5
722 194.1 194.162 0.0070909090909128105 50 30641.5
723 194.1 194.162 0.0070909090909128105 50 30641.5
724 194.075 194.15099999999998 0.001909090909089536 50 30640.25
725 194.05 194.135 -0.0008787878787801547 50 30639.0
726 194.03 194.10100000000003 -0.007090909090903972 50 30638.0
727 193.95 194.041 -0.017757575757578133 50 30634.0
728 193.94 194.00900000000001 -0.026939393939392188 50 30633.5
729 194 193.99400000000003 -0.02863636363635828 0 30636.5
730 194.06 193.99600000000004 -0.02548484848484615 0 30636.5
731 194.1 194.01000000000002 -0.014636363636357909 0 30636.5
732 194.13 194.046 0.0023939393939372182 0 30636.5
733 194.19 194.096 0.014151515151514677 50 30636.5
734 194.2 194.136 0.023696969696962177 100 30637.0
735 194.15 194.15400000000002 0.02733333333333111 100 30632.0
736 194.14 194.162 0.02787878787877924 100 30631.0
737 194.2 194.17600000000002 0.025030303030298427 150 30637.0
738 194.16 194.17000000000002 0.016303030303023658 150 30631.0
739 194.14 194.15800000000002 0.00781818181817575 200 30628.0
740 194.06 194.14000000000001 -0.0027272727272717066 250 30612.0
741 194.09 194.13000000000002 -0.008969696969695618 300 30619.5
742 194.07 194.104 -0.014181818181813329 350 30613.5
743 194.05 194.08200000000002 -0.015757575757572626 400 30606.5
744 194.1 194.074 -0.012242424242429027 0 30626.5
745 194.06 194.074 -0.013030303030307985 50 30626.5
746 194.03 194.062 -0.015030303030304386 50 30625.0
747 193.96 194.04000000000002 -0.015515151515145828 50 30621.5
748 194.02 194.03400000000002 -0.012484848484846038 50 30624.5
749 194.07 194.028 -0.006363636363642887 0 30627.0
750 194.07 194.03 -0.00472727272726837 0 30627.0
751 194.06 194.036 -0.001757575757583808 0 30627.0
752 194.15 194.074 0.005151515151511389 0 30627.0
753 194.18 194.10600000000002 0.011393939393938074 50 30627.0
754 194.17 194.12600000000003 0.018848484848483966 100 30626.5
755 194.24 194.16000000000003 0.026606060606060276 150 30633.5
756 194.19 194.186 0.0274545454545406 200 30626.0
757 194.25 194.20600000000002 0.024969696969703817 250 30638.0
758 194.24 194.21800000000002 0.022424242424246045 300 30635.5
759 194.29 194.24200000000002 0.023272727272735102 350 30650.5
760 194.24 194.24200000000002 0.01872727272729303 350 30633.0
761 194.295 194.26300000000003 0.014454545454555235 400 30652.25
762 194.26 194.26500000000004 0.011424242424234938 400 30638.25
763 194.28 194.27300000000002 0.010151515151524975 450 30646.25
764 194.275 194.27000000000004 0.0067272727272683795 0 30644.0
765 194.25 194.27200000000002 0.005333333333334982 50 30644.0
766 194.18 194.24900000000002 -0.0033333333333412053 50 30640.5
767 194.25 194.247 -0.004060606060595631 0 30644.0
768 194.24 194.23900000000003 -0.005999999999994596 0 30644.0
769 194.24 194.23200000000003 -0.004606060606048325 0 30644.0
770 194.31 194.24400000000003 -0.0021212121211996175 0 30644.0
771 194.24 194.25600000000003 -0.0006363636363670468 50 30644.0
772 194.18 194.24200000000005 -0.004090909090905428 50 30641.0
773 194.18 194.23000000000005 -0.005242424242418424 50 30641.0
774 194.13 194.20800000000003 -0.008242424242411825 50 30638.5
775 194.12 194.17000000000002 -0.01169696969696021 50 30638.0
776 194.14 194.15000000000003 -0.01715151515150933 50 30639.0
777 194.14 194.14200000000002 -0.01745454545453063 50 30639.0
778 194.14 194.13400000000001 -0.017090909090907783 0 30639.0
779 194.23 194.15400000000002 -0.010606060606059604 0 30639.0
780 194.15 194.16000000000003 -0.003696969696964444 50 30639.0
781 194.25 194.18200000000002 0.005939393939380921 0 30644.0
782 194.28 194.21 0.013090909090913462 50 30644.0
783 194.3 194.24200000000002 0.020121212121210184 100 30645.0
784 194.25 194.246 0.019636363636362435 150 30640.0
785 194.14 194.244 0.011030303030302864 150 30623.499999999996
786 194.17 194.228 0.005151515151515673 200 30628.0
787 194.185 194.209 -0.0002727272727207535 250 30631.0
788 194.23 194.195 -0.0037878787878799173 0 30642.25
789 194.18 194.18100000000004 -0.005121212121213045 50 30642.25
790 194.2 194.193 -0.010090909090901618 0 30643.25
791 194.2 194.199 -0.00900000000000366 0 30643.25
792 194.305 194.223 0.00042424242424425753 0 30643.25
793 194.25 194.227 0.007878787878791323 0 30643.25
794 194.33 194.25700000000003 0.016969696969697277 50 30643.25
795 194.33 194.28300000000004 0.017757575757575462 100 30643.25
796 194.33 194.30900000000005 0.01824242424243017 150 30643.250000000004
797 194.32 194.31200000000004 0.01724242424242377 200 30641.75
798 194.34 194.33 0.018696969696972716 250 30645.75
799 194.29 194.32200000000003 0.012757575757572378 250 30633.25
800 194.32 194.32000000000002 0.008454545454550735 300 30640.75
801 194.3 194.31400000000002 0.0016060606060760464 350 30634.75
802 194.25 194.3 -0.0021818181818079683 400 30617.25
803 194.28 194.288 -0.007333333333330463 450 30629.25
804 194.28 194.286 -0.007515151515147033 500 30629.25
805 194.22 194.266 -0.010363636363638207 550 30599.25
806 194.22 194.25 -0.011878787878784833 600 30599.25
807 194.2 194.24 -0.013818181818185414 650 30587.249999999985
808 194.2 194.22400000000002 -0.012969696969694407 700 30587.25
809 194.2 194.22400000000002 -0.012969696969694407 750 30587.25
810 194.245 194.21699999999998 -0.011303030303027631 0 30621.0
811 194.22 194.21699999999998 -0.008454545454535204 0 30621.0
812 194.33 194.23900000000003 0.0002727272727452333 0 30621.0
813 194.29 194.25700000000003 0.0031212121212158862 0 30621.0
814 194.29 194.27500000000003 0.007484848484847047 0 30621.0
815 194.27 194.28000000000003 0.01063636363635699 0 30621.0
816 194.31 194.29800000000003 0.012090909090912667 50 30621.0
817 194.34 194.3 0.014090909090913713 100 30622.5
818 194.34 194.31 0.013303030303035073 150 30622.5
819 194.42 194.336 0.015181818181821117 200 30634.5
820 194.47 194.37600000000003 0.02012121212120654 250 30644.5
821 194.52 194.418 0.023393939393941347 300 30657.0
822 194.59 194.46800000000002 0.034181818181820436 350 30678.0
823 194.52 194.50400000000002 0.03533333333334068 400 30653.5
824 194.5 194.52 0.032606060606067924 400 30645.5
825 194.51 194.52800000000002 0.026545454545466758 400 30649.5
826 194.5 194.52400000000003 0.019696969696977127 400 30645.5
827 194.53 194.512 0.014181818181815959 450 30657.5
828 194.48 194.50400000000002 0.003636363636371692 500 30635.0
829 194.47 194.49800000000002 -0.0038181818181757805 550 30630.0
830 194.52 194.5 -0.005818181818185817 0 30657.5
831 194.48 194.49600000000004 -0.007272727272730091 50 30657.5
832 194.48 194.48600000000005 -0.0035757575757647793 50 30657.5
833 194.49 194.488 -0.002666666666666065 0 30658.0
834 194.54 194.502 8.123207893825112e-15 0 30658.0
835 194.59 194.51600000000002 0.005575757575759178 0 30658.0
836 194.6 194.54000000000002 0.010060606060609998 50 30658.0
837 194.575 194.559 0.013969696969699819 100 30656.75
838 194.61 194.583 0.015909090909098315 150 30660.250000000004
839 194.6 194.59500000000003 0.015060606060609391 200 30658.75
840 194.64 194.60500000000002 0.018151515151517993 250 30666.75
841 194.75 194.635 0.02312121212121314 300 30694.25
842 194.73 194.66600000000003 0.02372727272727781 350 30688.25
843 194.74 194.692 0.022515151515154964 400 30691.75
844 194.7 194.712 0.01942424242424519 400 30675.75
845 194.7 194.724 0.01772727272727298 400 30675.75
846 194.66 194.70600000000002 0.013181818181828432 400 30659.75
847 194.63 194.68599999999998 0.004606060606067365 450 30647.75
848 194.59 194.656 -0.004484848484837984 500 30629.75
849 194.59 194.63400000000001 -0.01399999999999548 550 30629.75
850 194.46 194.586 -0.027818181818185645 600 30558.25
851 194.45 194.54400000000004 -0.03266666666666825 650 30552.249999999985
852 194.47 194.512 -0.03412121212121116 700 30565.25
853 194.445 194.483 -0.0331212121212133 750 30547.75
854 194.47 194.45900000000003 -0.029848484848477654 0 30566.5
855 194.47 194.461 -0.02378787878787875 0 30566.5
856 194.49 194.46900000000002 -0.016515151515146192 0 30566.5
857 194.51 194.47700000000003 -0.008090909090908845 0 30566.5
858 194.5 194.48800000000003 -0.001424242424244204 0 30566.5
859 194.47 194.488 0.004696969696964383 50 30566.5
860 194.44 194.48200000000003 0.0019696969696970518 50 30565.0
861 194.39 194.462 -0.003909090909086285 50 30562.5
862 194.445 194.449 -0.004727272727261154 50 30565.25
863 194.41 194.431 -0.0088181818181832 50 30563.5
864 194.4 194.417 -0.01136363636364387 50 30563.0
865 194.37 194.403 -0.014696969696964664 50 30561.5
866 194.34 194.393 -0.01712121212120359 50 30560.0
867 194.35 194.374 -0.01584848484848709 50 30560.5
868 194.3 194.35200000000003 -0.016030303030295064 50 30558.0
869 194.28 194.328 -0.016878787878789568 50 30557.0
870 194.34 194.322 -0.0141515151515062 0 30560.0
871 194.36 194.32600000000002 -0.01245454545454348 0 30560.0
872 194.36 194.32800000000003 -0.006727272727271412 0 30560.0
873 194.39 194.346 -0.0006666666666678368 0 30560.0
874 194.38 194.366 0.004424242424247922 0 30560.0
875 194.41 194.38000000000002 0.00939393939392254 50 30560.0
876 194.42 194.392 0.012424242424238788 100 30560.5
877 194.45 194.41000000000003 0.016787878787883913 150 30563.5
878 194.44 194.42000000000002 0.016060606060610504 200 30562.0
879 194.455 194.435 0.013121212121213458 250 30565.0
880 194.45 194.44299999999998 0.011787878787886081 300 30563.75
881 194.4 194.43900000000002 0.007727272727279392 350 30548.75
882 194.43 194.435 0.004818181818189156 400 30559.25
883 194.405 194.428 0.0016969696969736379 450 30549.25
884 194.425 194.42200000000003 -0.0011818181818135272 0 30558.25
885 194.425 194.42200000000003 -0.0011818181818135272 0 30558.25
886 194.325 194.39700000000002 -0.00806060606060704 50 30558.25
887 194.31 194.379 -0.014060606060605904 50 30557.5
888 194.26 194.345 -0.019454545454544166 50 30555.0
889 194.25 194.314 -0.023757575757582184 50 30554.5
890 194.195 194.268 -0.027757575757581494 50 30551.75
891 194.25 194.253 -0.025939393939393582 50 30554.5
892 194.21 194.233 -0.02721212121212229 50 30552.5
893 194.22 194.225 -0.023636363636360506 50 30553.0
894 194.18 194.211 -0.021363636363640484 50 30551.0
895 194.18 194.20800000000003 -0.015030303030298496 50 30551.0
896 194.23 194.20400000000004 -0.009666666666651348 0 30553.5
897 194.24 194.21000000000004 -0.0036060606060581857 0 30553.5
898 194.26 194.21800000000002 0.0010606060606128632 0 30553.5
899 194.21 194.22400000000005 0.0023333333333517615 50 30553.5
900 194.13 194.21400000000003 -0.0039393939394015455 50 30549.5
901 194.06 194.18000000000004 -0.009575757575755375 50 30546.0
902 194.15 194.16200000000003 -0.010666666666668295 50 30550.5
903 194.07 194.12400000000002 -0.014727272727272329 50 30546.5
904 194.14 194.11 -0.015818181818187622 0 30550.0
905 194.24 194.13200000000003 -0.010969696969697906 0 30550.0
906 194.23 194.16600000000003 -0.004060606060605703 0 30550.0
907 194.245 194.185 0.004333333333327395 0 30550.0
908 194.24 194.21900000000005 0.013727272727270767 50 30550.0
909 194.25 194.241 0.020575757575762115 100 30550.5
910 194.28 194.249 0.023242424242427288 150 30553.5
911 194.42 194.28699999999998 0.027060606060610146 200 30574.5
912 194.41 194.32 0.03196969696969024 250 30572.5
913 194.39 194.35000000000002 0.027303030303025763 300 30567.499999999993
914 194.32 194.364 0.0196060606060666 300 30546.5
915 194.38 194.38400000000001 0.019666666666671245 300 30564.5
916 194.43 194.386 0.02009090909090588 350 30579.5
917 194.395 194.38300000000004 0.01718181818183129 400 30567.25
918 194.37 194.379 0.010757575757593901 400 30557.25
919 194.34 194.383 0.0017878787878880182 450 30545.25
920 194.37 194.381 -0.004636363636357109 500 30558.75
921 194.305 194.356 -0.0063636363636328875 550 30526.25
922 194.37 194.35100000000003 -0.0038181818181765013 0 30562.0
923 194.37 194.351 -0.002121212121206753 0 30562.0
924 194.39 194.361 -0.003757575757565215 0 30562.0
925 194.4 194.36700000000002 -0.00169696969696589 0 30562.0
926 194.48 194.402 0.007818181818178324 0 30562.0
927 194.44 194.41600000000003 0.01221212121212384 50 30562.0
928 194.39 194.42000000000002 0.011666666666653813 50 30559.5
929 194.39 194.42000000000002 0.008878787878777388 50 30559.5
930 194.19 194.37800000000001 -0.0034242424242398916 50 30549.5
931 194.26 194.334 -0.014060606060600486 50 30553.0
932 194.26 194.298 -0.019818181818183372 50 30553.0
933 194.32 194.28400000000002 -0.020969696969694085 0 30556.0
934 194.22 194.25 -0.025636363636348018 50 30556.0
935 194.13 194.238 -0.03248484848484305 50 30551.5
936 194.17 194.22 -0.02854545454545981 50 30553.5
937 194.12 194.192 -0.02624242424242316 50 30551.0
938 194.07 194.142 -0.02612121212121016 50 30548.5
939 193.9 194.078 -0.03139393939393106 50 30540.0
940 193.95 194.042 -0.04133333333333318 50 30542.5
941 193.97 194.002 -0.04260606060605874 50 30543.5
942 193.99 193.976 -0.03927272727272479 0 30544.5
943 194.01 193.964 -0.027575757575751612 0 30544.5
944 193.95 193.974 -0.02206060606060551 50 30544.5
945 193.97 193.978 -0.01818181818180282 50 30545.5
946 193.92 193.968 -0.012424242424236214 50 30543.0
947 193.82 193.934 -0.012424242424243183 50 30538.0
948 193.88 193.90800000000002 -0.008848484848473257 50 30541.0
949 193.775 193.87300000000002 -0.02003030303029399 50 30535.75
950 193.64 193.80700000000002 -0.033727272727278566 50 30529.0
951 193.75 193.77300000000002 -0.036333333333339816 50 30534.5
952 193.77 193.76300000000003 -0.033848484848488264 0 30535.5
953 193.79 193.74500000000003 -0.02627272727270887 0 30535.5
954 193.77 193.74400000000003 -0.021121212121219576 0 30535.5
955 193.77 193.74400000000003 -0.021121212121219576 0 30535.5
956 193.79 193.77400000000003 -0.011363636363625055 0 30535.5
957 193.69 193.762 -0.00821212121212204 50 30535.5
958 193.68 193.74400000000003 -0.009484848484852242 50 30535.0
959 193.94 193.774 0.009121212121212299 100 30548.0
