time-hour stock-price avg-price-5-min regression coef number-of-stocks portfolio-value 570 191.97 190.444 0.11550000000000075 0 30000.0
571 192.305 190.91000000000003 0.17100000000000504 0 30000.0
572 191.96 191.288 0.11590000000000243 0 30000.0
573 192.45 191.76500000000001 0.021900000000003857 0 30000.0
574 192.63 192.26300000000003 0.029300000000002074 0 30000.0
575 192.23 192.31500000000003 0.01980000000000196 50 30000.0
576 192.17 192.288 -0.024799999999998053 50 29997.0
577 192.22 192.34000000000003 -0.025800000000000635 50 29999.5
578 192.23 192.29600000000002 0.001000000000007965 50 30000.0
579 192.09 192.188 -0.004599999999999767 50 29993.0
580 192.35 192.21200000000002 0.005000000000004487 0 30006.0
581 192.69 192.31600000000003 0.03280000000000225 0 30006.0
582 192.51 192.37400000000002 0.03200000000000422 0 30006.0
583 192.65 192.45800000000003 0.014400000000006758 0 30006.0
584 192.77 192.59400000000002 0.007600000000000331 0 30006.0
585 192.83 192.69000000000003 0.021600000000008123 0 30006.0
586 192.93 192.73800000000003 0.018000000000001598 0 30006.0
587 192.71 192.77800000000002 -0.001599999999996067 0 30006.0
588 192.52 192.752 -0.02299999999999445 0 30006.0
589 192.53 192.70400000000004 -0.0278000000000003 0 30006.0
590 192.23 192.58400000000003 -0.02859999999999796 0 30006.0
591 192.52 192.502 -0.005999999999998103 0 30006.0
592 192.25 192.41000000000003 -0.010999999999990724 0 30006.0
593 192.35 192.376 0.0018000000000042437 50 30006.0
594 192.3 192.33 -0.011199999999992135 50 30003.5
595 192.45 192.37400000000002 0.011000000000009247 0 30011.0
596 192.64 192.398 0.02040000000000046 0 30011.0
597 192.54 192.45600000000002 0.018200000000001406 0 30011.0
598 192.49 192.48400000000004 0.00040000000000158886 0 30011.0
599 192.7 192.564 0.002600000000001793 0 30011.0
600 192.67 192.608 0.012000000000004193 0 30011.0
601 192.94 192.66799999999998 0.026400000000003795 0 30011.0
602 192.89 192.738 0.016800000000005717 0 30011.0
603 192.91 192.822 0.013400000000005366 0 30011.0
604 193.05 192.89200000000002 0.007000000000000288 0 30011.0
605 193.33 193.024 0.0292000000000069 0 30011.0
606 193.23 193.082 0.02480000000000094 0 30011.0
607 193.11 193.12600000000003 0.00160000000000417 50 30011.0
608 193.21 193.186 -0.00959999999999366 0 30016.0
609 193.39 193.25400000000002 0.011599999999999295 0 30016.0
610 193.445 193.277 0.023700000000002334 0 30016.0
611 193.47 193.325 0.016700000000007972 0 30016.0
612 193.62 193.42699999999996 0.014300000000005236 0 30016.0
613 193.515 193.488 0.007200000000002822 0 30016.0
614 193.39 193.488 -0.006899999999995258 0 30016.0
615 193.45 193.489 -0.012699999999997673 0 30016.0
616 193.51 193.497 0.0008999999999999548 0 30016.0
617 193.7 193.513 0.019800000000006486 0 30016.0
618 193.58 193.526 0.011600000000008657 0 30016.0
619 193.57 193.562 0.0012000000000030515 0 30016.0
620 193.63 193.598 -0.00439999999999672 0 30016.0
621 193.59 193.61400000000003 0.001800000000003729 50 30016.0
622 193.64 193.60200000000003 0.0034000000000057964 0 30018.5
623 193.815 193.649 0.012100000000003398 0 30018.5
624 193.855 193.70600000000002 0.019400000000001267 0 30018.5
625 193.91 193.76200000000003 0.01700000000000689 0 30018.5
626 193.68 193.78000000000003 -0.006999999999994466 0 30018.5
627 193.71 193.79400000000004 -0.013299999999995756 0 30018.5
628 193.65 193.76100000000002 -0.014999999999992561 0 30018.5
629 193.84 193.758 0.008399999999999007 0 30018.5
630 193.55 193.686 -0.005799999999992832 0 30018.5
631 193.53 193.656 -0.012999999999996494 0 30018.5
632 193.51 193.616 -0.0201999999999975 0 30018.5
633 193.4 193.56600000000003 -0.009399999999997397 0 30018.5
634 193.46 193.49 -0.00639999999999666 0 30018.5
635 193.37 193.45400000000004 -0.007199999999994539 0 30018.5
636 193.34 193.41600000000003 -0.005399999999998161 0 30018.5
637 193.2 193.35400000000004 -0.016199999999998358 0 30018.5
638 193.065 193.28700000000003 -0.021099999999999675 0 30018.5
639 193.11 193.21700000000004 -0.016499999999998346 0 30018.5
640 193.17 193.17700000000002 -0.0008999999999929286 0 30018.5
641 193.11 193.13100000000003 0.00390000000000579 50 30018.5
642 193.45 193.181 0.01919999999999774 0 30035.5
643 193.49 193.26600000000002 0.026000000000003364 0 30035.5
644 193.57 193.358 0.028400000000000234 0 30035.5
645 193.6 193.44400000000002 0.01060000000000417 0 30035.5
646 193.79 193.58 0.018600000000005175 0 30035.5
647 193.86 193.66200000000003 0.021200000000007668 0 30035.5
648 193.97 193.758 0.02360000000000843 0 30035.5
649 193.91 193.82600000000002 0.00940000000000584 0 30035.5
650 193.68 193.84200000000004 -0.011999999999998278 0 30035.5
651 193.67 193.818 -0.022599999999997376 0 30035.5
652 193.72 193.79000000000002 -0.011600000000000006 0 30035.5
653 193.64 193.72400000000002 -0.0013999999999955587 0 30035.5
654 193.76 193.69400000000002 0.0038000000000010517 0 30035.5
655 193.55 193.66800000000003 -0.007799999999991912 0 30035.5
656 193.58 193.65000000000003 -0.007799999999988013 0 30035.5
657 193.45 193.596 -0.017999999999996835 0 30035.5
658 193.64 193.59600000000003 0.002799999999999688 0 30035.5
659 193.46 193.53600000000003 -0.003399999999997491 0 30035.5
660 193.605 193.54700000000003 0.005700000000003621 0 30035.5
661 193.7 193.57100000000003 0.0065000000000006095 0 30035.5
662 193.745 193.63000000000002 0.01899999999999699 0 30035.5
663 193.74 193.65000000000003 0.009000000000004183 0 30035.5
664 193.75 193.70800000000003 0.002900000000007495 0 30035.5
665 193.72 193.73100000000002 -0.0013000000000008899 0 30035.5
666 193.83 193.757 0.004800000000002146 0 30035.5
667 193.68 193.74400000000003 -0.001999999999991757 0 30035.5
668 193.81 193.758 0.0024000000000045296 0 30035.5
669 193.87 193.782 0.00500000000000286 0 30035.5
670 193.96 193.83 0.01800000000000344 0 30035.5
671 194.02 193.86800000000002 0.014400000000005716 0 30035.5
672 194.13 193.958 0.016800000000002997 0 30035.5
673 194.05 194.006 0.0076000000000017815 0 30035.5
674 194.25 194.082 0.012200000000004473 0 30035.5
675 194.16 194.12199999999999 0.005800000000006878 0 30035.5
676 194.15 194.148 0.004200000000002115 0 30035.5
677 194.15 194.15200000000002 -0.006199999999994219 0 30035.5
678 194.16 194.174 2.9069669496725527e-15 50 30035.5
679 194.27 194.17800000000003 0.007400000000007769 0 30041.0
680 194.23 194.19200000000004 0.007000000000005342 0 30041.0
681 194.1 194.18200000000002 -0.004399999999994972 0 30041.0
682 194.12 194.17600000000002 -0.011599999999991777 0 30041.0
683 194.22 194.18800000000002 -0.0001999999999971845 0 30041.0
684 194.22 194.178 0.009200000000004618 0 30041.0
685 194.29 194.19 0.010200000000004546 0 30041.0
686 194.09 194.18800000000002 -0.006399999999994598 0 30041.0
687 194.09 194.18200000000002 -0.011799999999995122 0 30041.0
688 194.18 194.17400000000004 -0.006599999999997779 0 30041.0
689 194.23 194.17600000000004 0.010200000000005666 0 30041.0
690 194.4 194.198 0.01960000000000087 0 30041.0
691 194.52 194.28400000000002 0.023800000000001764 0 30041.0
692 194.68 194.40200000000002 0.029400000000006248 0 30041.0
693 194.79 194.524 0.026600000000005352 0 30041.0
694 194.51 194.57999999999998 0.001600000000004089 50 30041.0
695 194.49 194.59799999999998 -0.016999999999996827 50 30040.0
696 194.4 194.574 -0.023799999999992147 50 30035.5
697 194.37 194.512 -0.010199999999995955 50 30034.0
698 194.37 194.428 -0.007799999999990167 50 30034.0
699 194.47 194.42000000000002 0.004200000000008645 0 30039.0
700 194.55 194.43200000000002 0.012800000000002615 0 30039.0
701 194.59 194.47000000000003 0.014800000000002067 0 30039.0
702 194.72 194.54000000000002 0.015800000000003315 0 30039.0
703 194.75 194.61599999999999 0.014600000000001282 0 30039.0
704 194.93 194.70800000000003 0.021000000000001223 0 30039.0
705 194.85 194.768 0.011400000000003149 0 30039.0
706 194.9 194.83000000000004 0.007400000000004686 0 30039.0
707 194.945 194.87500000000003 0.00190000000000516 0 30039.0
708 194.97 194.919 0.008100000000002217 0 30039.0
709 194.96 194.925 0.004100000000002838 0 30039.0
710 194.98 194.95100000000002 0.0019000000000042618 0 30039.0
711 194.98 194.967 0.0010000000000054583 0 30039.0
712 195.1 194.99800000000002 0.008399999999999214 0 30039.0
713 195.19 195.04200000000003 0.015000000000002291 0 30039.0
714 195.18 195.086 0.013800000000004406 0 30039.0
715 195.29 195.148 0.01120000000000314 0 30039.0
716 195.24 195.20000000000002 0.005200000000000311 0 30039.0
717 195.15 195.21 -0.0027999999999947286 0 30039.0
718 195.12 195.196 -0.011999999999995554 0 30039.0
719 195.13 195.186 -0.007199999999999046 0 30039.0
720 195.02 195.132 -0.0075999999999907305 0 30039.0
721 194.9 195.06400000000002 -0.015399999999997376 0 30039.0
722 194.97 195.02800000000002 -0.011999999999999528 0 30039.0
723 195.26 195.056 0.01580000000000259 0 30039.0
724 195.18 195.066 0.022600000000002216 0 30039.0
725 195.2 195.102 0.012200000000001694 0 30039.0
726 195.2 195.16199999999998 -0.003199999999998228 0 30039.0
727 195.23 195.21399999999997 0.003000000000004021 0 30039.0
728 195.08 195.178 -0.006599999999997358 0 30039.0
729 194.97 195.136 -0.01679999999999213 0 30039.0
730 194.895 195.07500000000002 -0.022299999999996184 0 30039.0
731 194.9 195.01500000000004 -0.0122999999999954 0 30039.0
732 194.82 194.933 -0.008899999999998905 0 30039.0
733 194.84 194.88500000000005 -0.004899999999999179 0 30039.0
734 194.8 194.85100000000003 -0.005599999999995957 0 30039.0
735 194.83 194.83800000000002 -0.0001999999999894107 0 30039.0
736 194.86 194.83 0.001800000000007931 0 30039.0
737 194.69 194.80400000000003 -0.005999999999995588 0 30039.0
738 194.68 194.77200000000002 -0.012399999999995574 0 30039.0
739 194.73 194.758 -0.007999999999997636 0 30039.0
740 194.69 194.73000000000002 0.0010000000000051044 50 30039.0
741 194.44 194.64600000000002 -0.01519999999999717 50 30026.5
742 194.46 194.60000000000002 -0.02119999999999011 50 30027.5
743 194.43 194.55 -0.01519999999999822 50 30026.0
744 194.245 194.45300000000003 -0.012299999999997398 50 30016.75
745 194.24 194.363 -0.016899999999994118 50 30016.5
746 194.27 194.32900000000004 -0.009699999999996257 50 30018.0
747 194.31 194.29900000000004 0.004500000000004993 0 30020.0
748 194.375 194.288 0.008899999999998904 0 30020.0
749 194.3 194.29900000000004 0.0031000000000030318 0 30020.0
750 194.32 194.31500000000003 -0.0008999999999952975 0 30020.0
751 194.22 194.305 -0.008899999999998466 0 30020.0
752 194.23 194.28900000000002 -0.0061999999999967055 0 30020.0
753 193.94 194.20200000000003 -0.022599999999996342 0 30020.0
754 194 194.14200000000002 -0.018999999999997068 0 30020.0
755 193.97 194.07200000000003 -0.014399999999998811 0 30020.0
756 193.83 193.99400000000003 -0.007199999999993537 0 30020.0
757 193.8 193.90800000000002 -0.014799999999993358 0 30020.0
758 193.94 193.90800000000002 -0.0023999999999976276 0 30020.0
759 194.05 193.918 0.015999999999999844 0 30020.0
760 194.07 193.93800000000002 0.018399999999998903 0 30020.0
761 194.16 194.004 0.013600000000000804 0 30020.0
762 194.05 194.054 0.0018000000000041334 50 30020.0
763 193.99 194.064 -0.0069999999999967345 50 30017.0
764 193.82 194.01800000000003 -0.021600000000000546 50 30008.5
765 193.75 193.954 -0.02139999999999721 50 30005.0
766 193.92 193.906 -0.005599999999993887 0 30013.5
767 193.84 193.864 0.004599999999999986 50 30013.5
768 193.8 193.82600000000002 0.0014000000000061604 50 30011.5
769 193.94 193.85000000000002 0.00040000000000545345 0 30018.5
770 193.85 193.87 0.0034000000000058393 50 30018.5
771 193.72 193.83 -0.0066000000000004935 50 30012.0
772 193.7 193.80200000000002 -0.016999999999996532 50 30011.0
773 193.82 193.806 -0.0021999999999986223 0 30017.0
774 193.88 193.79400000000004 0.012000000000008473 0 30017.0
775 193.81 193.78600000000003 0.007800000000006951 0 30017.0
776 193.53 193.748 -0.01879999999999558 0 30017.0
777 193.71 193.75 -0.01579999999999709 0 30017.0
778 193.62 193.71000000000004 -0.0077999999999983985 0 30017.0
779 193.615 193.65700000000004 0.0033000000000025383 50 30017.0
780 193.64 193.62300000000002 -0.0042999999999954 0 30018.25
781 193.79 193.67500000000004 0.010700000000005087 0 30018.25
782 193.87 193.70700000000002 0.01829999999999848 0 30018.25
783 194.01 193.785 0.023800000000000574 0 30018.25
784 193.95 193.852 0.01239999999999983 0 30018.25
785 193.88 193.9 -0.0005999999999959825 0 30018.25
786 193.87 193.916 -0.00979999999999374 0 30018.25
787 193.84 193.91 -0.00679999999999588 0 30018.25
788 193.83 193.87400000000002 -0.0035999999999992934 0 30018.25
789 193.79 193.842 -0.00499999999999605 0 30018.25
790 193.86 193.83800000000002 0.0004000000000015078 0 30018.25
791 194 193.86400000000003 0.011600000000003436 0 30018.25
792 193.97 193.89000000000001 0.013600000000000929 0 30018.25
793 193.79 193.88200000000003 -0.004799999999992907 0 30018.25
794 193.83 193.89000000000004 -0.013799999999994813 0 30018.25
795 193.685 193.855 -0.01629999999999953 0 30018.25
796 193.67 193.78900000000002 -0.01009999999999904 0 30018.25
797 193.67 193.729 -0.00989999999999673 0 30018.25
798 193.61 193.69300000000004 -0.004499999999994574 0 30018.25
799 193.42 193.61100000000002 -0.016199999999997397 0 30018.25
800 193.42 193.55800000000002 -0.018800000000000153 0 30018.25
801 193.55 193.53400000000002 -0.003599999999997099 0 30018.25
802 193.58 193.51600000000002 0.01220000000000821 0 30018.25
803 193.6 193.514 0.01140000000000003 0 30018.25
804 193.39 193.508 -0.00919999999999649 0 30018.25
805 193.47 193.51800000000003 -0.010799999999996373 0 30018.25
806 193.39 193.486 -0.010999999999994396 0 30018.25
807 193.345 193.439 -0.004299999999996613 0 30018.25
808 193.29 193.377 -0.011700000000000432 0 30018.25
809 193.32 193.363 -0.005299999999997014 0 30018.25
810 193.46 193.36100000000002 0.0075000000000030355 0 30018.25
811 193.3 193.343 0.00340000000000253 50 30018.25
812 193.2 193.31400000000002 -0.010399999999996537 50 30013.25
813 193.295 193.315 -0.011899999999999876 50 30018.0
814 193.17 193.28500000000003 -0.005899999999995266 50 30011.75
815 193.28 193.24900000000002 0.00230000000000844 0 30017.25
816 193.23 193.235 -0.0016999999999977044 0 30017.25
817 193.17 193.22900000000004 -0.0009999999999949355 0 30017.25
818 193.12 193.194 -0.010799999999993969 0 30017.25
819 193.14 193.188 -0.006399999999998304 0 30017.25
820 193.28 193.188 0.007000000000003719 0 30017.25
821 193.27 193.19600000000003 0.011800000000003157 0 30017.25
822 193.23 193.20800000000003 0.005200000000006864 0 30017.25
823 193.07 193.198 -0.01339999999999557 0 30017.25
824 192.91 193.152 -0.024799999999997 0 30017.25
825 192.89 193.074 -0.023599999999995663 0 30017.25
826 192.83 192.98600000000002 -0.014799999999993377 0 30017.25
827 192.98 192.936 0.0030000000000098797 0 30017.25
828 192.97 192.916 0.007800000000004825 0 30017.25
829 192.97 192.928 0.008200000000004525 0 30017.25
830 192.99 192.948 0.0006000000000039575 0 30017.25
831 192.85 192.952 -0.006799999999995367 0 30017.25
832 192.77 192.91 -0.014799999999996313 0 30017.25
833 192.88 192.892 -0.008199999999999074 0 30017.25
834 192.7 192.838 -0.006799999999998723 0 30017.25
835 192.78 192.796 -0.0029999999999926964 0 30017.25
836 192.9 192.806 0.0028000000000042726 0 30017.25
837 192.94 192.84 0.016800000000004 0 30017.25
838 192.94 192.852 0.010400000000002822 0 30017.25
839 192.89 192.89000000000001 -0.0005999999999941583 0 30017.25
840 192.6 192.854 -0.021399999999992873 0 30017.25
841 192.61 192.796 -0.025599999999994218 0 30017.25
842 192.53 192.71400000000003 -0.021399999999995714 0 30017.25
843 192.44 192.61400000000003 -0.011200000000000179 0 30017.25
844 192.39 192.514 -0.014999999999996036 0 30017.25
845 192.58 192.51 0.0020000000000038906 0 30017.25
846 192.6 192.508 0.013400000000006986 0 30017.25
847 192.66 192.53400000000002 0.016599999999999063 0 30017.25
848 192.54 192.55400000000003 -0.0011999999999939461 0 30017.25
849 192.59 192.59400000000002 -0.0029999999999951576 0 30017.25
850 192.52 192.582 -0.007399999999997961 0 30017.25
851 192.51 192.56400000000002 -0.0031999999999961512 0 30017.25
852 192.44 192.52 -0.00919999999999821 0 30017.25
853 192.16 192.44400000000002 -0.022999999999991628 0 30017.25
854 192.31 192.38799999999998 -0.01759999999999659 0 30017.25
855 192.31 192.38799999999998 -0.01759999999999659 0 30017.25
856 192.13 192.31 -0.015599999999999227 0 30017.25
857 192.095 192.227 -0.007499999999992147 0 30017.25
858 192.21 192.181 -0.006699999999991731 0 30017.25
859 192.25 192.199 0.00950000000000727 0 30017.25
860 192.32 192.20100000000002 0.014300000000004899 0 30017.25
861 192.38 192.25100000000003 0.011600000000002214 0 30017.25
862 192.41 192.314 0.010800000000003905 0 30017.25
863 192.56 192.38400000000001 0.015000000000004838 0 30017.25
864 192.47 192.428 0.008400000000003955 0 30017.25
865 192.55 192.474 0.006600000000007576 0 30017.25
866 192.62 192.522 0.005200000000005266 0 30017.25
867 192.56 192.55200000000002 0.006800000000000597 0 30017.25
868 192.72 192.58400000000003 0.009000000000005613 0 30017.25
869 192.75 192.64000000000001 0.011000000000005793 0 30017.25
870 192.7 192.67000000000002 0.009000000000003224 0 30017.25
871 192.83 192.71200000000002 0.005600000000001827 0 30017.25
872 192.83 192.71200000000002 0.005600000000001827 0 30017.25
873 192.82 192.764 0.006800000000001248 0 30017.25
874 192.84 192.788 0.008200000000003572 0 30017.25
875 192.72 192.782 -0.006199999999996747 0 30017.25
876 192.72 192.782 -0.006199999999996747 0 30017.25
877 192.63 192.76800000000003 -0.013799999999996886 0 30017.25
878 192.76 192.75400000000002 -0.006599999999996121 0 30017.25
879 192.76 192.742 0.005000000000004385 0 30017.25
880 192.66 192.70600000000002 0.001800000000004168 50 30017.25
881 192.75 192.71200000000002 -0.0025999999999950394 0 30021.75
882 192.795 192.745 0.0039000000000029567 0 30021.75
883 192.805 192.75400000000002 0.009600000000002306 0 30021.75
884 192.8 192.762 0.0032000000000030316 0 30021.75
885 192.88 192.806 0.005000000000004995 0 30021.75
886 192.97 192.85 0.011500000000002604 0 30021.75
887 193.06 192.903 0.01740000000000314 0 30021.75
888 193.06 192.903 0.01740000000000314 0 30021.75
889 193.055 192.95299999999997 0.012300000000003279 0 30021.75
890 193.14 193.02100000000002 0.01010000000000498 0 30021.75
891 193.06 193.057 0.0017000000000061805 0 30021.75
892 192.96 193.05500000000004 -0.007299999999993128 0 30021.75
893 193 193.043 -0.0103999999999986 0 30021.75
894 193.04 193.04000000000002 -0.0003999999999990254 0 30021.75
895 193.05 193.02200000000002 0.006200000000003147 0 30021.75
896 193.24 193.05800000000002 0.014600000000001959 0 30021.75
897 193.21 193.108 0.014000000000001773 0 30021.75
898 193.17 193.142 0.006600000000006138 0 30021.75
899 193.17 193.142 0.006600000000006138 0 30021.75
900 193.18 193.17 -0.0043999999999976775 0 30021.75
901 193.09 193.178 -0.006999999999997304 0 30021.75
902 193.175 193.16500000000002 -0.0014999999999960778 0 30021.75
903 193.27 193.17700000000002 0.007100000000001753 0 30021.75
904 193.29 193.20100000000002 0.013900000000000497 0 30021.75
905 193.28 193.221 0.006700000000003176 0 30021.75
906 193.29 193.26100000000002 0.0010000000000055268 0 30021.75
907 193.325 193.29100000000003 0.002300000000003934 0 30021.75
908 193.325 193.302 0.0033999999999987413 0 30021.75
909 193.37 193.318 0.004800000000009388 0 30021.75
910 193.36 193.334 0.0030000000000065916 0 30021.75
911 193.2 193.31600000000003 -0.007699999999994055 0 30021.75
912 193.14 193.279 -0.016999999999996834 0 30021.75
913 193.19 193.252 -0.011399999999994493 0 30021.75
914 193.09 193.19600000000003 -0.005599999999992346 0 30021.75
915 193.09 193.142 -0.004999999999994067 0 30021.75
916 193.17 193.13600000000002 -0.0011999999999951346 0 30021.75
917 193.31 193.17 0.014800000000006077 0 30021.75
918 193.31 193.17 0.014800000000006077 0 30021.75
919 193.28 193.18800000000002 0.014200000000002511 0 30021.75
920 193.36 193.24200000000002 0.010800000000005765 0 30021.75
921 193.19 193.26200000000003 -0.005600000000002056 0 30021.75
922 193.22 193.27200000000002 -0.0069999999999962184 0 30021.75
923 193.25 193.26000000000002 -0.005999999999997702 0 30021.75
924 193.19 193.24200000000002 0.0006000000000035283 50 30021.75
925 193.11 193.19200000000004 -0.007799999999991844 50 30017.75
926 193.08 193.17000000000004 -0.011799999999998518 50 30016.25
927 193.04 193.13400000000004 -0.009599999999998889 50 30014.25
928 192.98 193.08000000000004 -0.008599999999996916 50 30011.25
929 192.97 193.036 -0.00779999999999706 50 30010.75
930 192.97 193.036 -0.00779999999999706 50 30010.75
931 193.33 193.08 0.017200000000005832 0 30028.75
932 193.48 193.16 0.037200000000001725 0 30028.75
933 193.56 193.264 0.03840000000000288 0 30028.75
934 193.45 193.358 0.008800000000001423 0 30028.75
935 193.38 193.44 -0.008199999999996793 0 30028.75
936 193.41 193.45600000000002 -0.010399999999992136 0 30028.75
937 193.41 193.45600000000002 -0.010399999999992136 0 30028.75
938 193.25 193.41 -0.011399999999992784 0 30028.75
939 193.1 193.318 -0.01999999999999592 0 30028.75
940 193.24 193.276 -0.013199999999993557 0 30028.75
941 193 193.20000000000002 -0.012199999999994802 0 30028.75
942 193 193.118 -0.010799999999996064 0 30028.75
943 192.92 193.052 -0.019200000000001053 0 30028.75
944 192.97 193.026 -0.003399999999994591 0 30028.75
945 192.97 193.026 -0.003399999999994591 0 30028.75
946 192.85 192.948 -0.007999999999994853 0 30028.75
947 193 192.94799999999998 0.0024000000000004938 0 30028.75
948 192.865 192.921 -0.00329999999999762 0 30028.75
949 192.75 192.88700000000003 -0.008699999999999848 0 30028.75
950 192.81 192.85500000000002 -0.013699999999999853 0 30028.75
951 192.76 192.83700000000002 -0.005099999999999817 0 30028.75
952 192.61 192.75900000000001 -0.009399999999996477 0 30028.75
953 192.55 192.69600000000003 -0.018599999999996914 0 30028.75
954 192.55 192.69600000000003 -0.018599999999996914 0 30028.75
955 192.48 192.64200000000002 -0.01799999999999394 0 30028.75
956 192.66 192.61200000000002 0.001600000000002207 0 30028.75
957 192.62 192.58400000000003 0.007800000000000245 0 30028.75
958 192.78 192.61800000000002 0.017200000000005863 0 30028.75
959 192.61 192.63 0.00020000000000678657 50 30028.75
