time-hour stock-price avg-price-5-min regression-coef number-of-stocks portfolio-value 570 215.22 214.94700000000003 0.037121212121218876 50 30000.0
571 215.27 215.01500000000001 0.051121212121211686 50 30002.5
572 215.62 215.16400000000002 0.07100000000000481 50 30020.0
573 215.055 215.197 0.063393939393947 50 29991.75
574 214.77 215.187 0.03721212121213176 50 29977.5
575 215.24 215.191 0.03230303030303203 50 30001.0
576 215.76 215.289 0.06072727272727927 50 30027.0
577 215.6 215.28500000000003 0.06669696969697501 50 30019.0
578 216.17 215.508 0.09596969696970628 50 30047.5
579 215.95 215.744 0.09306060606059278 50 30036.5
580 216.63 216.022 0.1402121212121327 50 30070.5
581 216.7 216.21 0.17742424242423996 50 30074.0
582 217.3 216.55 0.253363636363644 50 30104.0
583 217.61 216.83800000000002 0.2881818181818177 50 30119.5
584 218.15 217.27800000000002 0.30248484848484586 50 30146.5
585 218.05 217.562 0.3016969696969656 50 30141.5
586 218.3 217.88200000000003 0.31515151515151346 50 30154.0
587 219.07 218.23600000000002 0.32915151515152247 50 30192.5
588 219.11 218.536 0.34127272727273544 50 30194.5
589 218.63 218.632 0.2769090909091066 50 30170.5
590 218.635 218.749 0.22566666666667518 50 30170.75
591 219.07 218.903 0.17851515151515104 50 30192.5
592 219.15 218.919 0.14699999999999325 50 30196.5
593 219.44 218.985 0.12954545454545743 50 30211.0
594 219.78 219.21500000000003 0.14445454545455994 50 30228.0
595 220.33 219.554 0.1629393939393942 50 30255.5
596 220.12 219.76400000000004 0.15900000000001596 50 30245.0
597 220.09 219.95200000000003 0.18269696969696508 50 30243.5
598 219.74 220.012 0.17760606060605696 50 30226.0
599 219.55 219.966 0.12251515151515709 50 30216.5
600 219.03 219.70600000000002 0.028242424242425013 50 30190.5
601 219 219.48200000000003 -0.04345454545453064 0 30189.0
602 219.65 219.39400000000003 -0.07351515151514415 0 30189.0
603 219.12 219.27000000000004 -0.11921212121212296 0 30189.0
604 219.45 219.25 -0.12036363636362955 0 30189.0
605 220 219.44400000000002 -0.050848484848481736 0 30189.0
606 220.49 219.74200000000002 0.03539393939393968 50 30189.0
607 220.73 219.95800000000003 0.12824242424242274 50 30201.0
608 220.76 220.286 0.19163636363638456 50 30202.5
609 220.87 220.57000000000002 0.23600000000000723 50 30208.0
610 220.78 220.72600000000003 0.22478787878787285 50 30203.5
611 220.76 220.78000000000003 0.18927272727274477 50 30202.5
612 220.69 220.77200000000002 0.17193939393938118 50 30199.0
613 220.85 220.79000000000002 0.11539393939393701 50 30207.0
614 221.16 220.84800000000004 0.07678787878788539 50 30222.5
615 221.63 221.018 0.07975757575757168 50 30246.0
616 221.04 221.074 0.06345454545455648 50 30216.5
617 220.71 221.078 0.03848484848485056 50 30200.0
618 220.06 220.92 -0.019696969696958264 50 30167.5
619 220.46 220.78 -0.04024242424241279 50 30187.5
620 220.15 220.484 -0.07872727272726229 0 30172.0
621 220.49 220.37400000000002 -0.09236363636363729 0 30172.0
622 220.3 220.29200000000003 -0.11775757575756882 0 30172.0
623 220.61 220.40200000000004 -0.11084848484847624 0 30172.0
624 220.7 220.45000000000005 -0.07545454545454089 0 30172.0
625 220.53 220.526 -0.01242424242422966 0 30172.0
626 220.57 220.542 0.026787878787876914 50 30172.0
627 220.34 220.55 0.037151515151513714 50 30160.5
628 220.68 220.56400000000002 0.027212121212131655 50 30177.5
629 220.515 220.52700000000002 0.027424242424249217 50 30169.25
630 220.4 220.50100000000003 3.030303030123388e-05 50 30163.5
631 220.16 220.41900000000004 -0.020818181818178235 50 30151.5
632 220.87 220.52500000000003 -0.011606060606068027 0 30187.0
633 221.21 220.63100000000003 0.02990909090908949 50 30187.0
634 221.165 220.76100000000002 0.06769696969697098 50 30184.75
635 221.47 220.97500000000005 0.10515151515151727 50 30200.0
636 221.5 221.24300000000002 0.13551515151514448 50 30201.5
637 221.74 221.41700000000003 0.1523636363636393 50 30213.5
638 221.93 221.56100000000004 0.18527272727273722 50 30223.0
639 222.18 221.764 0.20566666666667371 50 30235.5
640 222.59 221.98800000000003 0.22057575757575942 50 30256.0
641 222.84 222.25600000000003 0.20657575757576374 50 30268.5
642 222.83 222.47400000000002 0.2068787878787958 50 30268.0
643 222.96 222.68000000000004 0.21318181818182647 50 30274.5
644 223.61 222.96600000000004 0.23072727272727808 50 30307.0
645 223.39 223.12600000000003 0.22696969696969374 50 30296.0
646 223.98 223.354 0.23412121212121204 50 30325.5
647 223.6 223.508 0.20648484848485568 50 30306.5
648 224.37 223.79 0.21096969696968929 50 30345.0
649 224.22 223.91199999999998 0.19436363636364004 50 30337.5
650 224.79 224.19199999999998 0.21145454545453227 50 30366.0
651 225.13 224.422 0.23709090909091066 50 30383.0
652 224.47 224.596 0.19830303030303237 50 30350.0
653 224.75 224.67200000000003 0.16357575757576862 50 30364.0
654 224 224.62800000000004 0.10957575757575734 50 30326.5
655 223.61 224.39200000000002 0.014909090909090384 50 30307.0
656 224.18 224.20200000000003 -0.01199999999998834 0 30335.5
657 224.26 224.16000000000003 -0.062303030303020396 0 30335.5
658 223.93 223.99600000000004 -0.08727272727271765 0 30335.5
659 224.24 224.04400000000004 -0.09999999999999745 0 30335.5
660 224.77 224.27600000000004 -0.04606060606059445 0 30335.5
661 224.95 224.43000000000004 0.04060606060606183 50 30335.5
662 224.83 224.54400000000004 0.07890909090908561 50 30329.5
663 224.67 224.69200000000004 0.12278787878787785 50 30321.5
664 224.82 224.80800000000002 0.1258181818181815 50 30329.0
665 224.53 224.76000000000002 0.07709090909090714 50 30314.5
666 223.925 224.555 0.02221212121213057 50 30284.25
667 224.28 224.445 -0.004878787878786833 50 30302.0
668 224.33 224.377 -0.0514848484848422 50 30304.5
669 224.53 224.31900000000002 -0.07136363636363025 0 30314.5
670 224.82 224.377 -0.04360606060604057 0 30314.5
671 224.88 224.568 -0.0011818181818152966 0 30314.5
672 224.92 224.69600000000003 0.03627272727273497 50 30314.5
673 224.95 224.82000000000002 0.06360606060607114 50 30316.0
674 225.57 225.02800000000002 0.13136363636364387 50 30347.0
675 225 225.06400000000002 0.13960606060605535 50 30318.5
676 224.72 225.03200000000004 0.08654545454547007 50 30304.5
677 224.99 225.046 0.06224242424242578 50 30318.0
678 225.39 225.134 0.05448484848485831 50 30338.0
679 225.49 225.11800000000002 0.05266666666668097 50 30343.0
680 225.39 225.19600000000003 0.053090909090912956 50 30338.0
681 225.22 225.29600000000002 0.04133333333333781 50 30329.5
682 225.22 225.29600000000002 0.04133333333333781 50 30329.5
683 225.09 225.31600000000003 0.021030303030315736 50 30323.0
684 225.35 225.30800000000002 0.01484848484848769 50 30336.0
685 225.27 225.264 0.04078787878788832 50 30332.0
686 225.72 225.33 0.056909090909080744 50 30354.5
687 225.91 225.46800000000002 0.05600000000000134 50 30364.0
688 226.11 225.672 0.06957575757575464 50 30374.0
689 226.25 225.852 0.10387878787880317 50 30381.0
690 225.93 225.984 0.11696969696970586 50 30365.0
691 225.61 225.96200000000002 0.1006060606060718 50 30349.0
692 225.3 225.84000000000003 0.05333333333332642 50 30333.5
693 226.29 225.87600000000003 0.050424242424244106 50 30383.0
694 226.24 225.87400000000002 0.0475757575757582 50 30380.5
695 225.99 225.88600000000005 0.014969696969702751 50 30368.0
696 225.53 225.87000000000003 -0.021454545454545976 50 30345.0
697 225.91 225.99200000000002 -0.022181818181812477 0 30364.0
698 225.81 225.89600000000004 -0.015030303030307321 50 30364.0
699 225.35 225.718 -0.019999999999999452 0 30341.0
700 225.65 225.65 -0.01903030303030217 0 30341.0
701 225.5 225.644 -0.044181818181813166 50 30341.0
702 225.58 225.578 -0.08430303030302956 0 30345.0
703 225.47 225.51000000000002 -0.06781818181817502 50 30345.0
704 225.2 225.48 -0.05945454545454953 50 30331.5
705 224.56 225.262 -0.09006060606060166 50 30299.5
706 224.58 225.078 -0.13290909090908878 0 30300.5
707 224.51 224.86399999999998 -0.1427272727272651 0 30300.5
708 224.775 224.725 -0.12778787878788772 0 30300.5
709 224.76 224.63700000000003 -0.1317878787878703 0 30300.5
710 224.28 224.58100000000002 -0.1348181818181727 50 30300.5
711 223.66 224.397 -0.16506060606059916 50 30269.5
712 223.39 224.173 -0.18239393939393858 50 30256.0
713 223.29 223.87599999999998 -0.18596969696970225 0 30251.0
714 223.11 223.546 -0.19093939393938864 0 30251.0
715 222.81 223.252 -0.22960606060605807 0 30251.0
716 223.38 223.19600000000003 -0.21463636363636354 0 30251.0
717 223.39 223.19600000000003 -0.18924242424241203 0 30251.0
718 223.01 223.14000000000001 -0.15333333333332913 50 30251.0
719 223.1 223.138 -0.09212121212121024 50 30255.5
720 223.79 223.33400000000003 -0.0051515151515091175 0 30290.0
721 223.7 223.39800000000002 0.04151515151515646 50 30290.0
722 223.7 223.46000000000004 0.06969696969697382 50 30290.0
723 224.14 223.68600000000004 0.1114545454545599 50 30312.0
724 224.075 223.881 0.12736363636363737 50 30308.75
725 224.24 223.971 0.12057575757575369 50 30317.0
726 224.04 224.03900000000002 0.12354545454546279 50 30307.0
727 224.48 224.195 0.14318181818182193 50 30329.0
728 224.64 224.29500000000002 0.1330000000000015 50 30337.0
729 224.58 224.39600000000002 0.10578787878788114 50 30334.0
730 224.32 224.412 0.09245454545454937 50 30321.0
731 224.7 224.544 0.08742424242425617 50 30340.0
732 224.31 224.51 0.04900000000000924 50 30320.5
733 224.495 224.481 0.04260606060607065 50 30329.75
734 224.655 224.496 0.03630303030303356 50 30337.75
735 224.7 224.572 0.03642424242424327 50 30340.0
736 224.32 224.496 -0.0030909090909141328 50 30321.0
737 224.435 224.52100000000002 -0.010393939393932142 50 30326.75
738 224.435 224.52100000000002 -0.010393939393932142 50 30326.75
739 224.8 224.58200000000002 0.013424242424260806 50 30345.0
740 224.38 224.52700000000002 0.008393939393950245 50 30324.0
741 224.44 224.47500000000002 -0.008272727272721646 50 30327.0
742 224.44 224.47500000000002 -0.008272727272721646 50 30327.0
743 224.13 224.437 -0.01796969696969289 50 30311.5
744 224.44 224.43800000000002 -0.029848484848480773 0 30327.0
745 224.44 224.43800000000002 -0.029848484848480773 0 30327.0
746 224.4 224.358 -0.03315151515150714 0 30327.0
747 224.3 224.342 -0.03009090909090639 50 30327.0
748 224.14 224.282 -0.028454545454534005 50 30319.0
749 223.73 224.20200000000003 -0.06772727272726868 50 30298.5
750 223.73 224.20200000000003 -0.06772727272726868 50 30298.5
751 223.77 224.06800000000004 -0.08999999999999012 50 30300.5
752 223.77 224.06800000000004 -0.08999999999999012 50 30300.5
753 224.17 224.02200000000005 -0.05806060606061424 0 30320.5
754 223.85 223.93200000000004 -0.063939393939389 50 30320.5
755 223.95 223.894 -0.053939393939397645 0 30325.5
756 223.84 223.916 -0.06466666666666607 50 30325.5
757 223.93 223.948 -0.04630303030302654 50 30330.0
758 224.16 223.946 -0.011878787878778975 0 30341.5
759 224.12 224.0 0.016606060606072122 50 30341.5
760 224.12 224.0 0.016606060606072122 50 30341.5
761 224.12 224.0 0.016606060606072122 50 30341.5
762 224.07 224.024 0.03387878787878945 50 30339.0
763 224.07 224.024 0.03387878787878945 50 30339.0
764 224.05 224.066 0.023575757575761757 50 30338.0
765 224.05 224.066 0.023575757575761757 50 30338.0
766 224 224.08 0.009333333333345432 50 30335.5
767 223.65 223.978 -0.00012121212120836658 50 30318.0
768 223.33 223.82 -0.04206060606061039 50 30302.0
769 223.39 223.68400000000003 -0.0677575757575692 50 30305.0
770 223.55 223.584 -0.08527272727270983 0 30313.0
771 223.72 223.52800000000002 -0.0839999999999879 0 30313.0
772 223.53 223.50400000000002 -0.07521212121211973 0 30313.0
773 223.87 223.61200000000002 -0.042909090909079795 0 30313.0
774 223.87 223.61200000000002 -0.042909090909079795 0 30313.0
775 223.56 223.64600000000002 -0.02781818181818576 50 30313.0
776 223.82 223.7 0.006303030303040728 0 30326.0
777 223.71 223.69800000000004 0.033878787878795086 50 30326.0
778 223.55 223.70200000000003 0.03290909090908726 50 30318.0
779 223.8 223.68800000000005 0.025454545454550927 50 30330.5
780 223.8 223.68800000000005 0.025454545454550927 50 30330.5
781 223.83 223.74200000000002 0.017939393939396576 50 30332.0
782 224.43 223.864 0.0484848484848481 50 30362.0
783 224.72 224.06600000000003 0.09551515151513978 50 30376.5
784 224.58 224.272 0.11012121212121809 50 30369.5
785 224.63 224.438 0.1373939393939358 50 30372.0
786 224.59 224.59000000000003 0.13260606060605626 50 30370.0
787 224.8 224.66400000000002 0.14412121212120466 50 30380.5
788 224.8 224.66400000000002 0.14412121212120466 50 30380.5
789 224.54 224.62800000000004 0.12224242424242636 50 30367.5
790 225.23 224.75800000000004 0.1172727272727416 50 30402.0
791 225.13 224.858 0.10315151515150928 50 30397.0
792 225.34 225.00800000000004 0.08636363636363349 50 30407.5
793 225.53 225.15400000000002 0.10163636363636962 50 30417.0
794 225.55 225.35600000000002 0.12400000000000794 50 30418.0
795 225.69 225.44800000000004 0.13460606060605784 50 30425.0
796 225.96 225.61400000000003 0.14981818181817658 50 30438.5
797 225.89 225.72400000000002 0.1424242424242512 50 30435.0
798 225.89 225.72400000000002 0.1424242424242512 50 30435.0
799 225.855 225.78900000000002 0.13136363636364914 50 30433.25
800 225.905 225.86 0.09290909090909201 50 30435.75
801 225.905 225.86 0.09290909090909201 50 30435.75
802 226.1 225.942 0.09454545454545907 50 30445.5
803 226.165 225.983 0.08251515151514249 50 30448.75
804 226.03 226.01100000000002 0.06457575757576692 50 30442.0
805 225.97 226.03400000000005 0.04766666666666959 50 30439.0
806 225.77 226.007 0.01584848484848562 50 30429.0
807 225.77 226.007 0.01584848484848562 50 30429.0
808 225.55 225.89700000000002 -0.02130303030303406 50 30418.0
809 225.65 225.794 -0.033303030303033436 50 30423.0
810 225.65 225.794 -0.033303030303033436 50 30423.0
811 225.14 225.616 -0.07403030303030013 0 30397.5
812 225.39 225.5 -0.09436363636364196 0 30397.5
813 225.63 225.472 -0.09263636363637127 0 30397.5
814 225.52 225.466 -0.08057575757574899 0 30397.5
815 225.485 225.43300000000002 -0.05906060606060232 0 30397.5
816 225.485 225.43300000000002 -0.05906060606060232 0 30397.5
817 225.32 225.46900000000002 -0.047303030303041775 50 30397.5
818 225.5 225.491 -0.021121212121208457 0 30406.5
819 225.52 225.46900000000002 -0.001484848484840312 0 30406.5
820 225.52 225.46900000000002 -0.001484848484840312 0 30406.5
821 225.79 225.52300000000002 0.021242424242437736 50 30406.5
822 226.09 225.644 0.0640909090909132 50 30421.5
823 226.03 225.78600000000006 0.0643333333333337 50 30418.5
824 225.93 225.87200000000004 0.06500000000001421 50 30413.5
825 225.86 225.94 0.07130303030304339 50 30410.0
826 225.845 225.95100000000002 0.066666666666668 50 30409.25
827 226.145 225.96200000000005 0.07212121212123263 50 30424.25
828 225.955 225.94700000000003 0.04821212121212244 50 30414.75
829 225.955 225.95200000000003 0.028606060606068778 50 30414.75
830 225.885 225.957 0.001000000000004342 50 30411.25
831 225.97 225.98200000000003 -0.00839393939393862 50 30415.5
832 225.88 225.92899999999997 -0.004878787878776311 50 30411.0
833 225.76 225.89 -0.009363636363629229 50 30405.0
834 225.97 225.89300000000003 -0.005787878787880989 0 30415.5
835 226.02 225.92000000000002 -0.0046363636363755175 0 30415.5
836 226.25 225.976 0.006121212121216572 0 30415.5
837 226.22 226.044 0.030333333333330458 50 30415.5
838 226.02 226.09600000000003 0.030060606060606496 50 30405.5
839 225.89 226.08 0.02190909090910479 50 30399.0
840 226.175 226.11100000000002 0.025424242424235653 50 30413.25
841 225.81 226.02300000000002 0.011181818181822954 50 30395.0
842 226.08 225.99500000000003 0.007606060606055126 0 30408.5
843 226.15 226.02100000000002 -0.002575757575755884 0 30408.5
844 226.15 226.02100000000002 -0.002575757575755884 0 30408.5
845 225.99 226.04100000000003 -0.012212121212117783 50 30408.5
846 225.83 225.972 -0.027484848484850933 50 30400.5
847 226.03 226.01600000000002 -0.014212121212120333 0 30410.5
848 225.81 225.96200000000002 -0.012272727272725067 50 30410.5
849 225.67 225.86599999999999 -0.026333333333335856 50 30403.5
850 225.47 225.762 -0.05572727272727355 50 30393.5
851 225.35 225.666 -0.06757575757574925 50 30387.5
852 225.71 225.602 -0.07412121212122436 0 30405.5
853 225.72 225.584 -0.06090909090908969 0 30405.5
854 225.72 225.584 -0.06090909090908969 0 30405.5
855 225.36 225.52200000000002 -0.05830303030301734 50 30405.5
856 225.33 225.494 -0.05842424242424865 50 30404.0
857 225.33 225.494 -0.05842424242424865 50 30404.0
858 225.61 225.54600000000002 -0.0459393939393971 0 30418.0
859 225.76 225.55600000000004 -0.009272727272717588 0 30418.0
860 225.8 225.57200000000003 0.018181818181831885 50 30418.0
861 225.8 225.57200000000003 0.018181818181831885 50 30418.0
862 225.99 225.69800000000004 0.04678787878788318 50 30427.5
863 226.1 225.852 0.06418181818182528 50 30433.0
864 226.05 225.94000000000003 0.06321212121211794 50 30430.5
865 226.165 226.02100000000002 0.08403030303030941 50 30436.25
866 226.25 226.11100000000002 0.10463636363636086 50 30440.5
867 226.2 226.15300000000002 0.09209090909090849 50 30438.0
868 226.475 226.228 0.08236363636363284 50 30451.75
869 226.47 226.31200000000004 0.07715151515151404 50 30451.5
870 226.47 226.31200000000004 0.07715151515151404 50 30451.5
871 226.47 226.31200000000004 0.07715151515151404 50 30451.5
872 226.47 226.31200000000004 0.07715151515151404 50 30451.5
873 226.05 226.28900000000004 0.0486060606060602 50 30430.5
874 226.41 226.32100000000003 0.03884848484849156 50 30448.5
875 226.3 226.341 0.028363636363638766 50 30443.0
876 226.3 226.341 0.028363636363638766 50 30443.0
877 226.25 226.29600000000005 0.018727272727271226 50 30440.5
878 226.16 226.234 -0.0009696969696866982 50 30436.0
879 226.16 226.234 -0.0009696969696866982 50 30436.0
880 226.07 226.238 -0.01924242424242076 50 30431.5
881 226.25 226.20600000000002 -0.02087878787877536 0 30440.5
882 226.25 226.196 -0.025848484848477408 0 30440.5
883 226.35 226.216 -0.00763636363635771 0 30440.5
884 226.3 226.24400000000003 0.009030303030301797 50 30440.5
885 226.22 226.27400000000003 -0.004606060606046021 50 30436.5
886 226.27 226.27800000000002 0.006424242424251558 50 30439.0
887 226.47 226.32200000000003 0.022727272727277745 50 30449.0
888 226.47 226.32200000000003 0.022727272727277745 50 30449.0
889 226.73 226.39800000000002 0.04781818181819417 50 30462.0
890 226.89 226.51600000000002 0.06981818181818507 50 30470.0
891 226.89 226.51600000000002 0.06981818181818507 50 30470.0
892 226.83 226.638 0.07369696969696604 50 30467.0
893 226.7 226.72400000000005 0.07327272727272842 50 30460.5
894 226.83 226.79600000000002 0.07448484848486273 50 30467.0
895 226.73 226.79600000000002 0.06987878787878304 50 30462.0
896 226.32 226.68200000000004 0.03496969696970416 50 30441.5
897 226.22 226.56000000000003 -0.010969696969693342 50 30436.5
898 226.22 226.56000000000003 -0.010969696969693342 50 30436.5
899 225.97 226.41400000000004 -0.06721212121211384 50 30424.0
900 225.805 226.209 -0.1154848484848453 0 30415.75
901 225.71 226.005 -0.14354545454545853 0 30415.75
902 225.93 225.927 -0.13657575757575247 0 30415.75
903 226.08 225.89900000000003 -0.11378787878788066 0 30415.75
904 225.91 225.887 -0.09984848484848378 0 30415.75
905 225.91 225.887 -0.09984848484848378 0 30415.75
906 226.14 225.954 -0.05512121212122348 0 30415.75
907 225.905 225.99300000000002 -0.021515151515155588 50 30415.75
908 225.17 225.841 -0.045333333333332906 50 30379.0
909 225.12 225.649 -0.06460606060606294 0 30376.5
910 225.38 225.543 -0.0730303030303024 50 30376.5
911 225.19 225.353 -0.0956666666666668 0 30367.0
912 225.39 225.25 -0.10627272727272227 0 30367.0
913 225.43 225.30200000000002 -0.09615151515152315 0 30367.0
914 225.19 225.31600000000003 -0.08306060606060064 50 30367.0
915 225.19 225.31600000000003 -0.08306060606060064 50 30367.0
916 225.19 225.31600000000003 -0.08306060606060064 50 30367.0
917 224.92 225.22400000000005 -0.0852424242424241 50 30353.5
918 224.73 225.13200000000003 -0.07045454545454122 50 30344.0
919 224.76 225.006 -0.052606060606051594 50 30345.5
920 224.85 224.89000000000001 -0.06496969696969314 0 30350.0
921 224.33 224.71800000000002 -0.10515151515150666 0 30350.0
922 224.29 224.592 -0.12060606060607597 50 30350.0
923 224.25 224.496 -0.137696969696955 50 30348.0
924 224.21 224.38600000000002 -0.1322424242424195 50 30346.0
925 224.645 224.34500000000003 -0.0860909090909152 0 30367.75
926 224.71 224.42100000000002 -0.04287878787877714 0 30367.75
927 224.86 224.53500000000003 -0.003666666666658167 0 30367.75
928 224.64 224.61300000000003 0.011606060606057346 50 30367.75
929 224.55 224.681 0.025060606060613444 50 30363.25
930 223.96 224.544 0.014878787878792425 50 30333.75
931 224.56 224.514 0.013545454545463874 50 30363.75
932 224.49 224.44 0.0029393939394030807 0 30360.25
933 225.13 224.538 0.02215151515150848 50 30360.25
934 225.08 224.644 0.0253030303030417 50 30357.75
935 224.69 224.79000000000002 0.02563636363636031 50 30338.25
936 224.54 224.786 0.021575757575757252 50 30330.75
937 224.42 224.77200000000005 0.02303030303030071 50 30324.75
938 224.26 224.59800000000004 0.0064242424242433125 0 30316.75
939 224.07 224.39600000000002 -0.021939393939401357 0 30316.75
940 224.13 224.284 -0.0805454545454444 0 30316.75
941 224.42 224.26 -0.08539393939393193 0 30316.75
942 224.31 224.23799999999997 -0.09921212121211916 0 30316.75
943 224.36 224.258 -0.06545454545454607 0 30316.75
944 224.35 224.31400000000002 -0.0262424242424195 0 30316.75
945 224.46 224.38000000000002 0.0018181818181927192 0 30316.75
946 224.525 224.401 0.026212121212134273 50 30316.75
947 224.695 224.478 0.05206060606061468 50 30325.25
948 224.79 224.564 0.06909090909091116 50 30330.0
949 224.89 224.672 0.07248484848485585 50 30335.0
950 224.41 224.662 0.04375757575757832 50 30311.0
951 224.59 224.675 0.040787878787881676 50 30320.0
952 224.63 224.66200000000003 0.030606060606061067 50 30322.0
953 224.485 224.601 0.011969696969704784 50 30314.75
954 224.485 224.601 0.011969696969704784 50 30314.75
955 224.88 224.599 0.012696969696962313 50 30334.5
956 224.79 224.675 0.009424242424257764 50 30330.0
957 225.13 224.78300000000002 0.025030303030313037 50 30347.0
958 224.97 224.85100000000003 0.03590909090908574 50 30339.0
959 224.87 224.928 0.044333333333336174 50 30334.0
