time-hour stock-price avg-price-5-min regression coef number-of-stocks portfolio-value 570 222.73 218.34599999999998 0.2081999999999988 0 30000.0
571 221.625 219.20299999999997 0.27899999999999897 0 30000.0
572 221.03 219.925 0.24509999999999582 0 30000.0
573 219.9 220.46700000000004 0.08000000000000013 0 30000.0
574 219.96 221.04900000000004 -0.14529999999999677 0 30000.0
575 221.19 220.74100000000004 -0.03880000000000221 0 30000.0
576 221.27 220.67000000000002 0.035399999999997704 0 30000.0
577 222.15 220.894 0.11619999999999787 0 30000.0
578 221.81 221.276 0.09320000000000161 0 30000.0
579 222.65 221.81400000000002 0.06919999999999882 0 30000.0
580 221.65 221.90600000000003 0.025199999999995278 0 30000.0
581 221.91 222.03400000000002 -0.01279999999999873 25 30000.0
582 222.235 222.05100000000002 0.00220000000000188 0 30008.125
583 221.4 221.96900000000002 -0.03829999999999809 0 30008.125
584 220.7 221.579 -0.04820000000000252 0 30008.125
585 220.21 221.29100000000003 -0.09869999999999961 0 30008.125
586 220.52 221.01300000000003 -0.09239999999999614 0 30008.125
587 218.63 220.292 -0.11439999999999875 0 30008.125
588 218.89 219.79 -0.1040000000000014 0 30008.125
589 218.16 219.282 -0.11459999999999845 0 30008.125
590 217.905 218.82100000000003 -0.11399999999999923 0 30008.125
591 218.625 218.44199999999998 -0.01989999999999743 0 30008.125
592 218.38 218.392 -0.01109999999999854 25 30008.125
593 217.99 218.21200000000005 0.0027000000000004997 25 29998.375
594 217.39 218.05800000000005 -0.03329999999999889 0 29983.375
595 217.1 217.89700000000005 -0.08079999999999994 0 29983.375
596 216.76 217.52400000000003 -0.08260000000000249 0 29983.375
597 216.53 217.15400000000002 -0.07100000000000042 0 29983.375
598 216.13 216.782 -0.061799999999999945 0 29983.375
599 216.05 216.514 -0.05460000000000027 0 29983.375
600 216.38 216.37000000000003 -0.02479999999999989 0 29983.375
601 216.32 216.28200000000004 -0.0034000000000000445 0 29983.375
602 217.57 216.49000000000004 0.0629999999999966 0 29983.375
603 217.73 216.81000000000003 0.0909999999999969 0 29983.375
604 217.28 217.05599999999998 0.06420000000000135 0 29983.375
605 217.65 217.31000000000003 0.04740000000000152 0 29983.375
606 217.41 217.52800000000002 -0.008000000000000881 25 29983.375
607 217.5 217.514 -0.006600000000001378 50 29985.625
608 216.51 217.27 -0.03379999999999931 0 29936.125
609 216.36 217.086 -0.06959999999999827 0 29936.125
610 216.32 216.82 -0.06640000000000074 0 29936.125
611 216.35 216.60800000000003 -0.04979999999999911 25 29936.125
612 216.46 216.40000000000003 -0.002199999999997332 0 29938.875
613 217.24 216.54600000000002 0.03799999999999977 0 29938.875
614 217.09 216.69200000000004 0.04860000000000006 0 29938.875
615 216.09 216.64600000000002 0.002199999999997443 0 29938.875
616 216.29 216.63400000000004 -0.02979999999999744 25 29938.875
617 216.47 216.63600000000002 -0.04680000000000161 50 29943.375
618 215.74 216.336 -0.04639999999999708 0 29906.875
619 214.97 215.912 -0.055800000000002924 0 29906.875
620 214.64 215.622 -0.09600000000000182 0 29906.875
621 214.425 215.24900000000002 -0.10379999999999953 0 29906.875
622 213.94 214.743 -0.08290000000000133 0 29906.875
623 214.4 214.47500000000002 -0.03679999999999979 25 29906.875
624 212.74 214.029 -0.07649999999999839 0 29865.375
625 213.24 213.749 -0.0714000000000036 0 29865.375
626 212.7 213.404 -0.07280000000000235 0 29865.375
627 212.32 213.07999999999998 -0.08399999999999737 0 29865.375
628 212.08 212.61599999999999 -0.044800000000000915 0 29865.375
629 212.71 212.61 -0.0335999999999998 0 29865.375
630 211.52 212.266 -0.03939999999999835 0 29865.375
631 211.38 212.002 -0.04880000000000168 0 29865.375
632 211.51 211.84 -0.04939999999999755 25 29865.375
633 210.96 211.616 -0.07020000000000123 0 29851.625
634 211.34 211.342 -0.015600000000002728 25 29851.625
635 211.66 211.37 0.007799999999998244 0 29859.625
636 211.45 211.384 0.011599999999997737 0 29859.625
637 211.88 211.458 0.039000000000000846 0 29859.625
638 211.545 211.575 0.012600000000000172 0 29859.625
639 212.95 211.89700000000002 0.053500000000004516 0 29859.625
640 211.94 211.953 0.04099999999999978 0 29859.625
641 212.29 212.121 0.02429999999999986 0 29859.625
642 211.26 211.997 -0.024600000000002863 0 29859.625
643 211.5 211.98800000000003 -0.0716000000000021 0 29859.625
644 211.41 211.68000000000004 -0.036999999999996744 25 29859.625
645 212.36 211.76400000000004 0.005799999999999916 0 29883.375
646 212.66 211.83800000000002 0.07320000000000118 0 29883.375
647 213.13 212.21200000000002 0.09019999999999902 0 29883.375
648 213.4 212.59200000000004 0.09499999999999546 0 29883.375
649 212.78 212.86600000000004 0.03159999999999753 0 29883.375
650 213.4 213.07400000000004 0.022600000000001758 0 29883.375
651 213.63 213.26800000000003 0.019999999999998484 0 29883.375
652 213.555 213.35300000000004 0.0231999999999971 0 29883.375
653 213.67 213.40700000000004 0.03870000000000043 0 29883.375
654 213.375 213.52600000000004 -0.00020000000000272824 25 29883.375
655 213.08 213.46200000000005 -0.025599999999996303 50 29876.0
656 213.29 213.394 -0.022399999999997956 75 29886.5
657 212.33 213.149 -0.055299999999995055 0 29814.5
658 212.44 212.90300000000002 -0.052400000000004714 0 29814.5
659 212.4 212.70800000000003 -0.044200000000004874 25 29814.5
660 212.75 212.64200000000002 -0.020200000000000867 0 29823.25
661 213.11 212.60600000000002 0.0373999999999969 0 29823.25
662 213.32 212.80400000000003 0.04940000000000068 0 29823.25
663 213.66 213.04800000000003 0.06179999999999673 0 29823.25
664 213.785 213.32500000000002 0.052399999999999704 0 29823.25
665 213.69 213.513 0.032499999999997066 0 29823.25
666 213.35 213.56100000000004 0.0018000000000014506 0 29823.25
667 213.28 213.553 -0.02389999999999987 25 29823.25
668 213.03 213.42700000000002 -0.038400000000002044 50 29817.0
669 213.12 213.294 -0.029199999999999966 75 29821.5
670 213.69 213.294 0.01039999999999552 0 29864.25
671 213.5 213.324 0.021999999999996668 0 29864.25
672 213.48 213.364 0.025600000000002364 0 29864.25
673 213.48 213.364 0.025600000000002364 0 29864.25
674 213 213.358 -0.008999999999999404 25 29864.25
675 212.86 213.306 -0.04320000000000032 0 29860.75
676 212.84 213.13600000000002 -0.038800000000000785 25 29860.75
677 212.84 213.13600000000002 -0.038800000000000785 50 29860.75
678 213.005 213.037 -0.022199999999997985 75 29869.0
679 213.005 213.037 -0.022199999999997985 100 29869.0
680 212.25 212.791 -0.02710000000000108 0 29793.5
681 212.15 212.62100000000004 -0.04019999999999798 0 29793.5
682 212.15 212.47900000000004 -0.04470000000000242 25 29793.5
683 212.03 212.317 -0.04100000000000021 50 29790.5
684 212.11 212.138 -0.00800000000000237 75 29794.5
685 212.11 212.138 -0.00800000000000237 100 29794.5
686 212.11 212.138 -0.00800000000000237 125 29794.5
687 212.19 212.12600000000003 0.0008000000000011444 0 29804.5
688 211.43 211.98200000000003 -0.025600000000001767 0 29804.5
689 211.81 211.91400000000002 -0.022400000000003258 25 29804.5
690 211.55 211.818 -0.030000000000000634 50 29798.0
691 211.33 211.66200000000003 -0.03199999999999608 75 29787.0
692 211.39 211.50199999999998 -0.011199999999998583 100 29791.5
693 211.41 211.49800000000002 -0.019200000000000897 125 29793.5
694 211.31 211.39800000000002 -0.008000000000002146 150 29781.0
695 211.32 211.35200000000003 -0.0020000000000019356 175 29782.5
696 211 211.286 -0.01739999999999746 200 29726.5
697 210.41 211.09000000000003 -0.04619999999999869 0 29608.5
698 210.79 210.966 -0.03900000000000471 25 29608.5
699 211.13 210.93 -0.011799999999999748 0 29617.0
700 211.38 210.942 0.02959999999999687 0 29617.0
701 211.46 211.03400000000002 0.05380000000000165 0 29617.0
702 211.4 211.232 0.030999999999996843 0 29617.0
703 211.81 211.436 0.0276000000000065 0 29617.0
704 211.51 211.512 0.012199999999997043 0 29617.0
705 211.48 211.53199999999998 0.003000000000000347 0 29617.0
706 211.48 211.53199999999998 0.003000000000000347 0 29617.0
707 211.48 211.53199999999998 0.003000000000000347 0 29617.0
708 212.34 211.70799999999997 0.030999999999996378 0 29617.0
709 211.88 211.804 0.01940000000000294 0 29617.0
710 211.94 211.83 0.02520000000000087 0 29617.0
711 211.76 211.88000000000002 0.003200000000000579 0 29617.0
712 211.78 211.94 -0.024800000000002393 25 29617.0
713 211.58 211.788 -0.015200000000005057 50 29612.0
714 211.64 211.74 -0.015600000000004445 75 29615.0
715 212 211.752 0.006799999999999058 0 29642.0
716 211.79 211.758 0.008800000000001654 0 29642.0
717 211.8 211.76200000000003 0.01179999999999868 0 29642.0
718 211.97 211.84000000000003 0.009199999999996239 0 29642.0
719 211.79 211.87000000000003 -0.004800000000001415 25 29642.0
720 211.69 211.80800000000002 -0.004200000000002689 50 29639.5
721 211.555 211.76100000000002 -0.015400000000001239 75 29632.75
722 211.31 211.663 -0.031099999999997387 100 29614.375
723 211.46 211.561 -0.02080000000000395 125 29629.375
724 211.37 211.477 -0.014700000000000081 150 29618.125
725 211.37 211.477 -0.014700000000000081 175 29618.125
726 211.49 211.437 -0.001400000000001099 0 29639.125
727 211.59 211.44400000000002 0.011799999999999176 0 29639.125
728 211.99 211.58 0.025599999999999633 0 29639.125
729 212.19 211.726 0.042799999999999706 0 29639.125
730 212.01 211.85399999999998 0.032799999999999385 0 29639.125
731 212.1 211.976 0.020799999999994722 0 29639.125
732 212.66 212.19000000000003 0.02499999999999739 0 29639.125
733 212.68 212.328 0.032600000000001544 0 29639.125
734 212.46 212.382 0.029600000000001705 0 29639.125
735 212.49 212.478 0.01159999999999972 0 29639.125
736 212.89 212.63600000000002 0.005399999999999216 0 29639.125
737 212.87 212.67800000000003 0.016199999999998202 0 29639.125
738 213.18 212.77800000000002 0.03640000000000259 0 29639.125
739 213.28 212.942 0.03739999999999888 0 29639.125
740 213.23 213.09000000000003 0.02179999999999864 0 29639.125
741 213.21 213.154 0.01459999999999846 0 29639.125
742 213.5 213.28000000000003 0.011400000000000176 0 29639.125
743 213.47 213.33800000000002 0.012999999999996644 0 29639.125
744 213.74 213.43 0.025600000000000987 0 29639.125
745 213.63 213.51 0.021599999999997208 0 29639.125
746 213.75 213.618 0.013199999999997622 0 29639.125
747 213.83 213.68400000000003 0.014599999999997422 0 29639.125
748 213.5 213.69 -0.005600000000002359 25 29639.125
749 213.68 213.678 -0.0030000000000032128 0 29643.625
750 213.28 213.608 -0.021799999999997485 25 29643.625
751 213.11 213.48000000000002 -0.03320000000000218 50 29639.375
752 212.97 213.30800000000002 -0.03259999999999759 75 29632.375
753 212.93 213.19400000000002 -0.03619999999999968 100 29629.375
754 213.24 213.10600000000002 -0.005200000000001345 0 29660.375
755 213.04 213.05800000000002 0.0025999999999986516 0 29660.375
756 212.9 213.01600000000002 -0.0005999999999934341 25 29660.375
757 212.79 212.98000000000002 -0.01240000000000234 50 29657.625
758 212.94 212.982 -0.017000000000002007 75 29665.125
759 213.05 212.94400000000002 0.0011999999999967887 0 29673.375
760 213.17 212.97000000000003 0.01599999999999586 0 29673.375
761 213.33 213.05599999999998 0.026200000000005472 0 29673.375
762 213.3 213.15800000000002 0.020000000000005142 0 29673.375
763 213.41 213.252 0.0170000000000017 0 29673.375
764 213.41 213.252 0.0170000000000017 0 29673.375
765 213.66 213.374 0.021199999999999292 0 29673.375
766 213.74 213.488 0.023599999999998535 0 29673.375
767 214.05 213.632 0.0366000000000021 0 29673.375
768 214.1 213.792 0.03539999999999659 0 29673.375
769 214.405 213.991 0.036999999999995085 0 29673.375
770 214.8 214.21900000000002 0.04950000000000198 0 29673.375
771 214.64 214.399 0.037600000000003256 0 29673.375
772 214.66 214.52100000000002 0.027099999999997577 0 29673.375
773 214.9 214.68100000000004 0.017000000000001913 0 29673.375
774 214.61 214.722 -0.0023999999999994768 25 29673.375
775 214.54 214.67000000000002 -0.005000000000002199 50 29671.625
776 214.55 214.65200000000002 -0.01160000000000293 75 29672.125
777 214.55 214.65200000000002 -0.01160000000000293 100 29672.125
778 214.43 214.606 -0.01999999999999904 125 29660.125
779 214.11 214.448 -0.02219999999999658 150 29620.125000000004
780 214.23 214.372 -0.021200000000001648 175 29638.125
781 214 214.264 -0.02599999999999946 200 29597.875
782 213.86 214.12600000000003 -0.02500000000000195 225 29569.875
783 213.73 213.98600000000002 -0.02260000000000039 250 29540.625
784 213.81 213.92600000000002 -0.02220000000000257 275 29560.625
785 213.81 213.92600000000002 -0.02220000000000257 300 29560.625
786 214 213.88000000000002 -0.001000000000005314 0 29617.625
787 214.39 213.95800000000003 0.02660000000000205 0 29617.625
788 214.42 214.07000000000005 0.03919999999999952 0 29617.625
789 214.13 214.15 0.02119999999999546 0 29617.625
790 213.85 214.15800000000002 -0.01120000000000114 25 29617.625
791 213 213.958 -0.06699999999999819 0 29596.375
792 213.05 213.69000000000003 -0.07740000000000041 0 29596.375
793 213.21 213.448 -0.05279999999999454 25 29596.375
794 213.21 213.448 -0.05279999999999454 50 29596.375
795 212.89 213.20000000000002 -0.03419999999999691 75 29580.375
796 212.86 213.002 -0.0087999999999976 100 29578.125
797 212.95 212.99200000000002 -0.011000000000002928 125 29587.125
798 213.03 212.988 -0.005999999999998835 0 29597.125
799 212.92 212.93 0.004600000000001122 0 29597.125
800 213.04 212.96 0.006599999999995563 0 29597.125
801 213.04 212.96 0.006599999999995563 0 29597.125
802 212.89 212.966 -0.002200000000003798 25 29597.125
803 213.03 212.982 -0.0005999999999972568 0 29600.625
804 213.03 212.982 -0.0005999999999972568 0 29600.625
805 213.09 212.994 0.006599999999995554 0 29600.625
806 213.26 213.062 0.01279999999999567 0 29600.625
807 213.26 213.062 0.01279999999999567 0 29600.625
808 213.2 213.094 0.017000000000001673 0 29600.625
809 213.35 213.18600000000004 0.015000000000004161 0 29600.625
810 213.29 213.238 0.009800000000003304 0 29600.625
811 212.95 213.21 -0.01060000000000471 25 29600.625
812 212.95 213.21 -0.01060000000000471 50 29600.625
813 213 213.158 -0.016000000000003314 75 29603.125
814 212.89 213.096 -0.024199999999999562 100 29594.875
815 212.55 212.93600000000004 -0.0307999999999965 125 29560.875
816 212.56 212.79000000000002 -0.024599999999997034 150 29562.125
817 212.43 212.68599999999998 -0.02939999999999501 175 29542.625
818 212.25 212.536 -0.027999999999999532 200 29511.125
819 212.5 212.45800000000003 -0.008200000000003045 0 29561.125
820 212.22 212.392 -0.012200000000001748 25 29561.125
821 212.12 212.304 -0.013000000000000046 50 29558.625
822 212.06 212.23000000000002 -0.015200000000003596 75 29555.625
823 211.91 212.16200000000003 -0.02679999999999483 100 29544.375
824 211.855 212.03300000000004 -0.018800000000001343 125 29538.875
825 212.13 212.01500000000004 -0.003700000000000749 0 29573.25
826 212.3 212.05100000000002 0.013999999999994179 0 29573.25
827 212.045 212.048 0.01429999999999681 0 29573.25
828 211.78 212.022 -0.0047000000000015675 25 29573.25
829 211.53 211.95700000000002 -0.0344000000000008 0 29567.0
830 211.44 211.81900000000002 -0.04470000000000246 25 29567.0
831 211.63 211.685 -0.02339999999999938 50 29571.75
832 211.78 211.632 0.001999999999999337 0 29579.25
833 211.65 211.60600000000002 0.011600000000002697 0 29579.25
834 211.815 211.663 0.015400000000001385 0 29579.25
835 211.815 211.663 0.015400000000001385 0 29579.25
836 211.835 211.74200000000002 0.008900000000003863 0 29579.25
837 212.23 211.862 0.021699999999997603 0 29579.25
838 212.15 211.93600000000004 0.02829999999999664 0 29579.25
839 212.36 212.078 0.02809999999999993 0 29579.25
840 212.17 212.14900000000003 0.015999999999999702 0 29579.25
841 212.28 212.238 0.0024000000000018312 0 29579.25
842 212.28 212.238 0.0024000000000018312 0 29579.25
843 211.94 212.18000000000004 -0.010000000000003463 25 29579.25
844 211.71 212.092 -0.03059999999999894 50 29573.5
845 211.42 211.904 -0.04139999999999533 0 29559.0
846 211.42 211.904 -0.04139999999999533 0 29559.0
847 211.54 211.778 -0.040000000000002256 25 29559.0
848 211.28 211.578 -0.029799999999998866 50 29552.5
849 210.83 211.356 -0.03800000000000113 0 29530.0
850 210.83 211.18 -0.03780000000000058 25 29530.0
851 210.96 211.088 -0.03219999999999784 50 29533.25
852 210.87 210.954 -0.013799999999998758 75 29528.75
853 210.87 210.954 -0.013799999999998758 100 29528.75
854 210.93 210.88400000000004 0.0048000000000018375 0 29534.75
855 210.92 210.90200000000002 0.0029999999999971855 0 29534.75
856 211.12 210.96000000000004 0.007400000000000238 0 29534.75
857 210.85 210.93800000000005 0.0030000000000012434 0 29534.75
858 210.995 210.96300000000002 0.0012000000000023355 0 29534.75
859 210.99 210.97500000000002 0.00030000000000196373 0 29534.75
860 210.73 210.937 -0.012800000000003208 25 29534.75
861 209.86 210.68500000000003 -0.04490000000000047 0 29513.0
862 209.98 210.51100000000005 -0.06320000000000252 0 29513.0
863 209.31 210.174 -0.0822000000000031 0 29513.0
864 209.16 209.808 -0.07379999999999913 0 29513.0
865 209.32 209.526 -0.038000000000004176 25 29513.0
866 209.89 209.532 -0.0033999999999976137 0 29527.25
867 209.84 209.50400000000002 0.035800000000004065 0 29527.25
868 209.87 209.61599999999999 0.03880000000000553 0 29527.25
869 209.87 209.61599999999999 0.03880000000000553 0 29527.25
870 209.83 209.75000000000003 0.020000000000000503 0 29527.25
871 209.75 209.836 -0.005799999999998504 25 29527.25
872 209.75 209.836 -0.005799999999998504 50 29527.25
873 209.47 209.752 -0.017199999999999296 75 29513.25
874 209.37 209.65800000000002 -0.027199999999998267 100 29505.75
875 209.37 209.65800000000002 -0.027199999999998267 125 29505.75
876 209.47 209.57800000000003 -0.022000000000002278 150 29518.25
877 209.57 209.526 -0.0072000000000014205 0 29533.25
878 209.72 209.52000000000004 0.014000000000000134 0 29533.25
879 209.9 209.606 0.02619999999999614 0 29533.25
880 209.9 209.606 0.02619999999999614 0 29533.25
881 209.89 209.71000000000004 0.02340000000000301 0 29533.25
882 209.95 209.806 0.01859999999999803 0 29533.25
883 209.95 209.88200000000003 0.010200000000004998 0 29533.25
884 209.66 209.87 -0.008400000000001646 25 29533.25
885 210.55 210.0 0.020600000000003844 0 29555.5
886 210.23 210.068 0.02319999999999777 0 29555.5
887 210.23 210.068 0.02319999999999777 0 29555.5
888 210.38 210.154 0.028600000000001718 0 29555.5
889 210.245 210.213 0.02000000000000076 0 29555.5
890 210.39 210.359 -0.006099999999998091 0 29555.5
891 210.71 210.39100000000002 0.01940000000000041 0 29555.5
892 210.99 210.543 0.03370000000000039 0 29555.5
893 211.09 210.685 0.045800000000000965 0 29555.5
894 210.87 210.81000000000003 0.026799999999998225 0 29555.5
895 210.87 210.81000000000003 0.026799999999998225 0 29555.5
896 211.11 210.95400000000004 0.013599999999998384 0 29555.5
897 211.28 211.068 0.012000000000000186 0 29555.5
898 211.17 211.104 0.01139999999999884 0 29555.5
899 210.89 211.06400000000002 0.0019999999999941636 0 29555.5
900 210.71 211.032 -0.02380000000000154 25 29555.5
901 210.71 211.032 -0.02380000000000154 50 29555.5
902 210.71 211.032 -0.02380000000000154 75 29555.5
903 210.57 210.924 -0.03759999999999864 100 29545.0
904 210.2 210.708 -0.04520000000000158 0 29508.0
905 210.26 210.52599999999998 -0.03540000000000262 25 29508.0
906 210.2 210.38799999999998 -0.026599999999999544 50 29506.5
907 210.18 210.28199999999998 -0.015600000000002409 75 29505.5
908 210.16 210.20000000000002 -0.0031999999999978742 100 29504.0
909 210.3 210.22 0.0007999999999995636 0 29518.0
910 210.97 210.36200000000002 0.03319999999999876 0 29518.0
911 210.95 210.512 0.046999999999998016 0 29518.0
912 210.89 210.654 0.042199999999998926 0 29518.0
913 210.8 210.782 0.018399999999999635 0 29518.0
914 210.71 210.864 -0.013400000000000127 25 29518.0
915 210.31 210.732 -0.02919999999999695 0 29508.0
916 210.66 210.674 -0.018999999999998317 25 29508.0
917 210.66 210.674 -0.018999999999998317 50 29508.0
918 210.61 210.61800000000002 -0.008599999999999495 75 29505.5
919 210.53 210.56400000000002 -0.0011999999999989805 100 29499.5
920 210.53 210.56400000000002 -0.0011999999999989805 125 29499.5
921 210.39 210.50000000000003 0.0006000000000026544 125 29482.0
922 210.39 210.50000000000003 0.0006000000000026544 125 29482.0
923 210.39 210.50000000000003 0.0006000000000026544 125 29482.0
924 210.2 210.478 -0.022800000000002308 150 29458.25
925 210.21 210.388 -0.02260000000000138 175 29459.75
926 209.92 210.25 -0.028000000000001316 200 29409.0
927 209.58 210.06 -0.0380000000000017 0 29341.0
928 209.61 209.904 -0.03620000000000283 25 29341.0
929 209.675 209.799 -0.027599999999998907 50 29342.625
930 209.49 209.655 -0.015300000000000152 75 29333.375
931 209.56 209.58300000000003 -0.0031999999999975277 100 29338.625
932 209.89 209.645 0.00889999999999947 0 29371.625
933 210.03 209.729 0.022199999999997538 0 29371.625
934 209.835 209.76100000000002 0.023199999999996748 0 29371.625
935 209.93 209.84900000000005 0.01370000000000204 0 29371.625
936 210.09 209.955 0.005999999999996812 0 29371.625
937 209.96 209.96900000000005 0.0022999999999977557 0 29371.625
938 209.77 209.91700000000003 -0.0019999999999949537 25 29371.625
939 209.92 209.93400000000003 -0.006800000000001104 50 29375.375
940 209.93 209.93400000000003 -0.0071999999999974714 75 29375.875
941 209.93 209.93400000000003 -0.0071999999999974714 100 29375.875
942 209.75 209.86599999999999 -0.005199999999998931 125 29357.875
943 209.25 209.72400000000002 -0.024200000000004374 0 29295.375
944 209.25 209.72400000000002 -0.024200000000004374 0 29295.375
945 209.84 209.738 -0.016800000000001168 0 29295.375
946 209.68 209.69000000000003 -0.008200000000000374 25 29295.375
947 209.87 209.678 0.013400000000002821 0 29300.125
948 209.995 209.727 0.030400000000000753 0 29300.125
949 209.93 209.863 0.00990000000000134 0 29300.125
950 209.85 209.86500000000004 0.007999999999997596 0 29300.125
951 209.54 209.83700000000005 -0.016100000000000447 25 29300.125
952 209.54 209.83700000000005 -0.016100000000000447 50 29300.125
953 209.54 209.77100000000002 -0.026000000000003607 75 29300.125
954 209.64 209.7 -0.01780000000000221 100 29307.625
955 209.76 209.666 -0.0015999999999966744 0 29319.625
956 209.38 209.572 -0.001999999999997724 25 29319.625
957 209.38 209.572 -0.001999999999997724 50 29319.625
958 209.15 209.494 -0.02079999999999478 75 29308.125
959 209.3 209.44600000000003 -0.02579999999999734 100 29319.375
570 222.73 218.374 0.21019999999999436 0 30000.0
571 221.625 219.233 0.27760000000000196 0 30000.0
572 221.03 219.971 0.23590000000000017 0 30000.0
573 219.9 220.46700000000004 0.08000000000000013 0 30000.0
574 219.96 221.04900000000004 -0.14529999999999677 0 30000.0
575 221.19 220.74100000000004 -0.03880000000000221 0 30000.0
576 221.27 220.67000000000002 0.035399999999997704 0 30000.0
577 222.15 220.894 0.11619999999999787 0 30000.0
578 221.81 221.276 0.09320000000000161 0 30000.0
579 222.65 221.81400000000002 0.06919999999999882 0 30000.0
580 221.65 221.90600000000003 0.025199999999995278 25 30000.0
581 221.91 222.03400000000002 -0.01279999999999873 25 30006.5
582 222.235 222.05100000000002 0.00220000000000188 0 30014.625
583 221.4 221.96900000000002 -0.03829999999999809 0 30014.625
584 220.7 221.579 -0.04820000000000252 0 30014.625
585 220.21 221.29100000000003 -0.09869999999999961 0 30014.625
586 220.52 221.01300000000003 -0.09239999999999614 0 30014.625
587 218.63 220.292 -0.11439999999999875 0 30014.625
588 218.89 219.79 -0.1040000000000014 0 30014.625
589 218.16 219.282 -0.11459999999999845 0 30014.625
590 217.905 218.82100000000003 -0.11399999999999923 0 30014.625
591 218.625 218.44199999999998 -0.01989999999999743 0 30014.625
592 218.38 218.392 -0.01109999999999854 0 30014.625
593 217.99 218.21200000000005 0.0027000000000004997 25 30014.625
594 217.39 218.05800000000005 -0.03329999999999889 25 29999.625
595 217.1 217.89700000000005 -0.08079999999999994 25 29992.375
596 216.76 217.52400000000003 -0.08260000000000249 25 29983.875
597 216.53 217.15400000000002 -0.07100000000000042 25 29978.125
598 216.13 216.782 -0.061799999999999945 25 29968.125
599 216.05 216.514 -0.05460000000000027 25 29966.125
600 216.38 216.37000000000003 -0.02479999999999989 0 29974.375
601 216.32 216.28200000000004 -0.0034000000000000445 0 29974.375
602 217.57 216.49000000000004 0.0629999999999966 0 29974.375
603 217.73 216.81000000000003 0.0909999999999969 0 29974.375
604 217.28 217.05599999999998 0.06420000000000135 0 29974.375
605 217.65 217.31000000000003 0.04740000000000152 0 29974.375
606 217.41 217.52800000000002 -0.008000000000000881 0 29974.375
607 217.5 217.514 -0.006600000000001378 0 29974.375
608 216.51 217.27 -0.03379999999999931 0 29974.375
609 216.36 217.086 -0.06959999999999827 0 29974.375
610 216.32 216.82 -0.06640000000000074 0 29974.375
611 216.35 216.60800000000003 -0.04979999999999911 0 29974.375
612 216.46 216.40000000000003 -0.002199999999997332 0 29974.375
613 217.24 216.54600000000002 0.03799999999999977 0 29974.375
614 217.09 216.69200000000004 0.04860000000000006 0 29974.375
615 216.09 216.64600000000002 0.002199999999997443 0 29974.375
616 216.29 216.63400000000004 -0.02979999999999744 0 29974.375
617 216.47 216.63600000000002 -0.04680000000000161 0 29974.375
618 215.74 216.336 -0.04639999999999708 0 29974.375
619 214.97 215.912 -0.055800000000002924 0 29974.375
620 214.64 215.622 -0.09600000000000182 0 29974.375
621 214.425 215.24900000000002 -0.10379999999999953 0 29974.375
622 213.94 214.743 -0.08290000000000133 0 29974.375
623 214.4 214.47500000000002 -0.03679999999999979 0 29974.375
624 212.74 214.029 -0.07649999999999839 0 29974.375
625 213.24 213.749 -0.0714000000000036 0 29974.375
626 212.7 213.404 -0.07280000000000235 0 29974.375
627 212.32 213.07999999999998 -0.08399999999999737 0 29974.375
628 212.08 212.61599999999999 -0.044800000000000915 0 29974.375
629 212.71 212.61 -0.0335999999999998 0 29974.375
630 211.52 212.266 -0.03939999999999835 0 29974.375
631 211.38 212.002 -0.04880000000000168 0 29974.375
632 211.51 211.84 -0.04939999999999755 0 29974.375
633 210.96 211.616 -0.07020000000000123 0 29974.375
634 211.34 211.342 -0.015600000000002728 0 29974.375
635 211.66 211.37 0.007799999999998244 0 29974.375
636 211.45 211.384 0.011599999999997737 0 29974.375
637 211.88 211.458 0.039000000000000846 0 29974.375
638 211.545 211.575 0.012600000000000172 25 29974.375
639 212.95 211.89700000000002 0.053500000000004516 0 30009.5
640 211.94 211.953 0.04099999999999978 25 30009.5
641 212.29 212.121 0.02429999999999986 0 30018.25
642 211.26 211.997 -0.024600000000002863 0 30018.25
643 211.5 211.98800000000003 -0.0716000000000021 0 30018.25
644 211.41 211.68000000000004 -0.036999999999996744 0 30018.25
645 212.36 211.76400000000004 0.005799999999999916 0 30018.25
646 212.66 211.83800000000002 0.07320000000000118 0 30018.25
647 213.13 212.21200000000002 0.09019999999999902 0 30018.25
648 213.4 212.59200000000004 0.09499999999999546 0 30018.25
649 212.78 212.86600000000004 0.03159999999999753 25 30018.25
650 213.4 213.07400000000004 0.022600000000001758 0 30033.75
651 213.63 213.26800000000003 0.019999999999998484 0 30033.75
652 213.555 213.35300000000004 0.0231999999999971 0 30033.75
653 213.67 213.40700000000004 0.03870000000000043 0 30033.75
654 213.375 213.52600000000004 -0.00020000000000272824 0 30033.75
655 213.08 213.46200000000005 -0.025599999999996303 0 30033.75
656 213.29 213.394 -0.022399999999997956 0 30033.75
657 212.33 213.149 -0.055299999999995055 0 30033.75
658 212.44 212.90300000000002 -0.052400000000004714 0 30033.75
659 212.4 212.70800000000003 -0.044200000000004874 0 30033.75
660 212.75 212.64200000000002 -0.020200000000000867 0 30033.75
661 213.11 212.60600000000002 0.0373999999999969 0 30033.75
662 213.32 212.80400000000003 0.04940000000000068 0 30033.75
663 213.66 213.04800000000003 0.06179999999999673 0 30033.75
664 213.785 213.32500000000002 0.052399999999999704 0 30033.75
665 213.69 213.513 0.032499999999997066 0 30033.75
666 213.35 213.56100000000004 0.0018000000000014506 25 30033.75
667 213.28 213.553 -0.02389999999999987 25 30032.0
668 213.03 213.42700000000002 -0.038400000000002044 25 30025.75
669 213.12 213.294 -0.029199999999999966 25 30028.0
670 213.69 213.294 0.01039999999999552 0 30042.25
671 213.5 213.324 0.021999999999996668 0 30042.25
672 213.48 213.364 0.025600000000002364 0 30042.25
673 213.48 213.364 0.025600000000002364 0 30042.25
674 213 213.358 -0.008999999999999404 0 30042.25
675 212.86 213.306 -0.04320000000000032 0 30042.25
676 212.84 213.13600000000002 -0.038800000000000785 0 30042.25
677 212.84 213.13600000000002 -0.038800000000000785 0 30042.25
678 213.005 213.037 -0.022199999999997985 0 30042.25
679 213.005 213.037 -0.022199999999997985 0 30042.25
680 212.25 212.791 -0.02710000000000108 0 30042.25
681 212.15 212.62100000000004 -0.04019999999999798 0 30042.25
682 212.15 212.47900000000004 -0.04470000000000242 0 30042.25
683 212.03 212.317 -0.04100000000000021 0 30042.25
684 212.11 212.138 -0.00800000000000237 0 30042.25
685 212.11 212.138 -0.00800000000000237 0 30042.25
686 212.11 212.138 -0.00800000000000237 0 30042.25
687 212.19 212.12600000000003 0.0008000000000011444 0 30042.25
688 211.43 211.98200000000003 -0.025600000000001767 0 30042.25
689 211.81 211.91400000000002 -0.022400000000003258 0 30042.25
690 211.55 211.818 -0.030000000000000634 0 30042.25
691 211.33 211.66200000000003 -0.03199999999999608 0 30042.25
692 211.39 211.50199999999998 -0.011199999999998583 0 30042.25
693 211.41 211.49800000000002 -0.019200000000000897 0 30042.25
694 211.31 211.39800000000002 -0.008000000000002146 0 30042.25
695 211.32 211.35200000000003 -0.0020000000000019356 0 30042.25
696 211 211.286 -0.01739999999999746 0 30042.25
697 210.41 211.09000000000003 -0.04619999999999869 0 30042.25
698 210.79 210.966 -0.03900000000000471 0 30042.25
699 211.13 210.93 -0.011799999999999748 0 30042.25
700 211.38 210.942 0.02959999999999687 0 30042.25
701 211.46 211.03400000000002 0.05380000000000165 0 30042.25
702 211.4 211.232 0.030999999999996843 0 30042.25
703 211.81 211.436 0.0276000000000065 0 30042.25
704 211.51 211.512 0.012199999999997043 25 30042.25
705 211.48 211.53199999999998 0.003000000000000347 50 30041.5
706 211.48 211.53199999999998 0.003000000000000347 75 30041.5
707 211.48 211.53199999999998 0.003000000000000347 100 30041.5
708 212.34 211.70799999999997 0.030999999999996378 0 30127.5
709 211.88 211.804 0.01940000000000294 0 30127.5
710 211.94 211.83 0.02520000000000087 0 30127.5
711 211.76 211.88000000000002 0.003200000000000579 25 30127.5
712 211.78 211.94 -0.024800000000002393 25 30128.0
713 211.58 211.788 -0.015200000000005057 25 30123.0
714 211.64 211.74 -0.015600000000004445 25 30124.5
715 212 211.752 0.006799999999999058 0 30133.5
716 211.79 211.758 0.008800000000001654 0 30133.5
717 211.8 211.76200000000003 0.01179999999999868 0 30133.5
718 211.97 211.84000000000003 0.009199999999996239 0 30133.5
719 211.79 211.87000000000003 -0.004800000000001415 0 30133.5
720 211.69 211.80800000000002 -0.004200000000002689 0 30133.5
721 211.555 211.76100000000002 -0.015400000000001239 0 30133.5
722 211.31 211.663 -0.031099999999997387 0 30133.5
723 211.46 211.561 -0.02080000000000395 0 30133.5
724 211.37 211.477 -0.014700000000000081 0 30133.5
725 211.37 211.477 -0.014700000000000081 0 30133.5
726 211.49 211.437 -0.001400000000001099 0 30133.5
727 211.59 211.44400000000002 0.011799999999999176 0 30133.5
728 211.99 211.58 0.025599999999999633 0 30133.5
729 212.19 211.726 0.042799999999999706 0 30133.5
730 212.01 211.85399999999998 0.032799999999999385 0 30133.5
731 212.1 211.976 0.020799999999994722 0 30133.5
732 212.66 212.19000000000003 0.02499999999999739 0 30133.5
733 212.68 212.328 0.032600000000001544 0 30133.5
734 212.46 212.382 0.029600000000001705 0 30133.5
735 212.49 212.478 0.01159999999999972 0 30133.5
736 212.89 212.63600000000002 0.005399999999999216 0 30133.5
737 212.87 212.67800000000003 0.016199999999998202 0 30133.5
738 213.18 212.77800000000002 0.03640000000000259 0 30133.5
739 213.28 212.942 0.03739999999999888 0 30133.5
740 213.23 213.09000000000003 0.02179999999999864 0 30133.5
741 213.21 213.154 0.01459999999999846 0 30133.5
742 213.5 213.28000000000003 0.011400000000000176 0 30133.5
743 213.47 213.33800000000002 0.012999999999996644 0 30133.5
744 213.74 213.43 0.025600000000000987 0 30133.5
745 213.63 213.51 0.021599999999997208 0 30133.5
746 213.75 213.618 0.013199999999997622 0 30133.5
747 213.83 213.68400000000003 0.014599999999997422 0 30133.5
748 213.5 213.69 -0.005600000000002359 0 30133.5
749 213.68 213.678 -0.0030000000000032128 0 30133.5
750 213.28 213.608 -0.021799999999997485 0 30133.5
751 213.11 213.48000000000002 -0.03320000000000218 0 30133.5
752 212.97 213.30800000000002 -0.03259999999999759 0 30133.5
753 212.93 213.19400000000002 -0.03619999999999968 0 30133.5
754 213.24 213.10600000000002 -0.005200000000001345 0 30133.5
755 213.04 213.05800000000002 0.0025999999999986516 25 30133.5
756 212.9 213.01600000000002 -0.0005999999999934341 25 30130.0
757 212.79 212.98000000000002 -0.01240000000000234 25 30127.25
758 212.94 212.982 -0.017000000000002007 25 30131.0
759 213.05 212.94400000000002 0.0011999999999967887 0 30133.75
760 213.17 212.97000000000003 0.01599999999999586 0 30133.75
761 213.33 213.05599999999998 0.026200000000005472 0 30133.75
762 213.3 213.15800000000002 0.020000000000005142 0 30133.75
763 213.41 213.252 0.0170000000000017 0 30133.75
764 213.41 213.252 0.0170000000000017 0 30133.75
765 213.66 213.374 0.021199999999999292 0 30133.75
766 213.74 213.488 0.023599999999998535 0 30133.75
767 214.05 213.632 0.0366000000000021 0 30133.75
768 214.1 213.792 0.03539999999999659 0 30133.75
769 214.405 213.991 0.036999999999995085 0 30133.75
770 214.8 214.21900000000002 0.04950000000000198 0 30133.75
771 214.64 214.399 0.037600000000003256 0 30133.75
772 214.66 214.52100000000002 0.027099999999997577 0 30133.75
773 214.9 214.68100000000004 0.017000000000001913 0 30133.75
774 214.61 214.722 -0.0023999999999994768 0 30133.75
775 214.54 214.67000000000002 -0.005000000000002199 0 30133.75
776 214.55 214.65200000000002 -0.01160000000000293 0 30133.75
777 214.55 214.65200000000002 -0.01160000000000293 0 30133.75
778 214.43 214.606 -0.01999999999999904 0 30133.75
779 214.11 214.448 -0.02219999999999658 0 30133.75
780 214.23 214.372 -0.021200000000001648 0 30133.75
781 214 214.264 -0.02599999999999946 0 30133.75
782 213.86 214.12600000000003 -0.02500000000000195 0 30133.75
783 213.73 213.98600000000002 -0.02260000000000039 0 30133.75
784 213.81 213.92600000000002 -0.02220000000000257 0 30133.75
785 213.81 213.92600000000002 -0.02220000000000257 0 30133.75
786 214 213.88000000000002 -0.001000000000005314 0 30133.75
787 214.39 213.95800000000003 0.02660000000000205 0 30133.75
788 214.42 214.07000000000005 0.03919999999999952 0 30133.75
789 214.13 214.15 0.02119999999999546 25 30133.75
790 213.85 214.15800000000002 -0.01120000000000114 25 30126.75
791 213 213.958 -0.06699999999999819 25 30105.5
792 213.05 213.69000000000003 -0.07740000000000041 25 30106.75
793 213.21 213.448 -0.05279999999999454 25 30110.75
794 213.21 213.448 -0.05279999999999454 25 30110.75
795 212.89 213.20000000000002 -0.03419999999999691 25 30102.75
796 212.86 213.002 -0.0087999999999976 25 30102.0
797 212.95 212.99200000000002 -0.011000000000002928 25 30104.25
798 213.03 212.988 -0.005999999999998835 0 30106.25
799 212.92 212.93 0.004600000000001122 25 30106.25
800 213.04 212.96 0.006599999999995563 0 30109.25
801 213.04 212.96 0.006599999999995563 0 30109.25
802 212.89 212.966 -0.002200000000003798 0 30109.25
803 213.03 212.982 -0.0005999999999972568 0 30109.25
804 213.03 212.982 -0.0005999999999972568 0 30109.25
805 213.09 212.994 0.006599999999995554 0 30109.25
806 213.26 213.062 0.01279999999999567 0 30109.25
807 213.26 213.062 0.01279999999999567 0 30109.25
808 213.2 213.094 0.017000000000001673 0 30109.25
809 213.35 213.18600000000004 0.015000000000004161 0 30109.25
810 213.29 213.238 0.009800000000003304 0 30109.25
811 212.95 213.21 -0.01060000000000471 0 30109.25
812 212.95 213.21 -0.01060000000000471 0 30109.25
813 213 213.158 -0.016000000000003314 0 30109.25
814 212.89 213.096 -0.024199999999999562 0 30109.25
815 212.55 212.93600000000004 -0.0307999999999965 0 30109.25
816 212.56 212.79000000000002 -0.024599999999997034 0 30109.25
817 212.43 212.68599999999998 -0.02939999999999501 0 30109.25
818 212.25 212.536 -0.027999999999999532 0 30109.25
819 212.5 212.45800000000003 -0.008200000000003045 0 30109.25
820 212.22 212.392 -0.012200000000001748 0 30109.25
821 212.12 212.304 -0.013000000000000046 0 30109.25
822 212.06 212.23000000000002 -0.015200000000003596 0 30109.25
823 211.91 212.16200000000003 -0.02679999999999483 0 30109.25
824 211.855 212.03300000000004 -0.018800000000001343 0 30109.25
825 212.13 212.01500000000004 -0.003700000000000749 0 30109.25
826 212.3 212.05100000000002 0.013999999999994179 0 30109.25
827 212.045 212.048 0.01429999999999681 25 30109.25
828 211.78 212.022 -0.0047000000000015675 25 30102.625
829 211.53 211.95700000000002 -0.0344000000000008 25 30096.375
830 211.44 211.81900000000002 -0.04470000000000246 25 30094.125
831 211.63 211.685 -0.02339999999999938 25 30098.875
832 211.78 211.632 0.001999999999999337 0 30102.625
833 211.65 211.60600000000002 0.011600000000002697 0 30102.625
834 211.815 211.663 0.015400000000001385 0 30102.625
835 211.815 211.663 0.015400000000001385 0 30102.625
836 211.835 211.74200000000002 0.008900000000003863 0 30102.625
837 212.23 211.862 0.021699999999997603 0 30102.625
838 212.15 211.93600000000004 0.02829999999999664 0 30102.625
839 212.36 212.078 0.02809999999999993 0 30102.625
840 212.17 212.14900000000003 0.015999999999999702 0 30102.625
841 212.28 212.238 0.0024000000000018312 0 30102.625
842 212.28 212.238 0.0024000000000018312 0 30102.625
843 211.94 212.18000000000004 -0.010000000000003463 0 30102.625
844 211.71 212.092 -0.03059999999999894 0 30102.625
845 211.42 211.904 -0.04139999999999533 0 30102.625
846 211.42 211.904 -0.04139999999999533 0 30102.625
847 211.54 211.786 -0.041600000000004494 0 30102.625
848 211.28 211.578 -0.029799999999998866 0 30102.625
849 210.83 211.356 -0.03800000000000113 0 30102.625
850 210.83 211.18 -0.03780000000000058 0 30102.625
851 210.96 211.088 -0.03219999999999784 0 30102.625
852 210.87 210.954 -0.013799999999998758 0 30102.625
853 210.87 210.954 -0.013799999999998758 0 30102.625
854 210.93 210.88400000000004 0.0048000000000018375 0 30102.625
855 210.92 210.90200000000002 0.0029999999999971855 0 30102.625
856 211.12 210.96000000000004 0.007400000000000238 0 30102.625
857 210.85 210.93800000000005 0.0030000000000012434 25 30102.625
858 210.995 210.96300000000002 0.0012000000000023355 0 30106.25
859 210.99 210.97500000000002 0.00030000000000196373 0 30106.25
860 210.73 210.937 -0.012800000000003208 0 30106.25
861 209.86 210.68500000000003 -0.04490000000000047 0 30106.25
862 209.98 210.51100000000005 -0.06320000000000252 0 30106.25
863 209.31 210.174 -0.0822000000000031 0 30106.25
864 209.16 209.808 -0.07379999999999913 0 30106.25
865 209.32 209.526 -0.038000000000004176 0 30106.25
866 209.89 209.532 -0.0033999999999976137 0 30106.25
867 209.84 209.50400000000002 0.035800000000004065 0 30106.25
868 209.87 209.61599999999999 0.03880000000000553 0 30106.25
869 209.87 209.61599999999999 0.03880000000000553 0 30106.25
870 209.83 209.75000000000003 0.020000000000000503 0 30106.25
871 209.75 209.836 -0.005799999999998504 0 30106.25
872 209.75 209.836 -0.005799999999998504 0 30106.25
873 209.47 209.752 -0.017199999999999296 0 30106.25
874 209.37 209.65800000000002 -0.027199999999998267 0 30106.25
875 209.37 209.65800000000002 -0.027199999999998267 0 30106.25
876 209.47 209.57800000000003 -0.022000000000002278 0 30106.25
877 209.57 209.526 -0.0072000000000014205 0 30106.25
878 209.72 209.52000000000004 0.014000000000000134 0 30106.25
879 209.9 209.606 0.02619999999999614 0 30106.25
880 209.9 209.606 0.02619999999999614 0 30106.25
881 209.89 209.71000000000004 0.02340000000000301 0 30106.25
882 209.95 209.806 0.01859999999999803 0 30106.25
883 209.95 209.88200000000003 0.010200000000004998 0 30106.25
884 209.66 209.87 -0.008400000000001646 0 30106.25
885 210.55 210.0 0.020600000000003844 0 30106.25
886 210.23 210.068 0.02319999999999777 0 30106.25
887 210.46 210.17000000000002 0.03180000000000043 0 30106.25
888 210.38 210.154 0.028600000000001718 0 30106.25
889 210.245 210.213 0.02000000000000076 0 30106.25
890 210.39 210.359 -0.006099999999998091 0 30106.25
891 210.71 210.39100000000002 0.01940000000000041 0 30106.25
892 210.99 210.543 0.03370000000000039 0 30106.25
893 211.09 210.685 0.045800000000000965 0 30106.25
894 210.87 210.81000000000003 0.026799999999998225 0 30106.25
895 210.87 210.81000000000003 0.026799999999998225 0 30106.25
896 211.11 210.95400000000004 0.013599999999998384 0 30106.25
897 211.28 211.068 0.012000000000000186 0 30106.25
898 211.17 211.104 0.01139999999999884 0 30106.25
899 210.89 211.06400000000002 0.0019999999999941636 25 30106.25
900 210.71 211.032 -0.02380000000000154 25 30101.75
901 210.71 211.032 -0.02380000000000154 25 30101.75
902 210.71 211.032 -0.02380000000000154 25 30101.75
903 210.57 210.924 -0.03759999999999864 25 30098.25
904 210.2 210.708 -0.04520000000000158 25 30089.0
905 210.26 210.582 -0.046600000000000884 25 30090.5
906 210.2 210.38799999999998 -0.026599999999999544 25 30089.0
907 210.18 210.28199999999998 -0.015600000000002409 25 30088.5
908 210.16 210.20000000000002 -0.0031999999999978742 25 30088.0
909 210.3 210.22 0.0007999999999995636 0 30091.5
910 210.97 210.36200000000002 0.03319999999999876 0 30091.5
911 210.95 210.512 0.046999999999998016 0 30091.5
912 210.89 210.654 0.042199999999998926 0 30091.5
913 210.8 210.782 0.018399999999999635 0 30091.5
914 210.71 210.864 -0.013400000000000127 0 30091.5
915 210.31 210.732 -0.02919999999999695 0 30091.5
916 210.66 210.674 -0.018999999999998317 0 30091.5
917 210.66 210.674 -0.018999999999998317 0 30091.5
918 210.61 210.61800000000002 -0.008599999999999495 0 30091.5
919 210.53 210.56400000000002 -0.0011999999999989805 0 30091.5
920 210.53 210.56400000000002 -0.0011999999999989805 0 30091.5
921 210.39 210.50000000000003 0.0006000000000026544 25 30091.5
922 210.39 210.50000000000003 0.0006000000000026544 50 30091.5
923 210.39 210.50000000000003 0.0006000000000026544 75 30091.5
924 210.2 210.478 -0.022800000000002308 75 30077.25
925 210.21 210.388 -0.02260000000000138 75 30078.0
926 209.92 210.25 -0.028000000000001316 75 30056.25
927 209.58 210.06 -0.0380000000000017 75 30030.75
928 209.61 209.904 -0.03620000000000283 75 30033.0
929 209.675 209.799 -0.027599999999998907 75 30037.875
930 209.49 209.655 -0.015300000000000152 75 30024.0
931 209.56 209.58300000000003 -0.0031999999999975277 75 30029.25
932 209.89 209.645 0.00889999999999947 0 30054.0
933 210.03 209.729 0.022199999999997538 0 30054.0
934 209.835 209.76100000000002 0.023199999999996748 0 30054.0
935 209.93 209.84900000000005 0.01370000000000204 0 30054.0
936 210.09 209.955 0.005999999999996812 0 30054.0
937 209.96 209.96900000000005 0.0022999999999977557 25 30054.0
938 209.77 209.91700000000003 -0.0019999999999949537 25 30049.25
939 209.92 209.93400000000003 -0.006800000000001104 25 30053.0
940 209.93 209.93400000000003 -0.0071999999999974714 25 30053.25
941 209.93 209.93400000000003 -0.0071999999999974714 25 30053.25
942 209.75 209.86599999999999 -0.005199999999998931 25 30048.75
943 209.25 209.72400000000002 -0.024200000000004374 25 30036.25
944 209.25 209.72400000000002 -0.024200000000004374 25 30036.25
945 209.84 209.738 -0.016800000000001168 0 30051.0
946 209.68 209.69000000000003 -0.008200000000000374 0 30051.0
947 209.87 209.678 0.013400000000002821 0 30051.0
948 209.995 209.727 0.030400000000000753 0 30051.0
949 209.93 209.863 0.00990000000000134 0 30051.0
950 209.85 209.86500000000004 0.007999999999997596 25 30051.0
951 209.54 209.83700000000005 -0.016100000000000447 25 30043.25
952 209.54 209.83700000000005 -0.016100000000000447 25 30043.25
953 209.54 209.77100000000002 -0.026000000000003607 25 30043.25
954 209.64 209.7 -0.01780000000000221 25 30045.75
955 209.76 209.666 -0.0015999999999966744 0 30048.75
956 209.38 209.572 -0.001999999999997724 0 30048.75
957 209.38 209.572 -0.001999999999997724 0 30048.75
958 209.15 209.494 -0.02079999999999478 0 30048.75
959 209.3 209.44600000000003 -0.02579999999999734 0 30048.75
