time-hour stock-price avg-price-5-min regression-coef number-of-stocks portfolio-value 570 192.83 192.808 -0.03872727272726919 0 30000.0
571 192.9 192.824 -0.03690909090909969 0 30000.0
572 192.3 192.72000000000003 -0.05951515151514626 0 30000.0
573 192.29 192.61 -0.06842424242424025 0 30000.0
574 192.89 192.64200000000002 -0.03872727272726163 0 30000.0
575 193.1 192.69600000000003 -0.005818181818184242 0 30000.0
576 193.22 192.76000000000002 0.02424242424242243 0 30000.0
577 193.3 192.96 0.05381818181818988 0 30000.0
578 193.46 193.19400000000002 0.08763636363635612 0 30000.0
579 193.27 193.27 0.09624242424242525 0 30000.0
580 193.79 193.40800000000002 0.1333333333333283 0 30000.0
581 194 193.56400000000002 0.17490909090908988 0 30000.0
582 193.85 193.67400000000004 0.15496969696970225 0 30000.0
583 193.73 193.72800000000004 0.10903030303030412 0 30000.0
584 193.88 193.85000000000002 0.09381818181818065 0 30000.0
585 194.03 193.89800000000002 0.08878787878787127 0 30000.0
586 193.75 193.848 0.06521212121212852 50 30000.0
587 193.92 193.862 0.0498181818181936 0 30008.5
588 194.18 193.95200000000003 0.05175757575757362 0 30008.5
589 194.16 194.008 0.03121212121213248 0 30008.5
590 194.21 194.044 0.037272727272736283 0 30008.5
591 194.12 194.11800000000002 0.047333333333334594 0 30008.5
592 194.17 194.16800000000003 0.04866666666666667 0 30008.5
593 194.44 194.22000000000003 0.05284848484848061 0 30008.5
594 194.51 194.29000000000002 0.062242424242435035 0 30008.5
595 194.74 194.39600000000004 0.08654545454546084 0 30008.5
596 194.56 194.484 0.07375757575757855 0 30008.5
597 194.59 194.56800000000004 0.06412121212121046 0 30008.5
598 194.53 194.586 0.06042424242425012 50 30008.5
599 194.62 194.60800000000003 0.05606060606060009 0 30013.0
600 194.58 194.57600000000002 0.04727272727272161 0 30013.0
601 194.74 194.61200000000002 0.03672727272728728 0 30013.0
602 194.6 194.61400000000003 0.014363636363646891 50 30013.0
603 194.43 194.59400000000002 -0.004484848484838656 50 30004.5
604 194.54 194.57800000000003 -0.012545454545467318 50 30010.0
605 194.53 194.56800000000004 -0.006181818181819103 50 30009.5
606 194.62 194.544 -0.004363636363633356 0 30014.0
607 194.61 194.54600000000002 -0.0018181818181739842 0 30014.0
608 194.65 194.59000000000003 -0.001333333333343441 0 30014.0
609 194.59 194.60000000000002 0.00042424242424668186 50 30014.0
610 194.39 194.572 -0.01103030303028802 50 30004.0
611 194.41 194.53000000000003 -0.00842424242424614 50 30005.0
612 194.34 194.476 -0.01496969696969094 50 30001.5
613 194.3 194.40600000000003 -0.03187878787878604 50 29999.5
614 194.36 194.36000000000004 -0.036606060606056 50 30002.5
615 194.33 194.34800000000004 -0.04145454545453938 50 30001.0
616 194.29 194.32400000000004 -0.0400606060606068 50 29999.0
617 194.17 194.29000000000002 -0.04187878787878387 50 29993.0
618 194.27 194.28400000000002 -0.03024242424243029 50 29998.0
619 194.31 194.27400000000003 -0.015818181818179962 0 30000.0
620 194.32 194.27200000000002 -0.010787878787874672 0 30000.0
621 194.25 194.264 -0.0073939393939320315 0 30000.0
622 194.4 194.31 0.0014545454545520195 0 30000.0
623 194.435 194.343 0.008818181818181503 0 30000.0
624 194.52 194.385 0.023181818181810403 0 30000.0
625 194.48 194.41700000000003 0.03142424242424506 0 30000.0
626 194.44 194.455 0.033000000000004075 50 30000.0
627 194.44 194.463 0.024757575757572422 50 30000.0
628 194.66 194.50800000000004 0.03190909090909875 0 30011.0
629 194.54 194.512 0.03045454545454923 0 30011.0
630 194.52 194.52 0.02578787878787385 0 30011.0
631 194.56 194.544 0.016212121212125005 0 30011.0
632 194.59 194.574 0.01451515151515341 0 30011.0
633 194.74 194.59000000000003 0.02103030303029933 0 30011.0
634 194.78 194.63800000000003 0.031696969696975275 0 30011.0
635 194.82 194.69800000000004 0.03872727272727777 0 30011.0
636 194.695 194.725 0.032151515151519934 50 30011.0
637 194.835 194.77400000000003 0.030121212121227273 0 30018.0
638 194.84 194.79400000000004 0.03824242424243018 0 30018.0
639 194.78 194.79400000000004 0.03290909090909609 50 30018.0
640 194.89 194.80800000000002 0.029333333333335702 0 30023.5
641 194.91 194.851 0.025030303030309623 0 30023.5
642 194.73 194.83 0.00866666666667438 50 30023.5
643 194.66 194.79399999999998 -0.0032121212121132385 50 30020.0
644 194.71 194.78000000000003 -0.008727272727265506 50 30022.5
645 194.58 194.71800000000002 -0.017818181818174253 50 30016.0
646 194.7 194.67600000000002 -0.025787878787870467 0 30022.0
647 194.66 194.66200000000003 -0.026666666666665544 0 30022.0
648 194.72 194.67400000000004 -0.021818181818185938 0 30022.0
649 194.59 194.65 -0.0266060606060537 0 30022.0
650 194.64 194.662 -0.01903030303029916 0 30022.0
651 194.7 194.662 -0.003818181818178995 0 30022.0
652 194.735 194.67700000000002 0.0038484848484957325 0 30022.0
653 194.75 194.683 0.007606060606071052 0 30022.0
654 194.68 194.701 0.009787878787884296 50 30022.0
655 194.65 194.70300000000003 0.002030303030297229 50 30020.5
656 194.71 194.70500000000004 0.004696969696968734 0 30023.5
657 194.55 194.66800000000003 -0.004151515151497398 0 30023.5
658 194.63 194.644 -0.0033030303030247175 0 30023.5
659 194.65 194.63800000000003 -0.008939393939395052 0 30023.5
660 194.59 194.62600000000003 -0.015242424242421419 0 30023.5
661 194.58 194.60000000000002 -0.017484848484845345 0 30023.5
662 194.65 194.62000000000003 -0.012121212121214333 0 30023.5
663 194.67 194.62800000000001 -0.0036363636363701745 0 30023.5
664 194.63 194.62400000000002 -0.0010303030303011342 0 30023.5
665 194.555 194.61700000000002 -0.0039090909090900945 0 30023.5
666 194.44 194.58900000000003 -0.007909090909080993 0 30023.5
667 194.51 194.56099999999998 -0.015484848484848534 0 30023.5
668 194.53 194.53300000000002 -0.016151515151503863 0 30023.5
669 194.55 194.51700000000002 -0.013181818181816832 0 30023.5
670 194.57 194.52000000000004 -0.011909090909092788 0 30023.5
671 194.59 194.55 -0.009969696969703222 0 30023.5
672 194.57 194.562 -0.004575757575755779 0 30023.5
673 194.48 194.55200000000002 -0.001787878787875811 0 30023.5
674 194.54 194.55 0.00390909090910183 50 30023.5
675 194.57 194.55 0.007333333333332289 0 30025.0
676 194.51 194.534 -0.0003636363636451977 0 30025.0
677 194.55 194.53 -0.002060606060608203 0 30025.0
678 194.56 194.54600000000002 -0.0023636363636302606 0 30025.0
679 194.43 194.524 -0.008787878787874136 0 30025.0
680 194.44 194.49800000000002 -0.011878787878796909 0 30025.0
681 194.49 194.494 -0.00933333333332684 0 30025.0
682 194.455 194.47500000000002 -0.008818181818184254 0 30025.0
683 194.38 194.439 -0.016999999999982085 0 30025.0
684 194.17 194.387 -0.03142424242423435 0 30025.0
685 194.17 194.33300000000003 -0.03936363636363507 0 30025.0
686 194.165 194.268 -0.04672727272727399 0 30025.0
687 194.08 194.193 -0.05187878787878918 0 30025.0
688 194.15 194.14700000000002 -0.04684848484849047 0 30025.0
689 194.15 194.14300000000003 -0.04551515151514458 0 30025.0
690 194.275 194.16400000000004 -0.033303030303027774 0 30025.0
691 194.24 194.17900000000003 -0.01766666666665577 0 30025.0
692 194.35 194.23300000000003 0.004666666666674061 0 30025.0
693 194.29 194.26100000000002 0.02000000000000252 0 30025.0
694 194.31 194.293 0.023515151515167924 0 30025.0
695 194.28 194.294 0.02369696969698313 50 30025.0
696 194.29 194.304 0.022757575757570165 50 30025.5
697 194.33 194.3 0.016818181818186482 0 30027.5
698 194.28 194.298 0.009787878787878592 50 30027.5
699 194.265 194.28900000000002 0.0003636363636358373 50 30026.75
700 194.35 194.30300000000003 0.0025151515151499906 0 30031.0
701 194.4 194.32500000000002 0.0041515151515256095 0 30031.0
702 194.41 194.341 0.011727272727279284 0 30031.0
703 194.32 194.34900000000002 0.009666666666664417 50 30031.0
704 194.365 194.36900000000003 0.011030303030312992 50 30033.25
705 194.36 194.37100000000004 0.009454545454553317 50 30033.0
706 194.38 194.36700000000002 0.008666666666671985 0 30034.0
707 194.43 194.371 0.012181818181823326 0 30034.0
708 194.435 194.394 0.011424242424242198 0 30034.0
709 194.47 194.41500000000002 0.009696969696965265 0 30034.0
710 194.38 194.419 0.006242424242430348 50 30034.0
711 194.33 194.40900000000002 0.0030303030303212974 50 30031.5
712 194.27 194.37700000000004 -0.0019393939393877841 50 30028.5
713 194.11 194.31200000000004 -0.0199393939393867 50 30020.5
714 194.16 194.25000000000003 -0.02966666666666651 50 30023.0
715 194.105 194.19500000000002 -0.04024242424242121 50 30020.25
716 194.09 194.14700000000002 -0.04721212121211957 50 30019.5
717 194.095 194.11200000000002 -0.047060606060618064 50 30019.75
718 194.13 194.116 -0.040606060606057516 0 30021.5
719 194.13 194.11 -0.02812121212122162 0 30021.5
720 194.2 194.129 -0.013696969696972473 0 30021.5
721 194.25 194.161 0.002303030303030616 0 30021.5
722 194.1 194.162 0.0070909090909128105 50 30021.5
723 194.1 194.162 0.0070909090909128105 50 30021.5
724 194.075 194.15099999999998 0.001909090909089536 50 30020.25
725 194.05 194.135 -0.0008787878787801547 50 30019.0
726 194.03 194.10100000000003 -0.007090909090903972 50 30018.0
727 193.95 194.041 -0.017757575757578133 50 30014.0
728 193.94 194.00900000000001 -0.026939393939392188 50 30013.5
729 194 193.99400000000003 -0.02863636363635828 0 30016.5
730 194.06 193.99600000000004 -0.02548484848484615 0 30016.5
731 194.1 194.01000000000002 -0.014636363636357909 0 30016.5
732 194.13 194.046 0.0023939393939372182 0 30016.5
733 194.19 194.096 0.014151515151514677 0 30016.5
734 194.2 194.136 0.023696969696962177 0 30016.5
735 194.15 194.15400000000002 0.02733333333333111 50 30016.5
736 194.14 194.162 0.02787878787877924 50 30016.0
737 194.2 194.17600000000002 0.025030303030298427 0 30019.0
738 194.16 194.17000000000002 0.016303030303023658 50 30019.0
739 194.14 194.15800000000002 0.00781818181817575 50 30018.0
740 194.06 194.14000000000001 -0.0027272727272717066 50 30014.0
741 194.09 194.13000000000002 -0.008969696969695618 50 30015.5
742 194.07 194.104 -0.014181818181813329 50 30014.5
743 194.05 194.08200000000002 -0.015757575757572626 50 30013.5
744 194.1 194.074 -0.012242424242429027 0 30016.0
745 194.06 194.074 -0.013030303030307985 0 30016.0
746 194.03 194.062 -0.015030303030304386 0 30016.0
747 193.96 194.04000000000002 -0.015515151515145828 0 30016.0
748 194.02 194.03400000000002 -0.012484848484846038 0 30016.0
749 194.07 194.028 -0.006363636363642887 0 30016.0
750 194.07 194.03 -0.00472727272726837 0 30016.0
751 194.06 194.036 -0.001757575757583808 0 30016.0
752 194.15 194.074 0.005151515151511389 0 30016.0
753 194.18 194.10600000000002 0.011393939393938074 0 30016.0
754 194.17 194.12600000000003 0.018848484848483966 0 30016.0
755 194.24 194.16000000000003 0.026606060606060276 0 30016.0
756 194.19 194.186 0.0274545454545406 0 30016.0
757 194.25 194.20600000000002 0.024969696969703817 0 30016.0
758 194.24 194.21800000000002 0.022424242424246045 0 30016.0
759 194.29 194.24200000000002 0.023272727272735102 0 30016.0
760 194.24 194.24200000000002 0.01872727272729303 50 30016.0
761 194.295 194.26300000000003 0.014454545454555235 0 30018.75
762 194.26 194.26500000000004 0.011424242424234938 50 30018.75
763 194.28 194.27300000000002 0.010151515151524975 0 30019.75
764 194.275 194.27000000000004 0.0067272727272683795 0 30019.75
765 194.25 194.27200000000002 0.005333333333334982 50 30019.75
766 194.18 194.24900000000002 -0.0033333333333412053 50 30016.25
767 194.25 194.247 -0.004060606060595631 0 30019.75
768 194.24 194.23900000000003 -0.005999999999994596 0 30019.75
769 194.24 194.23200000000003 -0.004606060606048325 0 30019.75
770 194.31 194.24400000000003 -0.0021212121211996175 0 30019.75
771 194.24 194.25600000000003 -0.0006363636363670468 0 30019.75
772 194.18 194.24200000000005 -0.004090909090905428 0 30019.75
773 194.18 194.23000000000005 -0.005242424242418424 0 30019.75
774 194.13 194.20800000000003 -0.008242424242411825 0 30019.75
775 194.12 194.17000000000002 -0.01169696969696021 0 30019.75
776 194.14 194.15000000000003 -0.01715151515150933 0 30019.75
777 194.14 194.14200000000002 -0.01745454545453063 0 30019.75
778 194.14 194.13400000000001 -0.017090909090907783 0 30019.75
779 194.23 194.15400000000002 -0.010606060606059604 0 30019.75
780 194.15 194.16000000000003 -0.003696969696964444 0 30019.75
781 194.25 194.18200000000002 0.005939393939380921 0 30019.75
782 194.28 194.21 0.013090909090913462 0 30019.75
783 194.3 194.24200000000002 0.020121212121210184 0 30019.75
784 194.25 194.246 0.019636363636362435 0 30019.75
785 194.14 194.244 0.011030303030302864 50 30019.75
786 194.17 194.228 0.005151515151515673 50 30021.25
787 194.185 194.209 -0.0002727272727207535 50 30022.0
788 194.23 194.195 -0.0037878787878799173 0 30024.25
789 194.18 194.18100000000004 -0.005121212121213045 0 30024.25
790 194.2 194.193 -0.010090909090901618 0 30024.25
791 194.2 194.199 -0.00900000000000366 0 30024.25
792 194.305 194.223 0.00042424242424425753 0 30024.25
793 194.25 194.227 0.007878787878791323 0 30024.25
794 194.33 194.25700000000003 0.016969696969697277 0 30024.25
795 194.33 194.28300000000004 0.017757575757575462 0 30024.25
796 194.33 194.30900000000005 0.01824242424243017 0 30024.25
797 194.32 194.31200000000004 0.01724242424242377 0 30024.25
798 194.34 194.33 0.018696969696972716 0 30024.25
799 194.29 194.32200000000003 0.012757575757572378 50 30024.25
800 194.32 194.32000000000002 0.008454545454550735 50 30025.75
801 194.3 194.31400000000002 0.0016060606060760464 50 30024.75
802 194.25 194.3 -0.0021818181818079683 50 30022.25
803 194.28 194.288 -0.007333333333330463 50 30023.75
804 194.28 194.286 -0.007515151515147033 50 30023.75
805 194.22 194.266 -0.010363636363638207 50 30020.75
806 194.22 194.25 -0.011878787878784833 50 30020.75
807 194.2 194.24 -0.013818181818185414 50 30019.75
808 194.2 194.22400000000002 -0.012969696969694407 50 30019.75
809 194.2 194.22400000000002 -0.012969696969694407 50 30019.75
810 194.245 194.21699999999998 -0.011303030303027631 0 30022.0
811 194.22 194.21699999999998 -0.008454545454535204 0 30022.0
812 194.33 194.23900000000003 0.0002727272727452333 0 30022.0
813 194.29 194.25700000000003 0.0031212121212158862 0 30022.0
814 194.29 194.27500000000003 0.007484848484847047 0 30022.0
815 194.27 194.28000000000003 0.01063636363635699 50 30022.0
816 194.31 194.29800000000003 0.012090909090912667 0 30024.0
817 194.34 194.3 0.014090909090913713 0 30024.0
818 194.34 194.31 0.013303030303035073 0 30024.0
819 194.42 194.336 0.015181818181821117 0 30024.0
820 194.47 194.37600000000003 0.02012121212120654 0 30024.0
821 194.52 194.418 0.023393939393941347 0 30024.0
822 194.59 194.46800000000002 0.034181818181820436 0 30024.0
823 194.52 194.50400000000002 0.03533333333334068 0 30024.0
824 194.5 194.52 0.032606060606067924 50 30024.0
825 194.51 194.52800000000002 0.026545454545466758 50 30024.5
826 194.5 194.52400000000003 0.019696969696977127 50 30024.0
827 194.53 194.512 0.014181818181815959 0 30025.5
828 194.48 194.50400000000002 0.003636363636371692 50 30025.5
829 194.47 194.49800000000002 -0.0038181818181757805 50 30025.0
830 194.52 194.5 -0.005818181818185817 0 30027.5
831 194.48 194.49600000000004 -0.007272727272730091 0 30027.5
832 194.48 194.48600000000005 -0.0035757575757647793 0 30027.5
833 194.49 194.488 -0.002666666666666065 0 30027.5
834 194.54 194.502 8.123207893825112e-15 0 30027.5
835 194.59 194.51600000000002 0.005575757575759178 0 30027.5
836 194.6 194.54000000000002 0.010060606060609998 0 30027.5
837 194.575 194.559 0.013969696969699819 0 30027.5
838 194.61 194.583 0.015909090909098315 0 30027.5
839 194.6 194.59500000000003 0.015060606060609391 0 30027.5
840 194.64 194.60500000000002 0.018151515151517993 0 30027.5
841 194.75 194.635 0.02312121212121314 0 30027.5
842 194.73 194.66600000000003 0.02372727272727781 0 30027.5
843 194.74 194.692 0.022515151515154964 0 30027.5
844 194.7 194.712 0.01942424242424519 50 30027.5
845 194.7 194.724 0.01772727272727298 50 30027.5
846 194.66 194.70600000000002 0.013181818181828432 50 30025.5
847 194.63 194.68599999999998 0.004606060606067365 50 30024.0
848 194.59 194.656 -0.004484848484837984 50 30022.0
849 194.59 194.63400000000001 -0.01399999999999548 50 30022.0
850 194.46 194.586 -0.027818181818185645 50 30015.5
851 194.45 194.54400000000004 -0.03266666666666825 50 30015.0
852 194.47 194.512 -0.03412121212121116 50 30016.0
853 194.445 194.483 -0.0331212121212133 50 30014.75
854 194.47 194.45900000000003 -0.029848484848477654 0 30016.0
855 194.47 194.461 -0.02378787878787875 0 30016.0
856 194.49 194.46900000000002 -0.016515151515146192 0 30016.0
857 194.51 194.47700000000003 -0.008090909090908845 0 30016.0
858 194.5 194.48800000000003 -0.001424242424244204 0 30016.0
859 194.47 194.488 0.004696969696964383 50 30016.0
860 194.44 194.48200000000003 0.0019696969696970518 50 30014.5
861 194.39 194.462 -0.003909090909086285 50 30012.0
862 194.445 194.449 -0.004727272727261154 50 30014.75
863 194.41 194.431 -0.0088181818181832 50 30013.0
864 194.4 194.417 -0.01136363636364387 50 30012.5
865 194.37 194.403 -0.014696969696964664 50 30011.0
866 194.34 194.393 -0.01712121212120359 50 30009.5
867 194.35 194.374 -0.01584848484848709 50 30010.0
868 194.3 194.35200000000003 -0.016030303030295064 50 30007.5
869 194.28 194.328 -0.016878787878789568 50 30006.5
870 194.34 194.322 -0.0141515151515062 0 30009.5
871 194.36 194.32600000000002 -0.01245454545454348 0 30009.5
872 194.36 194.32800000000003 -0.006727272727271412 0 30009.5
873 194.39 194.346 -0.0006666666666678368 0 30009.5
874 194.38 194.366 0.004424242424247922 0 30009.5
875 194.41 194.38000000000002 0.00939393939392254 0 30009.5
876 194.42 194.392 0.012424242424238788 0 30009.5
877 194.45 194.41000000000003 0.016787878787883913 0 30009.5
878 194.44 194.42000000000002 0.016060606060610504 0 30009.5
879 194.455 194.435 0.013121212121213458 0 30009.5
880 194.45 194.44299999999998 0.011787878787886081 0 30009.5
881 194.4 194.43900000000002 0.007727272727279392 50 30009.5
882 194.43 194.435 0.004818181818189156 50 30011.0
883 194.405 194.428 0.0016969696969736379 50 30009.75
884 194.425 194.42200000000003 -0.0011818181818135272 0 30010.75
885 194.32 194.39600000000002 -0.008333333333330912 0 30010.75
886 194.325 194.38100000000003 -0.013454545454542423 0 30010.75
887 194.31 194.357 -0.016242424242414795 0 30010.75
888 194.26 194.328 -0.020727272727271977 0 30010.75
889 194.25 194.293 -0.022575757575762485 0 30010.75
890 194.195 194.268 -0.025272727272715973 0 30010.75
891 194.25 194.253 -0.025212121212125318 0 30010.75
892 194.21 194.233 -0.023515151515142527 0 30010.75
893 194.22 194.225 -0.020272727272722595 0 30010.75
894 194.18 194.211 -0.015636363636357505 0 30010.75
895 194.18 194.20800000000003 -0.015030303030298496 0 30010.75
896 194.23 194.20400000000004 -0.009666666666651348 0 30010.75
897 194.24 194.21000000000004 -0.0036060606060581857 0 30010.75
898 194.26 194.21800000000002 0.0010606060606128632 0 30010.75
899 194.21 194.22400000000005 0.0023333333333517615 50 30010.75
900 194.21 194.22400000000005 0.0023333333333517615 50 30010.75
901 194.06 194.20000000000005 -0.00775757575757477 50 30003.25
902 194.15 194.18400000000005 -0.007636363636370856 50 30007.75
903 194.07 194.15000000000003 -0.013333333333334365 50 30003.75
904 194.14 194.126 -0.012848484848485612 0 30007.25
905 194.24 194.13200000000003 -0.008606060606058676 0 30007.25
906 194.23 194.16600000000003 -0.00563636363636578 0 30007.25
907 194.245 194.185 0.0008787878787964601 0 30007.25
908 194.24 194.21900000000005 0.007606060606069615 0 30007.25
909 194.25 194.241 0.01621212121212611 0 30007.25
910 194.28 194.249 0.023242424242427288 0 30007.25
911 194.42 194.28699999999998 0.027060606060610146 0 30007.25
912 194.41 194.32 0.03196969696969024 0 30007.25
913 194.39 194.35000000000002 0.027303030303025763 0 30007.25
914 194.32 194.364 0.0196060606060666 50 30007.25
915 194.38 194.38400000000001 0.019666666666671245 50 30010.25
916 194.43 194.386 0.02009090909090588 0 30012.75
917 194.395 194.38300000000004 0.01718181818183129 0 30012.75
918 194.37 194.379 0.010757575757593901 50 30012.75
919 194.34 194.383 0.0017878787878880182 50 30011.25
920 194.37 194.381 -0.004636363636357109 50 30012.75
921 194.305 194.356 -0.0063636363636328875 50 30009.5
922 194.37 194.35100000000003 -0.0038181818181765013 0 30012.75
923 194.37 194.351 -0.002121212121206753 0 30012.75
924 194.39 194.361 -0.003757575757565215 0 30012.75
925 194.4 194.36700000000002 -0.00169696969696589 0 30012.75
926 194.48 194.402 0.007818181818178324 0 30012.75
927 194.44 194.41600000000003 0.01221212121212384 0 30012.75
928 194.39 194.42000000000002 0.011666666666653813 50 30012.75
929 194.39 194.42000000000002 0.008878787878777388 50 30012.75
930 194.19 194.37800000000001 -0.0034242424242398916 50 30002.75
931 194.26 194.334 -0.014060606060600486 50 30006.25
932 194.26 194.298 -0.019818181818183372 50 30006.25
933 194.32 194.28400000000002 -0.020969696969694085 0 30009.25
934 194.22 194.25 -0.025636363636348018 0 30009.25
935 194.13 194.238 -0.03248484848484305 0 30009.25
936 194.17 194.22 -0.02854545454545981 0 30009.25
937 194.12 194.192 -0.02624242424242316 0 30009.25
938 194.07 194.142 -0.02612121212121016 0 30009.25
939 193.9 194.078 -0.03139393939393106 0 30009.25
940 193.95 194.042 -0.04133333333333318 0 30009.25
941 193.97 194.002 -0.04260606060605874 0 30009.25
942 193.99 193.976 -0.03927272727272479 0 30009.25
943 194.01 193.964 -0.027575757575751612 0 30009.25
944 193.95 193.974 -0.02206060606060551 0 30009.25
945 193.97 193.978 -0.01818181818180282 0 30009.25
946 193.92 193.968 -0.012424242424236214 0 30009.25
947 193.82 193.934 -0.012424242424243183 0 30009.25
948 193.88 193.90800000000002 -0.008848484848473257 0 30009.25
949 193.775 193.87300000000002 -0.02003030303029399 0 30009.25
950 193.64 193.80700000000002 -0.033727272727278566 0 30009.25
951 193.75 193.77300000000002 -0.036333333333339816 0 30009.25
952 193.77 193.76300000000003 -0.033848484848488264 0 30009.25
953 193.79 193.74500000000003 -0.02627272727270887 0 30009.25
954 193.77 193.74400000000003 -0.021121212121219576 0 30009.25
955 193.77 193.74400000000003 -0.021121212121219576 0 30009.25
956 193.79 193.77400000000003 -0.011363636363625055 0 30009.25
957 193.69 193.762 -0.00821212121212204 0 30009.25
958 193.68 193.74400000000003 -0.009484848484852242 0 30009.25
959 193.94 193.774 0.009121212121212299 0 30009.25
