time-hour stock-price avg-price-5-min regression coef number-of-stocks portfolio-value 570 211.99 209.91600000000003 0.0876000000000032 0 30000.0
571 211.795 210.32300000000004 0.15340000000000326 0 30000.0
572 208.62 210.17100000000005 0.028699999999996898 0 30000.0
573 208.78 210.097 -0.08820000000000129 0 30000.0
574 208.59 209.95500000000004 -0.19630000000000067 0 30000.0
575 208.95 209.347 -0.11440000000000711 0 30000.0
576 208.97 208.782 0.017400000000000457 0 30000.0
577 209.15 208.88800000000003 0.022399999999998848 0 30000.0
578 209.345 209.00100000000003 0.03419999999999967 0 30000.0
579 209.26 209.13500000000002 0.01989999999999848 0 30000.0
580 210.14 209.37300000000002 0.04899999999999473 0 30000.0
581 210.125 209.604 0.05490000000000335 0 30000.0
582 211.34 210.042 0.09709999999999665 0 30000.0
583 211.43 210.459 0.11079999999999601 0 30000.0
584 211.42 210.891 0.07730000000000303 0 30000.0
585 212.29 211.321 0.08819999999999781 0 30000.0
586 212.63 211.822 0.06880000000000092 0 30000.0
587 211.86 211.92600000000002 0.041400000000001505 25 30000.0
588 211.92 212.024 0.011400000000001591 50 30001.5
589 212.07 212.154 -0.022999999999999073 50 30009.0
590 212.67 212.23000000000002 0.0057999999999972214 0 30039.0
591 212.35 212.174 0.034599999999994524 0 30039.0
592 212.33 212.268 0.022000000000003142 0 30039.0
593 212.4 212.36400000000003 0.006399999999999314 0 30039.0
594 213.16 212.582 0.02059999999999971 0 30039.0
595 213.42 212.732 0.05939999999999778 0 30039.0
596 213.21 212.904 0.055600000000000385 0 30039.0
597 213.81 213.20000000000002 0.057399999999996405 0 30039.0
598 213.5 213.42000000000002 0.021399999999998098 0 30039.0
599 213.88 213.56400000000002 0.024199999999998976 0 30039.0
600 214.62 213.804 0.05779999999999817 0 30039.0
601 214.43 214.048 0.04720000000000064 0 30039.0
602 214.06 214.098 0.033399999999999166 25 30039.0
603 213.14 214.026 -0.04080000000000245 25 30016.0
604 212.53 213.756 -0.10940000000000402 25 30000.75
605 212.815 213.39500000000004 -0.09519999999999938 25 30007.875
606 212.12 212.93300000000002 -0.08410000000000017 25 29990.5
607 211.86 212.49300000000002 -0.05939999999999962 25 29984.0
608 211.6 212.185 -0.05630000000000037 25 29977.5
609 211.53 211.985 -0.061800000000000896 25 29975.75
610 212.38 211.89800000000002 0.003799999999997522 0 29997.0
611 212.29 211.93200000000002 0.03279999999999929 0 29997.0
612 212.89 212.138 0.0668000000000023 0 29997.0
613 212.5 212.318 0.04900000000000198 0 29997.0
614 212.23 212.458 -0.0018000000000036826 0 29997.0
615 212.42 212.466 -0.00800000000000143 0 29997.0
616 212.65 212.538 -0.011200000000002411 0 29997.0
617 212.86 212.532 0.02280000000000322 0 29997.0
618 212.45 212.52200000000002 0.017600000000003016 25 29997.0
619 212.39 212.55400000000003 -0.0051999999999979025 25 29995.5
620 212.33 212.53600000000003 -0.022199999999998637 25 29994.0
621 212.595 212.52500000000003 -0.012999999999999795 0 30000.625
622 213.26 212.60500000000002 0.036499999999997416 0 30000.625
623 213.48 212.811 0.06219999999999844 0 30000.625
624 213.5 213.03300000000002 0.0644999999999949 0 30000.625
625 213.37 213.241 0.0357999999999948 0 30000.625
626 213.16 213.354 -0.006199999999998245 0 30000.625
627 213.22 213.346 -0.017199999999996465 0 30000.625
628 213.61 213.37200000000004 0.0013999999999952384 0 30000.625
629 213.52 213.37600000000003 0.015000000000000744 0 30000.625
630 213.31 213.36400000000003 0.01200000000000149 25 30000.625
631 212.7 213.27200000000002 -0.02680000000000171 25 29985.375
632 212.7 213.168 -0.05280000000000436 25 29985.375
633 212.64 212.974 -0.04740000000000639 25 29983.875
634 212.23 212.71599999999998 -0.04439999999999866 25 29973.625
635 212.96 212.64600000000002 0.0009999999999998118 0 29991.875
636 212.99 212.704 0.01800000000000388 0 29991.875
637 213.41 212.846 0.04600000000000375 0 29991.875
638 213.12 212.94200000000004 0.044599999999997524 0 29991.875
639 213.51 213.198 0.02459999999999761 0 29991.875
640 213.05 213.216 0.004399999999997583 25 29991.875
641 212.71 213.16000000000003 -0.029400000000000502 25 29983.375
642 212.63 213.00400000000002 -0.03559999999999716 25 29981.375
643 212.41 212.86200000000002 -0.05240000000000334 25 29975.875
644 212.71 212.70200000000003 -0.019600000000000582 0 29983.375
645 212.89 212.67000000000002 0.008800000000000424 0 29983.375
646 212.83 212.69400000000002 0.0175999999999961 0 29983.375
647 212.86 212.74 0.020400000000001077 0 29983.375
648 212.9 212.83800000000002 0.007000000000000912 0 29983.375
649 212.72 212.84000000000003 -0.005400000000001442 0 29983.375
650 212.68 212.79800000000003 -0.00880000000000177 0 29983.375
651 212.7 212.77200000000002 -0.010800000000000204 0 29983.375
652 212.4 212.68 -0.02040000000000313 0 29983.375
653 212.5 212.60000000000002 -0.014400000000001228 0 29983.375
654 212.77 212.60999999999999 -0.00040000000000231723 0 29983.375
655 212.88 212.65 0.014599999999997655 0 29983.375
656 212.96 212.70200000000003 0.03000000000000029 0 29983.375
657 212.86 212.794 0.01820000000000068 0 29983.375
658 212.77 212.848 -0.00039999999999663644 0 29983.375
659 212.75 212.84400000000002 -0.008999999999997252 0 29983.375
660 213.38 212.94400000000002 0.01460000000000148 0 29983.375
661 213.68 213.08800000000002 0.04500000000000239 0 29983.375
662 213.37 213.19000000000003 0.04260000000000308 0 29983.375
663 213.28 213.29200000000003 0.021000000000002413 25 29983.375
664 213.28 213.39800000000002 -0.012000000000000356 25 29983.375
665 213.09 213.34000000000003 -0.025399999999999198 25 29978.625
666 211.29 212.86200000000002 -0.08699999999999929 25 29933.625
667 211.51 212.49 -0.11060000000000081 25 29939.125
668 211.47 212.12800000000001 -0.10399999999999782 25 29938.125
669 211.21 211.714 -0.07159999999999996 25 29931.625
670 211.66 211.428 0.008799999999997766 0 29942.875
671 211.43 211.45600000000002 0.0006000000000002118 25 29942.875
672 211.95 211.54399999999998 0.023599999999997283 0 29955.875
673 212.13 211.676 0.042599999999997785 0 29955.875
674 212.13 211.676 0.042599999999997785 0 29955.875
675 212.18 211.87 0.034800000000002294 0 29955.875
676 211.79 211.89600000000002 0.019000000000003188 25 29955.875
677 211.75 211.96 -0.014800000000001798 25 29954.875
678 211.75 211.96 -0.014800000000001798 25 29954.875
679 212.3 212.03000000000003 -0.0017999999999994045 0 29968.625
680 211.84 211.972 -0.0033999999999958725 0 29968.625
681 211.8 211.89600000000002 0.002199999999998801 25 29968.625
682 211.93 211.924 -0.0027999999999961983 0 29971.875
683 212.33 212.04000000000002 0.0029999999999971603 0 29971.875
684 212.325 212.04500000000002 0.030000000000002882 0 29971.875
685 212.06 212.08900000000003 0.018300000000000708 25 29971.875
686 212.065 212.14200000000002 1.3001602118130396e-15 50 29972.0
687 211.96 212.14800000000002 -0.02000000000000134 50 29966.75
688 212.63 212.20800000000003 0.010200000000002223 0 30000.25
689 212.615 212.26600000000002 0.033499999999999454 0 30000.25
690 212.95 212.44400000000002 0.048499999999999224 0 30000.25
691 213.05 212.64100000000002 0.05000000000000014 0 30000.25
692 212.935 212.836 0.02089999999999994 0 30000.25
693 212.99 212.90800000000002 0.014700000000001377 0 30000.25
694 212.72 212.92900000000003 -0.010399999999999097 0 30000.25
695 212.3 212.79900000000004 -0.03430000000000116 0 30000.25
696 212.44 212.67700000000002 -0.033600000000000296 0 30000.25
697 212.9 212.67000000000004 -0.009200000000003605 0 30000.25
698 212.85 212.64200000000002 0.017200000000002786 0 30000.25
699 212.9 212.67800000000003 0.03219999999999548 0 30000.25
700 212.95 212.80800000000002 0.02040000000000258 0 30000.25
701 212.95 212.91000000000003 0.003999999999999716 0 30000.25
702 212.88 212.906 0.0022000000000004134 25 30000.25
703 212.99 212.93400000000003 0.00219999999999633 0 30003.0
704 213.09 212.972 0.006400000000002569 0 30003.0
705 212.81 212.94400000000002 -0.0014000000000001975 0 30003.0
706 212.89 212.93200000000002 -0.0031999999999980594 0 30003.0
707 212.75 212.90600000000003 -0.013599999999997808 0 30003.0
708 212.75 212.90600000000003 -0.013599999999997808 0 30003.0
709 212.84 212.87600000000003 -0.011199999999999403 0 30003.0
710 212.6 212.77800000000005 -0.009400000000000469 0 30003.0
711 212.69 212.75400000000005 -0.01100000000000461 0 30003.0
712 212.77 212.73000000000002 -0.002200000000003727 0 30003.0
713 212.74 212.728 -0.0006000000000008508 0 30003.0
714 212.89 212.73800000000003 0.01259999999999743 0 30003.0
715 212.67 212.752 0.0015999999999988831 25 30003.0
716 212.31 212.676 -0.019799999999999155 25 29994.0
717 212.21 212.56400000000002 -0.03279999999999626 25 29991.5
718 212.21 212.45800000000003 -0.03640000000000115 25 29991.5
719 212.23 212.32600000000002 -0.019599999999996877 25 29992.0
720 212.43 212.27800000000002 0.005199999999998504 0 29997.0
721 212.43 212.27800000000002 0.005199999999998504 0 29997.0
722 212.74 212.36400000000003 0.025599999999998752 0 29997.0
723 212.595 212.44100000000003 0.025599999999998735 0 29997.0
724 212.6 212.51900000000003 0.018099999999998395 0 29997.0
725 212.94 212.661 0.017599999999998905 0 29997.0
726 212.94 212.661 0.017599999999998905 0 29997.0
727 212.81 212.73700000000002 0.009700000000001012 0 29997.0
728 212.75 212.73900000000003 0.010399999999999602 0 29997.0
729 213.15 212.85000000000002 0.01820000000000147 0 29997.0
730 213.1 212.95000000000002 0.013200000000003253 0 29997.0
731 212.945 212.95100000000002 0.012399999999993354 25 29997.0
732 212.945 212.95100000000002 0.012399999999993354 50 29997.0
733 212.94 212.977 0.003499999999996249 75 29996.75
734 212.99 213.025 -0.009599999999997845 75 30000.5
735 212.91 212.977 -0.006700000000000136 75 29994.5
736 212.88 212.933 -0.0031999999999960597 75 29992.25
737 213.33 213.01 0.013400000000002773 0 30026.0
738 213.1 213.042 0.012799999999998712 0 30026.0
739 213.26 213.096 0.018399999999996936 0 30026.0
740 213.29 213.17200000000003 0.01499999999999905 0 30026.0
741 212.78 213.15200000000002 -0.01820000000000265 0 30026.0
742 212.85 213.056 -0.019600000000002206 0 30026.0
743 212.85 213.056 -0.019600000000002206 0 30026.0
744 212.83 213.002 -0.02600000000000275 0 30026.0
745 212.9 212.93 -0.014599999999999112 0 30026.0
746 212.9 212.85200000000003 0.005799999999999907 0 30026.0
747 212.83 212.86200000000002 0.0006000000000010616 25 30026.0
748 212.64 212.82000000000002 -0.00900000000000403 25 30021.25
749 212.8 212.81400000000002 -0.009200000000001415 25 30025.25
750 212.8 212.81400000000002 -0.009200000000001415 25 30025.25
751 212.81 212.79600000000002 -0.004200000000001148 0 30025.5
752 212.78 212.77200000000002 0.0014000000000004519 0 30025.5
753 212.78 212.77200000000002 0.0014000000000004519 0 30025.5
754 212.53 212.71200000000002 -0.004799999999993045 0 30025.5
755 212.53 212.71200000000002 -0.004799999999993045 0 30025.5
756 212.7 212.72400000000002 -0.009600000000001666 0 30025.5
757 212.7 212.72400000000002 -0.009600000000001666 0 30025.5
758 212.63 212.69000000000003 -0.008800000000006608 0 30025.5
759 212.45 212.61800000000002 -0.011200000000000198 0 30025.5
760 212.62 212.586 -0.0013999999999974554 0 30025.5
761 212.39 212.55800000000002 -0.012600000000000482 0 30025.5
762 212.355 212.489 -0.012200000000002893 0 30025.5
763 212.51 212.46500000000003 -0.0028999999999982477 0 30025.5
764 212.51 212.47700000000003 -0.0019999999999991583 0 30025.5
765 212.65 212.48300000000003 0.013499999999998437 0 30025.5
766 212.85 212.57500000000002 0.02260000000000167 0 30025.5
767 212.61 212.62600000000003 0.010799999999999598 25 30025.5
768 212.27 212.57800000000003 -0.010399999999993718 25 30017.0
769 212.395 212.55500000000004 -0.0218000000000006 25 30020.125
770 212.21 212.46700000000004 -0.029899999999998227 25 30015.5
771 212.085 212.31400000000002 -0.02220000000000089 25 30012.375
772 212.15 212.22200000000004 -0.010999999999995187 25 30014.0
773 212.31 212.23000000000002 -0.004599999999998785 0 30018.0
774 212.23 212.19700000000003 0.005299999999998345 0 30018.0
775 212.23 212.19700000000003 0.005299999999998345 0 30018.0
776 212.23 212.19700000000003 0.005299999999998345 0 30018.0
777 212.23 212.19700000000003 0.005299999999998345 0 30018.0
778 212.23 212.19700000000003 0.005299999999998345 0 30018.0
779 211.97 212.149 -0.0029999999999991613 0 30018.0
780 211.97 212.12600000000003 -0.014000000000003766 0 30018.0
781 211.97 212.12600000000003 -0.014000000000003766 0 30018.0
782 211.81 212.05800000000002 -0.02520000000000382 0 30018.0
783 211.73 211.942 -0.02320000000000255 0 30018.0
784 211.49 211.794 -0.024000000000001145 0 30018.0
785 211.49 211.794 -0.024000000000001145 0 30018.0
786 211.3 211.66000000000003 -0.03320000000000035 0 30018.0
787 211.37 211.54000000000002 -0.026199999999998256 0 30018.0
788 211.32 211.442 -0.018799999999999567 0 30018.0
789 211.32 211.442 -0.018799999999999567 0 30018.0
790 211.32 211.442 -0.018799999999999567 0 30018.0
791 211.32 211.442 -0.018799999999999567 0 30018.0
792 211.75 211.446 0.010800000000002826 0 30018.0
793 211.36 211.42000000000002 0.010000000000000599 25 30018.0
794 211.19 211.39800000000002 -0.006399999999997912 25 30013.75
795 211.34 211.39200000000002 -0.010400000000001667 25 30017.5
796 211.43 211.41400000000002 -0.013199999999999957 0 30019.75
797 211.28 211.32000000000002 0.0016000000000017899 25 30019.75
798 211.34 211.316 0.004799999999997236 0 30021.25
799 211.53 211.38400000000001 0.005800000000002027 0 30021.25
800 211.7 211.45600000000002 0.015799999999997094 0 30021.25
801 211.77 211.52400000000003 0.02680000000000136 0 30021.25
802 211.72 211.61200000000002 0.019999999999999865 0 30021.25
803 211.79 211.70200000000003 0.010800000000000276 0 30021.25
804 211.79 211.70200000000003 0.010800000000000276 0 30021.25
805 211.79 211.70200000000003 0.010800000000000276 0 30021.25
806 211.79 211.70200000000003 0.010800000000000276 0 30021.25
807 211.79 211.70200000000003 0.010800000000000276 0 30021.25
808 211.9 211.776 0.008399999999999698 0 30021.25
809 211.9 211.776 0.008399999999999698 0 30021.25
810 211.9 211.776 0.008399999999999698 0 30021.25
811 211.99 211.834 0.012400000000000634 0 30021.25
812 211.99 211.834 0.012400000000000634 0 30021.25
813 212.09 211.898 0.018800000000004365 0 30021.25
814 212.09 211.898 0.018800000000004365 0 30021.25
815 212.09 211.898 0.018800000000004365 0 30021.25
816 212.09 211.898 0.018800000000004365 0 30021.25
817 212.05 211.964 0.014200000000003647 0 30021.25
818 211.95 211.99600000000004 0.0032000000000001446 25 30021.25
819 211.95 211.99600000000004 0.0032000000000001446 50 30021.25
820 211.95 211.99600000000004 0.0032000000000001446 75 30021.25
821 212.04 212.024 -0.0008000000000015413 0 30028.0
822 212.21 212.068 0.004600000000001144 0 30028.0
823 212.26 212.10200000000003 0.013599999999998277 0 30028.0
824 212.22 212.13600000000002 0.015199999999999065 0 30028.0
825 212.31 212.20800000000003 0.01100000000000054 0 30028.0
826 212.23 212.246 0.0017999999999972996 25 30028.0
827 212.405 212.285 0.005999999999999064 0 30032.375
828 212.43 212.31900000000002 0.010300000000000796 0 30032.375
829 212.57 212.389 0.014400000000002902 0 30032.375
830 212.495 212.426 0.013899999999997371 0 30032.375
831 212.515 212.483 0.00569999999999965 0 30032.375
832 212.65 212.532 0.0077000000000007115 0 30032.375
833 212.56 212.558 0.0027000000000031647 0 30032.375
834 212.43 212.53000000000003 -0.0016999999999995064 0 30032.375
835 212.62 212.555 -0.0001999999999990053 0 30032.375
836 212.645 212.58100000000002 0.0010000000000001499 0 30032.375
837 212.82 212.615 0.014699999999997075 0 30032.375
838 212.785 212.66000000000003 0.018200000000000723 0 30032.375
839 212.66 212.706 0.004399999999997099 25 30032.375
840 212.455 212.67300000000003 -0.010799999999998897 25 30027.25
841 212.6 212.66400000000004 -0.015399999999997442 25 30030.875
842 212.6 212.66400000000004 -0.015399999999997442 25 30030.875
843 212.53 212.60600000000002 -0.011400000000002214 25 30029.125
844 212.69 212.58700000000002 0.002700000000002272 0 30033.125
845 212.74 212.603 0.013199999999995854 0 30033.125
846 212.74 212.603 0.013199999999995854 0 30033.125
847 212.74 212.603 0.013199999999995854 0 30033.125
848 212.31 212.574 -0.007399999999999645 0 30033.125
849 212.14 212.48200000000003 -0.023200000000001355 0 30033.125
850 212.14 212.48200000000003 -0.023200000000001355 0 30033.125
851 212.445 212.465 -0.021799999999997613 0 30033.125
852 212.49 212.425 -0.007299999999996678 0 30033.125
853 212.48 212.37300000000002 0.013799999999999256 0 30033.125
854 212.38 212.387 0.010300000000002694 25 30033.125
855 212.38 212.387 0.010300000000002694 50 30033.125
856 212.59 212.477 0.0035999999999944527 0 30043.625
857 212 212.388 -0.01740000000000306 0 30043.625
858 211.9 212.27 -0.030800000000005403 0 30043.625
859 211.98 212.17000000000002 -0.029799999999999605 0 30043.625
860 212 212.09400000000002 -0.023999999999996687 0 30043.625
861 212.03 211.98200000000003 0.0032000000000011112 0 30043.625
862 212.05 211.99200000000002 0.007000000000001325 0 30043.625
863 212.05 211.99200000000002 0.007000000000001325 0 30043.625
864 212.27 212.06600000000003 0.012599999999999946 0 30043.625
865 212.27 212.06600000000003 0.012599999999999946 0 30043.625
866 212.23 212.116 0.01399999999999959 0 30043.625
867 212.18 212.15200000000002 0.009600000000000658 0 30043.625
868 211.99 212.144 -0.004200000000001437 0 30043.625
869 211.99 212.144 -0.004200000000001437 0 30043.625
870 212.05 212.144 -0.013600000000001255 0 30043.625
871 212.04 212.098 -0.010199999999997704 0 30043.625
872 212.04 212.098 -0.010199999999997704 0 30043.625
873 212.04 212.098 -0.010199999999997704 0 30043.625
874 211.93 212.03799999999998 -0.008999999999999085 0 30043.625
875 211.66 211.934 -0.015599999999998277 0 30043.625
876 211.51 211.838 -0.029200000000001357 0 30043.625
877 211.67 211.762 -0.023199999999998423 0 30043.625
878 211.685 211.69100000000003 -0.009599999999998641 0 30043.625
879 211.76 211.657 0.00749999999999896 0 30043.625
880 211.74 211.673 0.010999999999999106 0 30043.625
881 211.87 211.745 0.009100000000001888 0 30043.625
882 212.045 211.82 0.01659999999999962 0 30043.625
883 212.035 211.89000000000001 0.017099999999997215 0 30043.625
884 212.35 212.008 0.02769999999999512 0 30043.625
885 212.21 212.102 0.01970000000000308 0 30043.625
886 212.2 212.168 0.009699999999999586 0 30043.625
887 212.2 212.168 0.009699999999999586 0 30043.625
888 211.95 212.149 -0.006400000000000777 0 30043.625
889 212.17 212.17600000000002 -0.012400000000001462 0 30043.625
890 211.99 212.104 -0.009400000000000663 0 30043.625
891 211.9 212.042 -0.011200000000001382 0 30043.625
892 211.9 212.042 -0.011200000000001382 0 30043.625
893 211.69 211.94 -0.015799999999999176 0 30043.625
894 211.81 211.91199999999998 -0.020399999999996348 0 30043.625
895 211.89 211.856 -0.005800000000001988 0 30043.625
896 211.94 211.84600000000003 0.00559999999999987 0 30043.625
897 211.99 211.864 0.014600000000005236 0 30043.625
898 212.01 211.928 0.010000000000003326 0 30043.625
899 211.97 211.96000000000004 0.004600000000000536 0 30043.625
900 211.97 211.96000000000004 0.004600000000000536 0 30043.625
901 212.15 212.012 0.008000000000004615 0 30043.625
902 211.96 212.01600000000002 0.001600000000001658 25 30043.625
903 211.89 211.99600000000004 -0.004999999999997557 25 30041.875
904 211.89 211.99600000000004 -0.004999999999997557 25 30041.875
905 212.05 212.004 -0.002000000000001414 0 30045.875
906 211.92 211.99400000000003 -0.007399999999999154 0 30045.875
907 212.045 211.973 0.004000000000001909 0 30045.875
908 212.01 211.983 0.004700000000000979 0 30045.875
909 211.99 212.00300000000001 -0.0005999999999988004 0 30045.875
910 212.21 212.03500000000003 0.010500000000000903 0 30045.875
911 212.275 212.10600000000002 0.01320000000000175 0 30045.875
912 212.275 212.10600000000002 0.01320000000000175 0 30045.875
913 212.275 212.10600000000002 0.01320000000000175 0 30045.875
914 212.08 212.11300000000003 0.008500000000002115 25 30045.875
915 212.19 212.149 0.0054000000000021565 0 30048.625
916 212.05 212.16100000000003 -0.008100000000002107 0 30048.625
917 211.945 212.10800000000003 -0.013799999999999583 0 30048.625
918 211.955 212.04400000000004 -0.009899999999999699 0 30048.625
919 212.24 212.07600000000005 0.00010000000000240543 0 30048.625
920 212.24 212.07600000000005 0.00010000000000240543 0 30048.625
921 212.36 212.11000000000004 0.01830000000000469 0 30048.625
922 212.36 212.11000000000004 0.01830000000000469 0 30048.625
923 212.23 212.14600000000002 0.01949999999999514 0 30048.625
924 212.48 212.25300000000001 0.020799999999999427 0 30048.625
925 212.41 212.34400000000002 0.00920000000000048 0 30048.625
926 212.35 212.366 0.003199999999996761 25 30048.625
927 212.38 212.37 0.0033999999999990973 0 30049.375
928 212.49 212.42200000000003 -0.0002000000000003996 0 30049.375
929 212.5 212.426 0.006399999999999218 0 30049.375
930 212.62 212.46800000000002 0.013200000000003077 0 30049.375
931 212.62 212.46800000000002 0.013200000000003077 0 30049.375
932 212.705 212.539 0.015600000000000579 0 30049.375
933 212.705 212.539 0.015600000000000579 0 30049.375
934 213.01 212.66500000000002 0.024899999999998798 0 30049.375
935 213.35 212.837 0.04180000000000079 0 30049.375
936 213.27 212.99099999999999 0.03890000000000137 0 30049.375
937 213.41 213.149 0.03339999999999794 0 30049.375
938 213.54 213.316 0.022399999999994476 0 30049.375
939 213.57 213.42800000000003 0.01420000000000129 0 30049.375
940 213.43 213.44400000000002 0.009600000000000029 25 30049.375
941 213.55 213.5 0.0034000000000056997 0 30052.375
942 213.28 213.47400000000002 -0.010800000000000259 0 30052.375
943 213.41 213.44800000000004 -0.009399999999998992 0 30052.375
944 213.17 213.36800000000005 -0.013199999999999188 0 30052.375
945 213.49 213.38000000000002 -0.0045999999999971385 0 30052.375
946 213.63 213.39600000000002 0.015599999999998088 0 30052.375
947 213.945 213.529 0.030599999999993077 0 30052.375
948 213.945 213.529 0.030599999999993077 0 30052.375
949 213.67 213.581 0.02910000000000293 0 30052.375
950 213.67 213.68100000000004 0.00799999999999485 25 30052.375
951 213.47 213.67700000000002 -0.011899999999999189 25 30047.375
952 213.45 213.64100000000002 -0.023800000000001844 25 30046.875
953 213.5 213.55200000000002 -0.01120000000000208 25 30048.125
954 213.48 213.51399999999998 -0.007000000000000923 25 30047.625
955 213.46 213.472 0.00020000000000091735 50 30047.125
956 213.58 213.49400000000003 0.0044000000000042885 0 30053.125
957 213.62 213.52800000000002 0.006800000000001644 0 30053.125
958 213.59 213.54600000000005 0.007600000000004353 0 30053.125
959 213.79 213.60800000000003 0.013399999999998843 0 30053.125
