time-hour stock-price avg-price-5-min regression coef number-of-stocks portfolio-value 570 211.99 209.91600000000003 41.7204 0 30000.0
571 211.795 210.32300000000004 41.604399999999984 0 30000.0
572 208.62 210.17100000000005 41.9481 0 30000.0
573 208.78 210.097 42.28400000000001 0 30000.0
574 208.59 209.95500000000004 42.579900000000016 0 30000.0
575 208.95 209.347 42.21260000000002 0 30000.0
576 208.97 208.782 41.70420000000001 0 30000.0
577 209.15 208.88800000000003 41.71040000000001 0 30000.0
578 209.345 209.00100000000003 41.697599999999994 0 30000.0
579 209.26 209.13500000000002 41.76730000000002 0 30000.0
580 210.14 209.37300000000002 41.72760000000002 0 30000.0
581 210.125 209.604 41.75609999999999 0 30000.0
582 211.34 210.042 41.71710000000001 0 30000.0
583 211.43 210.459 41.75940000000002 0 30000.0
584 211.42 210.891 41.94629999999999 0 30000.0
585 212.29 211.321 41.99960000000001 0 30000.0
586 212.63 211.822 42.15799999999999 0 30000.0
587 211.86 211.92600000000002 42.260999999999996 0 30000.0
588 211.92 212.024 42.37060000000001 0 30000.0
589 212.07 212.154 42.499799999999986 0 30000.0
590 212.67 212.23000000000002 42.42860000000001 0 30000.0
591 212.35 212.174 42.33100000000002 0 30000.0
592 212.33 212.268 42.38759999999998 0 30000.0
593 212.4 212.36400000000003 42.45360000000002 0 30000.0
594 213.16 212.582 42.454600000000006 0 30000.0
595 213.42 212.732 42.36820000000001 0 30000.0
596 213.21 212.904 42.414 0 30000.0
597 213.81 213.20000000000002 42.467800000000004 0 30000.0
598 213.5 213.42000000000002 42.61980000000001 0 30000.0
599 213.88 213.56400000000002 42.6402 0 30000.0
600 214.62 213.804 42.58740000000003 0 30000.0
601 214.43 214.048 42.66800000000001 0 30000.0
602 214.06 214.098 42.71940000000001 0 30000.0
603 213.14 214.026 42.927600000000005 0 30000.0
604 212.53 213.756 43.079400000000014 0 30000.0
605 212.815 213.39500000000004 42.964600000000004 0 30000.0
606 212.12 212.93300000000002 42.83889999999999 0 30000.0
607 211.86 212.49300000000002 42.6768 0 30000.0
608 211.6 212.185 42.605900000000005 0 30000.0
609 211.53 211.985 42.5824 0 30000.0
610 212.38 211.89800000000002 42.36820000000001 0 30000.0
611 212.29 211.93200000000002 42.28800000000001 0 30000.0
612 212.89 212.138 42.2272 0 30000.0
613 212.5 212.318 42.31659999999999 0 30000.0
614 212.23 212.458 42.497 0 30000.0
615 212.42 212.466 42.5172 0 30000.0
616 212.65 212.538 42.54120000000001 0 30000.0
617 212.86 212.532 42.43799999999999 0 30000.0
618 212.45 212.52200000000002 42.4516 0 30000.0
619 212.39 212.55400000000003 42.52639999999998 0 30000.0
620 212.33 212.53600000000003 42.5738 0 30000.0
621 212.595 212.52500000000003 42.54400000000001 0 30000.0
622 213.26 212.60500000000002 42.411500000000004 0 30000.0
623 213.48 212.811 42.375600000000006 0 30000.0
624 213.5 213.03300000000002 42.41310000000001 0 30000.0
625 213.37 213.241 42.540800000000026 0 30000.0
626 213.16 213.354 42.68939999999999 0 30000.0
627 213.22 213.346 42.72079999999998 0 30000.0
628 213.61 213.37200000000004 42.67020000000002 0 30000.0
629 213.52 213.37600000000003 42.63020000000001 0 30000.0
630 213.31 213.36400000000003 42.636799999999994 0 30000.0
631 212.7 213.27200000000002 42.73479999999999 0 30000.0
632 212.7 213.168 42.792000000000016 0 30000.0
633 212.64 212.974 42.73700000000002 0 30000.0
634 212.23 212.71599999999998 42.67639999999999 0 30000.0
635 212.96 212.64600000000002 42.5262 0 30000.0
636 212.99 212.704 42.48679999999999 0 30000.0
637 213.41 212.846 42.4312 0 30000.0
638 213.12 212.94200000000004 42.45460000000002 0 30000.0
639 213.51 213.198 42.5658 0 30000.0
640 213.05 213.216 42.63000000000002 0 30000.0
641 212.71 213.16000000000003 42.720200000000006 0 30000.0
642 212.63 213.00400000000002 42.707600000000006 0 30000.0
643 212.41 212.86200000000002 42.729600000000005 0 30000.0
644 212.71 212.70200000000003 42.5992 0 30000.0
645 212.89 212.67000000000002 42.50759999999999 0 30000.0
646 212.83 212.69400000000002 42.48600000000002 0 30000.0
647 212.86 212.74 42.486799999999995 0 30000.0
648 212.9 212.83800000000002 42.54659999999999 0 30000.0
649 212.72 212.84000000000003 42.584199999999996 0 30000.0
650 212.68 212.79800000000003 42.58600000000001 0 30000.0
651 212.7 212.77200000000002 42.58679999999999 0 30000.0
652 212.4 212.68 42.597200000000015 0 30000.0
653 212.5 212.60000000000002 42.5632 0 30000.0
654 212.77 212.60999999999999 42.523200000000024 0 30000.0
655 212.88 212.65 42.486200000000004 0 30000.0
656 212.96 212.70200000000003 42.45040000000001 0 30000.0
657 212.86 212.794 42.504200000000004 0 30000.0
658 212.77 212.848 42.57079999999999 0 30000.0
659 212.75 212.84400000000002 42.59579999999998 0 30000.0
660 213.38 212.94400000000002 42.54499999999999 0 30000.0
661 213.68 213.08800000000002 42.4826 0 30000.0
662 213.37 213.19000000000003 42.51019999999998 0 30000.0
663 213.28 213.29200000000003 42.59539999999999 0 30000.0
664 213.28 213.39800000000002 42.71560000000001 0 30000.0
665 213.09 213.34000000000003 42.74419999999999 0 30000.0
666 211.29 212.86200000000002 42.83339999999999 0 30000.0
667 211.51 212.49 42.82980000000002 0 30000.0
668 211.47 212.12800000000001 42.73759999999999 0 30000.0
669 211.21 211.714 42.557600000000015 0 30000.0
670 211.66 211.428 42.2592 0 30000.0
671 211.43 211.45600000000002 42.2894 0 30000.0
672 211.95 211.54399999999998 42.23800000000002 0 30000.0
673 212.13 211.676 42.2074 0 30000.0
674 212.13 211.676 42.2074 0 30000.0
675 212.18 211.87 42.26960000000001 0 30000.0
676 211.79 211.89600000000002 42.322199999999995 0 30000.0
677 211.75 211.96 42.43640000000001 0 30000.0
678 211.75 211.96 42.43640000000001 0 30000.0
679 212.3 212.03000000000003 42.41140000000001 0 30000.0
680 211.84 211.972 42.40459999999999 0 30000.0
681 211.8 211.89600000000002 42.372600000000006 0 30000.0
682 211.93 211.924 42.393199999999986 0 30000.0
683 212.33 212.04000000000002 42.39900000000001 0 30000.0
684 212.325 212.04500000000002 42.319 0 30000.0
685 212.06 212.08900000000003 42.362899999999996 0 30000.0
686 212.065 212.14200000000002 42.4284 0 30000.0
687 211.96 212.14800000000002 42.489600000000024 0 30000.0
688 212.63 212.20800000000003 42.41099999999998 0 30000.0
689 212.615 212.26600000000002 42.352700000000006 0 30000.0
690 212.95 212.44400000000002 42.343299999999985 0 30000.0
691 213.05 212.64100000000002 42.378200000000014 0 30000.0
692 212.935 212.836 42.5045 0 30000.0
693 212.99 212.90800000000002 42.537499999999994 0 30000.0
694 212.72 212.92900000000003 42.61700000000001 0 30000.0
695 212.3 212.79900000000004 42.6627 0 30000.0
696 212.44 212.67700000000002 42.636199999999995 0 30000.0
697 212.9 212.67000000000004 42.5616 0 30000.0
698 212.85 212.64200000000002 42.47679999999999 0 30000.0
699 212.9 212.67800000000003 42.43900000000003 0 30000.0
700 212.95 212.80800000000002 42.50039999999998 0 30000.0
701 212.95 212.91000000000003 42.56999999999999 0 30000.0
702 212.88 212.906 42.57459999999999 0 30000.0
703 212.99 212.93400000000003 42.58020000000001 0 30000.0
704 213.09 212.972 42.57519999999998 0 30000.0
705 212.81 212.94400000000002 42.592999999999996 0 30000.0
706 212.89 212.93200000000002 42.596000000000004 0 30000.0
707 212.75 212.90600000000003 42.62199999999999 0 30000.0
708 212.75 212.90600000000003 42.62199999999999 0 30000.0
709 212.84 212.87600000000003 42.608800000000016 0 30000.0
710 212.6 212.77800000000005 42.58380000000001 0 30000.0
711 212.69 212.75400000000005 42.58380000000001 0 30000.0
712 212.77 212.73000000000002 42.55260000000002 0 30000.0
713 212.74 212.728 42.5474 0 30000.0
714 212.89 212.73800000000003 42.509800000000006 0 30000.0
715 212.67 212.752 42.5456 0 30000.0
716 212.31 212.676 42.59459999999999 0 30000.0
717 212.21 212.56400000000002 42.61119999999998 0 30000.0
718 212.21 212.45800000000003 42.60080000000001 0 30000.0
719 212.23 212.32600000000002 42.524 0 30000.0
720 212.43 212.27800000000002 42.440000000000005 0 30000.0
721 212.43 212.27800000000002 42.440000000000005 0 30000.0
722 212.74 212.36400000000003 42.396000000000015 0 30000.0
723 212.595 212.44100000000003 42.41140000000001 0 30000.0
724 212.6 212.51900000000003 42.449500000000015 0 30000.0
725 212.94 212.661 42.47940000000001 0 30000.0
726 212.94 212.661 42.47940000000001 0 30000.0
727 212.81 212.73700000000002 42.5183 0 30000.0
728 212.75 212.73900000000003 42.516600000000004 0 30000.0
729 213.15 212.85000000000002 42.515399999999985 0 30000.0
730 213.1 212.95000000000002 42.55039999999999 0 30000.0
731 212.945 212.95100000000002 42.55300000000001 0 30000.0
732 212.945 212.95100000000002 42.55300000000001 0 30000.0
733 212.94 212.977 42.58490000000001 0 30000.0
734 212.99 213.025 42.633799999999994 0 30000.0
735 212.91 212.977 42.6155 0 30000.0
736 212.88 212.933 42.59619999999998 0 30000.0
737 213.33 213.01 42.5618 0 30000.0
738 213.1 213.042 42.57000000000001 0 30000.0
739 213.26 213.096 42.564000000000014 0 30000.0
740 213.29 213.17200000000003 42.58940000000001 0 30000.0
741 212.78 213.15200000000002 42.68500000000001 0 30000.0
742 212.85 213.056 42.67000000000001 0 30000.0
743 212.85 213.056 42.67000000000001 0 30000.0
744 212.83 213.002 42.67840000000001 0 30000.0
745 212.9 212.93 42.62979999999999 0 30000.0
746 212.9 212.85200000000003 42.553000000000004 0 30000.0
747 212.83 212.86200000000002 42.570600000000006 0 30000.0
748 212.64 212.82000000000002 42.591000000000015 0 30000.0
749 212.8 212.81400000000002 42.5904 0 30000.0
750 212.8 212.81400000000002 42.5904 0 30000.0
751 212.81 212.79600000000002 42.571799999999996 0 30000.0
752 212.78 212.77200000000002 42.5502 0 30000.0
753 212.78 212.77200000000002 42.5502 0 30000.0
754 212.53 212.71200000000002 42.55679999999999 0 30000.0
755 212.53 212.71200000000002 42.55679999999999 0 30000.0
756 212.7 212.72400000000002 42.5736 0 30000.0
757 212.7 212.72400000000002 42.5736 0 30000.0
758 212.63 212.69000000000003 42.56440000000002 0 30000.0
759 212.45 212.61800000000002 42.557199999999995 0 30000.0
760 212.62 212.586 42.52139999999999 0 30000.0
761 212.39 212.55800000000002 42.54940000000001 0 30000.0
762 212.355 212.489 42.5344 0 30000.0
763 212.51 212.46500000000003 42.5017 0 30000.0
764 212.51 212.47700000000003 42.5014 0 30000.0
765 212.65 212.48300000000003 42.45609999999999 0 30000.0
766 212.85 212.57500000000002 42.44719999999998 0 30000.0
767 212.61 212.62600000000003 42.492799999999995 0 30000.0
768 212.27 212.57800000000003 42.54679999999997 0 30000.0
769 212.395 212.55500000000004 42.57640000000002 0 30000.0
770 212.21 212.46700000000004 42.583099999999995 0 30000.0
771 212.085 212.31400000000002 42.52940000000002 0 30000.0
772 212.15 212.22200000000004 42.477399999999975 0 30000.0
773 212.31 212.23000000000002 42.459799999999994 0 30000.0
774 212.23 212.19700000000003 42.42349999999999 0 30000.0
775 212.23 212.19700000000003 42.42349999999999 0 30000.0
776 212.23 212.19700000000003 42.42349999999999 0 30000.0
777 212.23 212.19700000000003 42.42349999999999 0 30000.0
778 212.23 212.19700000000003 42.42349999999999 0 30000.0
779 211.97 212.149 42.43880000000001 0 30000.0
780 211.97 212.12600000000003 42.46720000000002 0 30000.0
781 211.97 212.12600000000003 42.46720000000002 0 30000.0
782 211.81 212.05800000000002 42.48720000000001 0 30000.0
783 211.73 211.942 42.45800000000002 0 30000.0
784 211.49 211.794 42.430800000000005 0 30000.0
785 211.49 211.794 42.430800000000005 0 30000.0
786 211.3 211.66000000000003 42.4316 0 30000.0
787 211.37 211.54000000000002 42.3866 0 30000.0
788 211.32 211.442 42.344800000000006 0 30000.0
789 211.32 211.442 42.344800000000006 0 30000.0
790 211.32 211.442 42.344800000000006 0 30000.0
791 211.32 211.442 42.344800000000006 0 30000.0
792 211.75 211.446 42.2568 0 30000.0
793 211.36 211.42000000000002 42.254 0 30000.0
794 211.19 211.39800000000002 42.29879999999998 0 30000.0
795 211.34 211.39200000000002 42.30960000000002 0 30000.0
796 211.43 211.41400000000002 42.3224 0 30000.0
797 211.28 211.32000000000002 42.25919999999999 0 30000.0
798 211.34 211.316 42.248800000000024 0 30000.0
799 211.53 211.38400000000001 42.25939999999999 0 30000.0
800 211.7 211.45600000000002 42.243800000000014 0 30000.0
801 211.77 211.52400000000003 42.22440000000002 0 30000.0
802 211.72 211.61200000000002 42.26240000000001 0 30000.0
803 211.79 211.70200000000003 42.30799999999999 0 30000.0
804 211.79 211.70200000000003 42.30799999999999 0 30000.0
805 211.79 211.70200000000003 42.30799999999999 0 30000.0
806 211.79 211.70200000000003 42.30799999999999 0 30000.0
807 211.79 211.70200000000003 42.30799999999999 0 30000.0
808 211.9 211.776 42.32999999999999 0 30000.0
809 211.9 211.776 42.32999999999999 0 30000.0
810 211.9 211.776 42.32999999999999 0 30000.0
811 211.99 211.834 42.3296 0 30000.0
812 211.99 211.834 42.3296 0 30000.0
813 212.09 211.898 42.32319999999999 0 30000.0
814 212.09 211.898 42.32319999999999 0 30000.0
815 212.09 211.898 42.32319999999999 0 30000.0
816 212.09 211.898 42.32319999999999 0 30000.0
817 212.05 211.964 42.350199999999994 0 30000.0
818 211.95 211.99600000000004 42.389600000000016 0 30000.0
819 211.95 211.99600000000004 42.389600000000016 0 30000.0
820 211.95 211.99600000000004 42.389600000000016 0 30000.0
821 212.04 212.024 42.407200000000024 0 30000.0
822 212.21 212.068 42.3998 0 30000.0
823 212.26 212.10200000000003 42.37960000000001 0 30000.0
824 212.22 212.13600000000002 42.38160000000001 0 30000.0
825 212.31 212.20800000000003 42.40860000000001 0 30000.0
826 212.23 212.246 42.4438 0 30000.0
827 212.405 212.285 42.43899999999999 0 30000.0
828 212.43 212.31900000000002 42.4329 0 30000.0
829 212.57 212.389 42.43459999999999 0 30000.0
830 212.495 212.426 42.44350000000002 0 30000.0
831 212.515 212.483 42.47950000000001 0 30000.0
832 212.65 212.532 42.4833 0 30000.0
833 212.56 212.558 42.50349999999998 0 30000.0
834 212.43 212.53000000000003 42.51110000000001 0 30000.0
835 212.62 212.555 42.51160000000001 0 30000.0
836 212.645 212.58100000000002 42.513200000000005 0 30000.0
837 212.82 212.615 42.47890000000001 0 30000.0
838 212.785 212.66000000000003 42.4774 0 30000.0
839 212.66 212.706 42.52800000000001 0 30000.0
840 212.455 212.67300000000003 42.56699999999999 0 30000.0
841 212.6 212.66400000000004 42.579 0 30000.0
842 212.6 212.66400000000004 42.579 0 30000.0
843 212.53 212.60600000000002 42.55540000000002 0 30000.0
844 212.69 212.58700000000002 42.5093 0 30000.0
845 212.74 212.603 42.48100000000001 0 30000.0
846 212.74 212.603 42.48100000000001 0 30000.0
847 212.74 212.603 42.48100000000001 0 30000.0
848 212.31 212.574 42.53699999999999 0 30000.0
849 212.14 212.48200000000003 42.56600000000002 0 30000.0
850 212.14 212.48200000000003 42.56600000000002 0 30000.0
851 212.445 212.465 42.55839999999998 0 30000.0
852 212.49 212.425 42.506899999999995 0 30000.0
853 212.48 212.37300000000002 42.4332 0 30000.0
854 212.38 212.387 42.446499999999986 0 30000.0
855 212.38 212.387 42.446499999999986 0 30000.0
856 212.59 212.477 42.48460000000002 0 30000.0
857 212 212.388 42.52980000000001 0 30000.0
858 211.9 212.27 42.54640000000002 0 30000.0
859 211.98 212.17000000000002 42.5234 0 30000.0
860 212 212.09400000000002 42.490799999999986 0 30000.0
861 212.03 211.98200000000003 42.38679999999999 0 30000.0
862 212.05 211.99200000000002 42.3774 0 30000.0
863 212.05 211.99200000000002 42.3774 0 30000.0
864 212.27 212.06600000000003 42.3754 0 30000.0
865 212.27 212.06600000000003 42.3754 0 30000.0
866 212.23 212.116 42.381200000000014 0 30000.0
867 212.18 212.15200000000002 42.4016 0 30000.0
868 211.99 212.144 42.44140000000002 0 30000.0
869 211.99 212.144 42.44140000000002 0 30000.0
870 212.05 212.144 42.469600000000014 0 30000.0
871 212.04 212.098 42.45019999999998 0 30000.0
872 212.04 212.098 42.45019999999998 0 30000.0
873 212.04 212.098 42.45019999999998 0 30000.0
874 211.93 212.03799999999998 42.4346 0 30000.0
875 211.66 211.934 42.43359999999999 0 30000.0
876 211.51 211.838 42.4552 0 30000.0
877 211.67 211.762 42.422 0 30000.0
878 211.685 211.69100000000003 42.36699999999999 0 30000.0
879 211.76 211.657 42.308900000000015 0 30000.0
880 211.74 211.673 42.30160000000001 0 30000.0
881 211.87 211.745 42.3217 0 30000.0
882 212.045 211.82 42.31420000000001 0 30000.0
883 212.035 211.89000000000001 42.326699999999995 0 30000.0
884 212.35 212.008 42.318500000000014 0 30000.0
885 212.21 212.102 42.361299999999986 0 30000.0
886 212.2 212.168 42.4045 0 30000.0
887 212.2 212.168 42.4045 0 30000.0
888 211.95 212.149 42.449000000000005 0 30000.0
889 212.17 212.17600000000002 42.47240000000001 0 30000.0
890 211.99 212.104 42.449000000000005 0 30000.0
891 211.9 212.042 42.442000000000014 0 30000.0
892 211.9 212.042 42.442000000000014 0 30000.0
893 211.69 211.94 42.435399999999994 0 30000.0
894 211.81 211.91199999999998 42.443599999999975 0 30000.0
895 211.89 211.856 42.38860000000002 0 30000.0
896 211.94 211.84600000000003 42.35240000000002 0 30000.0
897 211.99 211.864 42.328999999999986 0 30000.0
898 212.01 211.928 42.355599999999974 0 30000.0
899 211.97 211.96000000000004 42.37820000000001 0 30000.0
900 211.97 211.96000000000004 42.37820000000001 0 30000.0
901 212.15 212.012 42.37839999999998 0 30000.0
902 211.96 212.01600000000002 42.3984 0 30000.0
903 211.89 211.99600000000004 42.414199999999994 0 30000.0
904 211.89 211.99600000000004 42.414199999999994 0 30000.0
905 212.05 212.004 42.40680000000002 0 30000.0
906 211.92 211.99400000000003 42.42100000000001 0 30000.0
907 212.045 211.973 42.382600000000004 0 30000.0
908 212.01 211.983 42.3825 0 30000.0
909 211.99 212.00300000000001 42.40240000000001 0 30000.0
910 212.21 212.03500000000003 42.375499999999995 0 30000.0
911 212.275 212.10600000000002 42.3816 0 30000.0
912 212.275 212.10600000000002 42.3816 0 30000.0
913 212.275 212.10600000000002 42.3816 0 30000.0
914 212.08 212.11300000000003 42.397099999999995 0 30000.0
915 212.19 212.149 42.413599999999995 0 30000.0
916 212.05 212.16100000000003 42.45650000000001 0 30000.0
917 211.945 212.10800000000003 42.46299999999999 0 30000.0
918 211.955 212.04400000000004 42.43850000000001 0 30000.0
919 212.24 212.07600000000005 42.4149 0 30000.0
920 212.18 212.07400000000004 42.3815 0 30000.0
921 212.36 212.13600000000002 42.3639 0 30000.0
922 212.37 212.221 42.3872 0 30000.0
923 212.23 212.27600000000004 42.44500000000002 0 30000.0
924 212.48 212.32400000000004 42.436600000000006 0 30000.0
925 212.41 212.37 42.46140000000002 0 30000.0
926 212.41 212.37 42.46140000000002 0 30000.0
927 212.38 212.374 42.46280000000001 0 30000.0
928 212.49 212.39800000000002 42.4544 0 30000.0
929 212.5 212.452 42.48319999999998 0 30000.0
930 212.62 212.48000000000002 42.463600000000014 0 30000.0
931 212.6 212.518 42.46940000000001 0 30000.0
932 212.705 212.583 42.48480000000001 0 30000.0
933 212.705 212.583 42.48480000000001 0 30000.0
934 213.01 212.687 42.47109999999998 0 30000.0
935 213.35 212.85700000000003 42.45920000000002 0 30000.0
936 213.27 212.98700000000002 42.47830000000001 0 30000.0
937 213.41 213.149 42.529600000000016 0 30000.0
938 213.54 213.316 42.59600000000002 0 30000.0
939 213.57 213.42800000000003 42.643 0 30000.0
940 213.43 213.44400000000002 42.66 0 30000.0
941 213.55 213.5 42.689799999999984 0 30000.0
942 213.28 213.47400000000002 42.7272 0 30000.0
943 213.41 213.44800000000004 42.7178 0 30000.0
944 213.17 213.36800000000005 42.7132 0 30000.0
945 213.49 213.38000000000002 42.6898 0 30000.0
946 213.63 213.39600000000002 42.63240000000001 0 30000.0
947 213.945 213.529 42.61400000000002 0 30000.0
948 213.68 213.58299999999997 42.6281 0 30000.0
949 213.67 213.68300000000002 42.71200000000001 0 30000.0
950 213.67 213.71900000000002 42.75550000000001 0 30000.0
951 213.47 213.687 42.795 0 30000.0
952 213.47 213.687 42.795 0 30000.0
953 213.5 213.598 42.75319999999999 0 30000.0
954 213.48 213.55800000000002 42.744600000000005 0 30000.0
955 213.46 213.516 42.727799999999995 0 30000.0
956 213.58 213.49800000000002 42.68880000000001 0 30000.0
957 213.62 213.52800000000002 42.68519999999998 0 30000.0
958 213.59 213.54600000000005 42.68639999999997 0 30000.0
959 213.79 213.60800000000003 42.6814 0 30000.0
570 211.99 209.91600000000003 0.0876000000000032 0 30000.0
570 211.99 209.91600000000003 0.0876000000000032 0 30000.0
571 211.795 210.32300000000004 0.15340000000000326 0 30000.0
572 208.62 210.17100000000005 0.028699999999996898 0 30000.0
573 208.78 210.097 -0.08820000000000129 0 30000.0
574 208.59 209.95500000000004 -0.19630000000000067 0 30000.0
575 208.95 209.347 -0.11440000000000711 25 30000.0
576 208.97 208.782 0.017400000000000457 0 30000.5
577 209.15 208.88800000000003 0.022399999999998848 0 30000.5
578 209.345 209.00100000000003 0.03419999999999967 0 30000.5
579 209.26 209.13500000000002 0.01989999999999848 0 30000.5
580 210.14 209.37300000000002 0.04899999999999473 0 30000.5
581 210.125 209.604 0.05490000000000335 0 30000.5
582 211.34 210.042 0.09709999999999665 0 30000.5
583 211.43 210.459 0.11079999999999601 0 30000.5
584 211.42 210.891 0.07730000000000303 0 30000.5
585 212.29 211.321 0.08819999999999781 0 30000.5
586 212.63 211.822 0.06880000000000092 0 30000.5
587 211.86 211.92600000000002 0.041400000000001505 0 30000.5
588 211.92 212.024 0.011400000000001591 0 30000.5
589 212.07 212.154 -0.022999999999999073 25 30000.5
590 212.67 212.23000000000002 0.0057999999999972214 0 30015.5
591 212.35 212.174 0.034599999999994524 0 30015.5
592 212.33 212.268 0.022000000000003142 0 30015.5
593 212.4 212.36400000000003 0.006399999999999314 0 30015.5
594 213.16 212.582 0.02059999999999971 0 30015.5
595 213.42 212.732 0.05939999999999778 0 30015.5
596 213.21 212.904 0.055600000000000385 0 30015.5
597 213.81 213.20000000000002 0.057399999999996405 0 30015.5
598 213.5 213.42000000000002 0.021399999999998098 0 30015.5
599 213.88 213.56400000000002 0.024199999999998976 0 30015.5
600 214.62 213.804 0.05779999999999817 0 30015.5
601 214.43 214.048 0.04720000000000064 0 30015.5
602 214.06 214.098 0.033399999999999166 0 30015.5
603 213.14 214.026 -0.04080000000000245 0 30015.5
604 212.53 213.756 -0.10940000000000402 0 30015.5
605 212.815 213.39500000000004 -0.09519999999999938 0 30015.5
606 212.12 212.93300000000002 -0.08410000000000017 0 30015.5
607 211.86 212.49300000000002 -0.05939999999999962 0 30015.5
608 211.6 212.185 -0.05630000000000037 0 30015.5
609 211.53 211.985 -0.061800000000000896 0 30015.5
610 212.38 211.89800000000002 0.003799999999997522 0 30015.5
611 212.29 211.93200000000002 0.03279999999999929 0 30015.5
612 212.89 212.138 0.0668000000000023 0 30015.5
613 212.5 212.318 0.04900000000000198 0 30015.5
614 212.23 212.458 -0.0018000000000036826 25 30015.5
615 212.42 212.466 -0.00800000000000143 50 30020.25
616 212.65 212.538 -0.011200000000002411 0 30031.75
617 212.86 212.532 0.02280000000000322 0 30031.75
618 212.45 212.52200000000002 0.017600000000003016 0 30031.75
619 212.39 212.55400000000003 -0.0051999999999979025 25 30031.75
620 212.33 212.53600000000003 -0.022199999999998637 50 30030.25
621 212.595 212.52500000000003 -0.012999999999999795 0 30043.5
622 213.26 212.60500000000002 0.036499999999997416 0 30043.5
623 213.48 212.811 0.06219999999999844 0 30043.5
624 213.5 213.03300000000002 0.0644999999999949 0 30043.5
625 213.37 213.241 0.0357999999999948 0 30043.5
626 213.16 213.354 -0.006199999999998245 25 30043.5
627 213.22 213.346 -0.017199999999996465 50 30045.0
628 213.61 213.37200000000004 0.0013999999999952384 0 30064.5
629 213.52 213.37600000000003 0.015000000000000744 0 30064.5
630 213.31 213.36400000000003 0.01200000000000149 0 30064.5
631 212.7 213.27200000000002 -0.02680000000000171 0 30064.5
632 212.7 213.168 -0.05280000000000436 0 30064.5
633 212.64 212.974 -0.04740000000000639 25 30064.5
634 212.23 212.71599999999998 -0.04439999999999866 0 30054.25
635 212.96 212.64600000000002 0.0009999999999998118 0 30054.25
636 212.99 212.704 0.01800000000000388 0 30054.25
637 213.41 212.846 0.04600000000000375 0 30054.25
638 213.12 212.94200000000004 0.044599999999997524 0 30054.25
639 213.51 213.198 0.02459999999999761 0 30054.25
640 213.05 213.216 0.004399999999997583 0 30054.25
641 212.71 213.16000000000003 -0.029400000000000502 0 30054.25
642 212.63 213.00400000000002 -0.03559999999999716 25 30054.25
643 212.41 212.86200000000002 -0.05240000000000334 0 30048.75
644 212.71 212.70200000000003 -0.019600000000000582 0 30048.75
645 212.89 212.67000000000002 0.008800000000000424 0 30048.75
646 212.83 212.69400000000002 0.0175999999999961 0 30048.75
647 212.86 212.74 0.020400000000001077 0 30048.75
648 212.9 212.83800000000002 0.007000000000000912 0 30048.75
649 212.72 212.84000000000003 -0.005400000000001442 25 30048.75
650 212.68 212.79800000000003 -0.00880000000000177 50 30047.75
651 212.7 212.77200000000002 -0.010800000000000204 75 30048.75
652 212.4 212.68 -0.02040000000000313 100 30026.25
653 212.5 212.60000000000002 -0.014400000000001228 125 30036.25
654 212.77 212.60999999999999 -0.00040000000000231723 0 30070.0
655 212.88 212.65 0.014599999999997655 0 30070.0
656 212.96 212.70200000000003 0.03000000000000029 0 30070.0
657 212.86 212.794 0.01820000000000068 0 30070.0
658 212.77 212.848 -0.00039999999999663644 25 30070.0
659 212.75 212.84400000000002 -0.008999999999997252 50 30069.5
660 213.38 212.94400000000002 0.01460000000000148 0 30101.0
661 213.68 213.08800000000002 0.04500000000000239 0 30101.0
662 213.37 213.19000000000003 0.04260000000000308 0 30101.0
663 213.28 213.29200000000003 0.021000000000002413 0 30101.0
664 213.28 213.39800000000002 -0.012000000000000356 25 30101.0
665 213.09 213.34000000000003 -0.025399999999999198 50 30096.25
666 211.29 212.86200000000002 -0.08699999999999929 0 30006.25
667 211.51 212.49 -0.11060000000000081 0 30006.25
668 211.47 212.12800000000001 -0.10399999999999782 0 30006.25
669 211.21 211.714 -0.07159999999999996 0 30006.25
670 211.66 211.428 0.008799999999997766 0 30006.25
671 211.43 211.45600000000002 0.0006000000000002118 0 30006.25
672 211.95 211.54399999999998 0.023599999999997283 0 30006.25
673 212.13 211.676 0.042599999999997785 0 30006.25
674 212.13 211.676 0.042599999999997785 0 30006.25
675 212.18 211.87 0.034800000000002294 0 30006.25
676 211.79 211.89600000000002 0.019000000000003188 0 30006.25
677 211.75 211.96 -0.014800000000001798 25 30006.25
678 211.75 211.96 -0.014800000000001798 50 30006.25
679 212.3 212.03000000000003 -0.0017999999999994045 0 30033.75
680 211.84 211.972 -0.0033999999999958725 25 30033.75
681 211.8 211.89600000000002 0.002199999999998801 25 30032.75
682 211.93 211.924 -0.0027999999999961983 0 30036.0
683 212.33 212.04000000000002 0.0029999999999971603 0 30036.0
684 212.325 212.04500000000002 0.030000000000002882 0 30036.0
685 212.06 212.08900000000003 0.018300000000000708 0 30036.0
686 212.065 212.14200000000002 1.3001602118130396e-15 0 30036.0
687 211.96 212.14800000000002 -0.02000000000000134 25 30036.0
688 212.63 212.20800000000003 0.010200000000002223 0 30052.75
689 212.615 212.26600000000002 0.033499999999999454 0 30052.75
690 212.95 212.44400000000002 0.048499999999999224 0 30052.75
691 213.05 212.64100000000002 0.05000000000000014 0 30052.75
692 212.935 212.836 0.02089999999999994 0 30052.75
693 212.99 212.90800000000002 0.014700000000001377 0 30052.75
694 212.72 212.92900000000003 -0.010399999999999097 25 30052.75
695 212.3 212.79900000000004 -0.03430000000000116 0 30042.25
696 212.44 212.67700000000002 -0.033600000000000296 25 30042.25
697 212.9 212.67000000000004 -0.009200000000003605 0 30053.75
698 212.85 212.64200000000002 0.017200000000002786 0 30053.75
699 212.9 212.67800000000003 0.03219999999999548 0 30053.75
700 212.95 212.80800000000002 0.02040000000000258 0 30053.75
701 212.95 212.91000000000003 0.003999999999999716 0 30053.75
702 212.88 212.906 0.0022000000000004134 0 30053.75
703 212.99 212.93400000000003 0.00219999999999633 0 30053.75
704 213.09 212.972 0.006400000000002569 0 30053.75
705 212.81 212.94400000000002 -0.0014000000000001975 25 30053.75
706 212.89 212.93200000000002 -0.0031999999999980594 50 30055.75
707 212.75 212.90600000000003 -0.013599999999997808 75 30048.75
708 212.75 212.90600000000003 -0.013599999999997808 100 30048.75
709 212.84 212.87600000000003 -0.011199999999999403 125 30057.75
710 212.6 212.77800000000005 -0.009400000000000469 150 30027.75
711 212.69 212.75400000000005 -0.01100000000000461 175 30041.25
712 212.77 212.73000000000002 -0.002200000000003727 0 30055.25
713 212.74 212.728 -0.0006000000000008508 0 30055.25
714 212.89 212.73800000000003 0.01259999999999743 0 30055.25
715 212.67 212.752 0.0015999999999988831 0 30055.25
716 212.31 212.676 -0.019799999999999155 25 30055.25
717 212.21 212.56400000000002 -0.03279999999999626 50 30052.75
718 212.21 212.45800000000003 -0.03640000000000115 75 30052.75
719 212.23 212.32600000000002 -0.019599999999996877 100 30054.25
720 212.43 212.27800000000002 0.005199999999998504 0 30074.25
721 212.43 212.27800000000002 0.005199999999998504 0 30074.25
722 212.74 212.36400000000003 0.025599999999998752 0 30074.25
723 212.595 212.44100000000003 0.025599999999998735 0 30074.25
724 212.6 212.51900000000003 0.018099999999998395 0 30074.25
725 212.94 212.661 0.017599999999998905 0 30074.25
726 212.94 212.661 0.017599999999998905 0 30074.25
727 212.81 212.73700000000002 0.009700000000001012 0 30074.25
728 212.75 212.73900000000003 0.010399999999999602 0 30074.25
729 213.15 212.85000000000002 0.01820000000000147 0 30074.25
730 213.1 212.95000000000002 0.013200000000003253 0 30074.25
731 212.945 212.95100000000002 0.012399999999993354 0 30074.25
732 212.945 212.95100000000002 0.012399999999993354 0 30074.25
733 212.94 212.977 0.003499999999996249 0 30074.25
734 212.99 213.025 -0.009599999999997845 25 30074.25
735 212.91 212.977 -0.006700000000000136 50 30072.25
736 212.88 212.933 -0.0031999999999960597 75 30070.75
737 213.33 213.01 0.013400000000002773 0 30104.5
738 213.1 213.042 0.012799999999998712 0 30104.5
739 213.26 213.096 0.018399999999996936 0 30104.5
740 213.29 213.17200000000003 0.01499999999999905 0 30104.5
741 212.78 213.15200000000002 -0.01820000000000265 25 30104.5
742 212.85 213.056 -0.019600000000002206 50 30106.25
743 212.85 213.056 -0.019600000000002206 75 30106.25
744 212.83 213.002 -0.02600000000000275 100 30104.75
745 212.9 212.93 -0.014599999999999112 125 30111.75
746 212.9 212.85200000000003 0.005799999999999907 0 30111.75
747 212.83 212.86200000000002 0.0006000000000010616 0 30111.75
748 212.64 212.82000000000002 -0.00900000000000403 25 30111.75
749 212.8 212.81400000000002 -0.009200000000001415 50 30115.75
750 212.8 212.81400000000002 -0.009200000000001415 75 30115.75
751 212.81 212.79600000000002 -0.004200000000001148 0 30116.5
752 212.78 212.77200000000002 0.0014000000000004519 0 30116.5
753 212.78 212.77200000000002 0.0014000000000004519 0 30116.5
754 212.53 212.71200000000002 -0.004799999999993045 25 30116.5
755 212.53 212.71200000000002 -0.004799999999993045 50 30116.5
756 212.7 212.72400000000002 -0.009600000000001666 75 30125.0
757 212.7 212.72400000000002 -0.009600000000001666 100 30125.0
758 212.63 212.69000000000003 -0.008800000000006608 125 30118.0
759 212.45 212.61800000000002 -0.011200000000000198 150 30095.5
760 212.62 212.586 -0.0013999999999974554 0 30121.0
761 212.39 212.55800000000002 -0.012600000000000482 25 30121.0
762 212.355 212.489 -0.012200000000002893 50 30120.125
763 212.51 212.46500000000003 -0.0028999999999982477 0 30127.875
764 212.51 212.47700000000003 -0.0019999999999991583 0 30127.875
765 212.65 212.48300000000003 0.013499999999998437 0 30127.875
766 212.85 212.57500000000002 0.02260000000000167 0 30127.875
767 212.61 212.62600000000003 0.010799999999999598 0 30127.875
768 212.27 212.57800000000003 -0.010399999999993718 25 30127.875
769 212.395 212.55500000000004 -0.0218000000000006 50 30131.0
770 212.21 212.46700000000004 -0.029899999999998227 75 30121.75
771 212.085 212.31400000000002 -0.02220000000000089 100 30112.375
772 212.15 212.22200000000004 -0.010999999999995187 125 30118.875
773 212.31 212.23000000000002 -0.004599999999998785 0 30138.875
774 212.23 212.19700000000003 0.005299999999998345 0 30138.875
775 212.23 212.19700000000003 0.005299999999998345 0 30138.875
776 212.23 212.19700000000003 0.005299999999998345 0 30138.875
777 212.23 212.19700000000003 0.005299999999998345 0 30138.875
778 212.23 212.19700000000003 0.005299999999998345 0 30138.875
779 211.97 212.149 -0.0029999999999991613 25 30138.875
780 211.97 212.12600000000003 -0.014000000000003766 50 30138.875
781 211.97 212.12600000000003 -0.014000000000003766 75 30138.875
782 211.81 212.05800000000002 -0.02520000000000382 100 30126.875
783 211.73 211.942 -0.02320000000000255 125 30118.875
784 211.49 211.794 -0.024000000000001145 150 30088.875
785 211.49 211.794 -0.024000000000001145 175 30088.875
786 211.3 211.66000000000003 -0.03320000000000035 200 30055.625
787 211.37 211.54000000000002 -0.026199999999998256 225 30069.625
788 211.32 211.442 -0.018799999999999567 250 30058.375
789 211.32 211.442 -0.018799999999999567 275 30058.375
790 211.32 211.442 -0.018799999999999567 300 30058.375
791 211.32 211.442 -0.018799999999999567 325 30058.375
792 211.75 211.446 0.010800000000002826 0 30198.125
793 211.36 211.42000000000002 0.010000000000000599 0 30198.125
794 211.19 211.39800000000002 -0.006399999999997912 25 30198.125
795 211.34 211.39200000000002 -0.010400000000001667 50 30201.875
796 211.43 211.41400000000002 -0.013199999999999957 0 30206.375
797 211.28 211.32000000000002 0.0016000000000017899 0 30206.375
798 211.34 211.316 0.004799999999997236 0 30206.375
799 211.53 211.38400000000001 0.005800000000002027 0 30206.375
800 211.7 211.45600000000002 0.015799999999997094 0 30206.375
801 211.77 211.52400000000003 0.02680000000000136 0 30206.375
802 211.72 211.61200000000002 0.019999999999999865 0 30206.375
803 211.79 211.70200000000003 0.010800000000000276 0 30206.375
804 211.79 211.70200000000003 0.010800000000000276 0 30206.375
805 211.79 211.70200000000003 0.010800000000000276 0 30206.375
806 211.79 211.70200000000003 0.010800000000000276 0 30206.375
807 211.79 211.70200000000003 0.010800000000000276 0 30206.375
808 211.9 211.776 0.008399999999999698 0 30206.375
809 211.9 211.776 0.008399999999999698 0 30206.375
810 211.9 211.776 0.008399999999999698 0 30206.375
811 211.99 211.834 0.012400000000000634 0 30206.375
812 211.99 211.834 0.012400000000000634 0 30206.375
813 212.09 211.898 0.018800000000004365 0 30206.375
814 212.09 211.898 0.018800000000004365 0 30206.375
815 212.09 211.898 0.018800000000004365 0 30206.375
816 212.09 211.898 0.018800000000004365 0 30206.375
817 212.05 211.964 0.014200000000003647 0 30206.375
818 211.95 211.99600000000004 0.0032000000000001446 0 30206.375
819 211.95 211.99600000000004 0.0032000000000001446 0 30206.375
820 211.95 211.99600000000004 0.0032000000000001446 0 30206.375
821 212.04 212.024 -0.0008000000000015413 0 30206.375
822 212.21 212.068 0.004600000000001144 0 30206.375
823 212.26 212.10200000000003 0.013599999999998277 0 30206.375
824 212.22 212.13600000000002 0.015199999999999065 0 30206.375
825 212.31 212.20800000000003 0.01100000000000054 0 30206.375
826 212.23 212.246 0.0017999999999972996 0 30206.375
827 212.405 212.285 0.005999999999999064 0 30206.375
828 212.43 212.31900000000002 0.010300000000000796 0 30206.375
829 212.57 212.389 0.014400000000002902 0 30206.375
830 212.495 212.426 0.013899999999997371 0 30206.375
831 212.515 212.483 0.00569999999999965 0 30206.375
832 212.65 212.532 0.0077000000000007115 0 30206.375
833 212.56 212.558 0.0027000000000031647 0 30206.375
834 212.43 212.53000000000003 -0.0016999999999995064 25 30206.375
835 212.62 212.555 -0.0001999999999990053 0 30211.125
836 212.645 212.58100000000002 0.0010000000000001499 0 30211.125
837 212.82 212.615 0.014699999999997075 0 30211.125
838 212.785 212.66000000000003 0.018200000000000723 0 30211.125
839 212.66 212.706 0.004399999999997099 0 30211.125
840 212.455 212.67300000000003 -0.010799999999998897 25 30211.125
841 212.6 212.66400000000004 -0.015399999999997442 50 30214.75
842 212.6 212.66400000000004 -0.015399999999997442 75 30214.75
843 212.53 212.60600000000002 -0.011400000000002214 100 30209.5
844 212.69 212.58700000000002 0.002700000000002272 0 30225.5
845 212.74 212.603 0.013199999999995854 0 30225.5
846 212.74 212.603 0.013199999999995854 0 30225.5
847 212.74 212.603 0.013199999999995854 0 30225.5
848 212.31 212.574 -0.007399999999999645 25 30225.5
849 212.14 212.48200000000003 -0.023200000000001355 50 30221.25
850 212.14 212.48200000000003 -0.023200000000001355 75 30221.25
851 212.445 212.465 -0.021799999999997613 100 30244.125
852 212.49 212.425 -0.007299999999996678 0 30248.625
853 212.48 212.37300000000002 0.013799999999999256 0 30248.625
854 212.38 212.387 0.010300000000002694 0 30248.625
855 212.38 212.387 0.010300000000002694 0 30248.625
856 212.59 212.477 0.0035999999999944527 0 30248.625
857 212 212.388 -0.01740000000000306 25 30248.625
858 211.9 212.27 -0.030800000000005403 50 30246.125
859 211.98 212.17000000000002 -0.029799999999999605 75 30250.125
860 212 212.09400000000002 -0.023999999999996687 100 30251.625
861 212.03 211.98200000000003 0.0032000000000011112 0 30254.625
862 212.05 211.99200000000002 0.007000000000001325 0 30254.625
863 212.05 211.99200000000002 0.007000000000001325 0 30254.625
864 212.27 212.06600000000003 0.012599999999999946 0 30254.625
865 212.27 212.06600000000003 0.012599999999999946 0 30254.625
866 212.23 212.116 0.01399999999999959 0 30254.625
867 212.18 212.15200000000002 0.009600000000000658 0 30254.625
868 211.99 212.144 -0.004200000000001437 25 30254.625
869 211.99 212.144 -0.004200000000001437 50 30254.625
870 212.05 212.144 -0.013600000000001255 75 30257.625
871 212.04 212.098 -0.010199999999997704 100 30256.875
872 212.04 212.098 -0.010199999999997704 125 30256.875
873 212.04 212.098 -0.010199999999997704 150 30256.875
874 211.93 212.03799999999998 -0.008999999999999085 175 30240.375
875 211.66 211.934 -0.015599999999998277 200 30193.125
876 211.51 211.838 -0.029200000000001357 225 30163.125
877 211.67 211.762 -0.023199999999998423 250 30199.125
878 211.685 211.69100000000003 -0.009599999999998641 275 30202.875
879 211.76 211.657 0.00749999999999896 0 30223.5
880 211.74 211.673 0.010999999999999106 0 30223.5
881 211.87 211.745 0.009100000000001888 0 30223.5
882 212.045 211.82 0.01659999999999962 0 30223.5
883 212.035 211.89000000000001 0.017099999999997215 0 30223.5
884 212.35 212.008 0.02769999999999512 0 30223.5
885 212.21 212.102 0.01970000000000308 0 30223.5
886 212.2 212.168 0.009699999999999586 0 30223.5
887 212.2 212.168 0.009699999999999586 0 30223.5
888 211.95 212.149 -0.006400000000000777 25 30223.5
889 212.17 212.17600000000002 -0.012400000000001462 50 30229.0
890 211.99 212.104 -0.009400000000000663 75 30220.0
891 211.9 212.042 -0.011200000000001382 100 30213.25
892 211.9 212.042 -0.011200000000001382 125 30213.25
893 211.69 211.94 -0.015799999999999176 150 30187.0
894 211.81 211.91199999999998 -0.020399999999996348 175 30205.0
895 211.89 211.856 -0.005800000000001988 0 30219.0
896 211.94 211.84600000000003 0.00559999999999987 0 30219.0
897 211.99 211.864 0.014600000000005236 0 30219.0
898 212.01 211.928 0.010000000000003326 0 30219.0
899 211.97 211.96000000000004 0.004600000000000536 0 30219.0
900 211.97 211.96000000000004 0.004600000000000536 0 30219.0
901 212.15 212.012 0.008000000000004615 0 30219.0
902 211.96 212.01600000000002 0.001600000000001658 0 30219.0
903 211.89 211.99600000000004 -0.004999999999997557 25 30219.0
904 211.89 211.99600000000004 -0.004999999999997557 50 30219.0
905 212.05 212.004 -0.002000000000001414 0 30227.0
906 211.92 211.99400000000003 -0.007399999999999154 25 30227.0
907 212.045 211.973 0.004000000000001909 0 30230.125
908 212.01 211.983 0.004700000000000979 0 30230.125
909 211.99 212.00300000000001 -0.0005999999999988004 25 30230.125
910 212.21 212.03500000000003 0.010500000000000903 0 30235.625
911 212.275 212.10600000000002 0.01320000000000175 0 30235.625
912 212.275 212.10600000000002 0.01320000000000175 0 30235.625
913 212.275 212.10600000000002 0.01320000000000175 0 30235.625
914 212.08 212.11300000000003 0.008500000000002115 0 30235.625
915 212.19 212.149 0.0054000000000021565 0 30235.625
916 212.05 212.16100000000003 -0.008100000000002107 25 30235.625
917 211.945 212.10800000000003 -0.013799999999999583 50 30233.0
918 211.955 212.04400000000004 -0.009899999999999699 75 30233.5
919 212.24 212.07600000000005 0.00010000000000240543 0 30254.875
920 212.18 212.07400000000004 0.011100000000003581 0 30254.875
921 212.36 212.13600000000002 0.021100000000000813 0 30254.875
922 212.37 212.221 0.019000000000000374 0 30254.875
923 212.23 212.27600000000004 0.0033999999999934573 0 30254.875
924 212.48 212.32400000000004 0.00939999999999891 0 30254.875
925 212.41 212.37 0.004199999999997416 0 30254.875
926 212.41 212.37 0.004199999999997416 0 30254.875
927 212.38 212.374 0.003999999999996282 0 30254.875
928 212.49 212.39800000000002 0.008399999999999906 0 30254.875
929 212.5 212.452 0.0023999999999997743 0 30254.875
930 212.62 212.48000000000002 0.010799999999996845 0 30254.875
931 212.6 212.518 0.01139999999999881 0 30254.875
932 212.705 212.583 0.01059999999999903 0 30254.875
933 212.705 212.583 0.01059999999999903 0 30254.875
934 213.01 212.687 0.02210000000000338 0 30254.875
935 213.35 212.85700000000003 0.037399999999998816 0 30254.875
936 213.27 212.98700000000002 0.03969999999999713 0 30254.875
937 213.41 213.149 0.03339999999999794 0 30254.875
938 213.54 213.316 0.022399999999994476 0 30254.875
939 213.57 213.42800000000003 0.01420000000000129 0 30254.875
940 213.43 213.44400000000002 0.009600000000000029 0 30254.875
941 213.55 213.5 0.0034000000000056997 0 30254.875
942 213.28 213.47400000000002 -0.010800000000000259 25 30254.875
943 213.41 213.44800000000004 -0.009399999999998992 50 30258.125
944 213.17 213.36800000000005 -0.013199999999999188 75 30246.125
945 213.49 213.38000000000002 -0.0045999999999971385 0 30270.125
946 213.63 213.39600000000002 0.015599999999998088 0 30270.125
947 213.945 213.529 0.030599999999993077 0 30270.125
948 213.68 213.58299999999997 0.029499999999997382 0 30270.125
949 213.67 213.68300000000002 0.008199999999997184 0 30270.125
950 213.67 213.71900000000002 -0.0039000000000019995 25 30270.125
951 213.47 213.67700000000002 -0.011899999999999189 50 30265.125
952 213.45 213.64100000000002 -0.023800000000001844 75 30264.125
953 213.5 213.55200000000002 -0.01120000000000208 100 30267.875
954 213.48 213.51399999999998 -0.007000000000000923 125 30265.875
955 213.46 213.472 0.00020000000000091735 125 30263.375
956 213.58 213.49400000000003 0.0044000000000042885 0 30278.375
957 213.62 213.52800000000002 0.006800000000001644 0 30278.375
958 213.59 213.54600000000005 0.007600000000004353 0 30278.375
959 213.79 213.60800000000003 0.013399999999998843 0 30278.375
