time-hour stock-price avg-price-5-min number-of-stocks portfolio-value 570 211.99 209.91600000000003 0 30000.0
571 211.795 210.32300000000004 0 30000.0
572 208.62 210.17100000000005 25 30000.0
573 208.78 210.097 50 30004.0
574 208.59 209.95500000000004 75 29994.5
575 208.95 209.347 100 30021.5
576 208.97 208.782 0 30023.5
577 209.15 208.88800000000003 0 30023.5
578 209.345 209.00100000000003 0 30023.5
579 209.26 209.13500000000002 0 30023.5
580 210.14 209.37300000000002 0 30023.5
581 210.125 209.604 0 30023.5
582 211.34 210.042 0 30023.5
583 211.43 210.459 0 30023.5
584 211.42 210.891 0 30023.5
585 212.29 211.321 0 30023.5
586 212.63 211.822 0 30023.5
587 211.86 211.92600000000002 25 30023.5
588 211.92 212.024 50 30025.0
589 212.07 212.154 75 30032.5
590 212.67 212.23000000000002 0 30077.5
591 212.35 212.174 0 30077.5
592 212.33 212.268 0 30077.5
593 212.4 212.36400000000003 0 30077.5
594 213.16 212.582 0 30077.5
595 213.42 212.732 0 30077.5
596 213.21 212.904 0 30077.5
597 213.81 213.20000000000002 0 30077.5
598 213.5 213.42000000000002 0 30077.5
599 213.88 213.56400000000002 0 30077.5
600 214.62 213.804 0 30077.5
601 214.43 214.048 0 30077.5
602 214.06 214.098 25 30077.5
603 213.14 214.026 50 30054.5
604 212.53 213.756 75 30024.0
605 212.815 213.39500000000004 100 30045.375
606 212.12 212.93300000000002 125 29975.875
607 211.86 212.49300000000002 150 29943.375000000004
608 211.6 212.185 175 29904.375
609 211.53 211.985 200 29892.125
610 212.38 211.89800000000002 0 30062.125
611 212.29 211.93200000000002 0 30062.125
612 212.89 212.138 0 30062.125
613 212.5 212.318 0 30062.125
614 212.23 212.458 25 30062.125
615 212.42 212.466 50 30066.875
616 212.65 212.538 0 30078.375
617 212.86 212.532 0 30078.375
618 212.45 212.52200000000002 25 30078.375
619 212.39 212.55400000000003 50 30076.875
620 212.33 212.53600000000003 75 30073.875
621 212.595 212.52500000000003 0 30093.75
622 213.26 212.60500000000002 0 30093.75
623 213.48 212.811 0 30093.75
624 213.5 213.03300000000002 0 30093.75
625 213.37 213.241 0 30093.75
626 213.16 213.354 25 30093.75
627 213.22 213.346 50 30095.25
628 213.61 213.37200000000004 0 30114.75
629 213.52 213.37600000000003 0 30114.75
630 213.31 213.36400000000003 25 30114.75
631 212.7 213.27200000000002 50 30099.5
632 212.7 213.168 75 30099.5
633 212.64 212.974 100 30095.0
634 212.23 212.71599999999998 125 30054.0
635 212.96 212.64600000000002 0 30145.25
636 212.99 212.704 0 30145.25
637 213.41 212.846 0 30145.25
638 213.12 212.94200000000004 0 30145.25
639 213.51 213.198 0 30145.25
640 213.05 213.216 25 30145.25
641 212.71 213.16000000000003 50 30136.75
642 212.63 213.00400000000002 75 30132.75
643 212.41 212.86200000000002 100 30116.25
644 212.71 212.70200000000003 0 30146.25
645 212.89 212.67000000000002 0 30146.25
646 212.83 212.69400000000002 0 30146.25
647 212.86 212.74 0 30146.25
648 212.9 212.83800000000002 0 30146.25
649 212.72 212.84000000000003 25 30146.25
650 212.68 212.79800000000003 50 30145.25
651 212.7 212.77200000000002 75 30146.25
652 212.4 212.68 100 30123.75
653 212.5 212.60000000000002 125 30133.75
654 212.77 212.60999999999999 0 30167.5
655 212.88 212.65 0 30167.5
656 212.96 212.70200000000003 0 30167.5
657 212.86 212.794 0 30167.5
658 212.77 212.848 25 30167.5
659 212.75 212.84400000000002 50 30167.0
660 213.38 212.94400000000002 0 30198.5
661 213.68 213.08800000000002 0 30198.5
662 213.37 213.19000000000003 0 30198.5
663 213.28 213.29200000000003 25 30198.5
664 213.28 213.39800000000002 50 30198.5
665 213.09 213.34000000000003 75 30189.0
666 211.29 212.86200000000002 100 30054.0
667 211.51 212.49 125 30076.0
668 211.47 212.12800000000001 150 30071.0
669 211.21 211.714 175 30032.0
670 211.66 211.428 0 30110.75
671 211.43 211.45600000000002 25 30110.75
672 211.95 211.54399999999998 0 30123.75
673 212.13 211.676 0 30123.75
674 212.13 211.676 0 30123.75
675 212.18 211.87 0 30123.75
676 211.79 211.89600000000002 25 30123.75
677 211.75 211.96 50 30122.75
678 211.75 211.96 75 30122.75
679 212.3 212.03000000000003 0 30164.0
680 211.84 211.972 25 30164.0
681 211.8 211.89600000000002 50 30163.0
682 211.93 211.924 0 30169.5
683 212.33 212.04000000000002 0 30169.5
684 212.325 212.04500000000002 0 30169.5
685 212.06 212.08900000000003 25 30169.5
686 212.065 212.14200000000002 50 30169.625
687 211.96 212.14800000000002 75 30164.375
688 212.63 212.20800000000003 0 30214.625
689 212.615 212.26600000000002 0 30214.625
690 212.95 212.44400000000002 0 30214.625
691 213.05 212.64100000000002 0 30214.625
692 212.935 212.836 0 30214.625
693 212.99 212.90800000000002 0 30214.625
694 212.72 212.92900000000003 25 30214.625
695 212.3 212.79900000000004 50 30204.125
696 212.44 212.67700000000002 75 30211.125
697 212.9 212.67000000000004 0 30245.625
698 212.85 212.64200000000002 0 30245.625
699 212.9 212.67800000000003 0 30245.625
700 212.95 212.80800000000002 0 30245.625
701 212.95 212.91000000000003 0 30245.625
702 212.88 212.906 25 30245.625
703 212.99 212.93400000000003 0 30248.375
704 213.09 212.972 0 30248.375
705 212.81 212.94400000000002 25 30248.375
706 212.89 212.93200000000002 50 30250.375
707 212.75 212.90600000000003 75 30243.375
708 212.75 212.90600000000003 100 30243.375
709 212.84 212.87600000000003 125 30252.375
710 212.6 212.77800000000005 150 30222.375
711 212.69 212.75400000000005 175 30235.875
712 212.77 212.73000000000002 0 30249.875
713 212.74 212.728 0 30249.875
714 212.89 212.73800000000003 0 30249.875
715 212.67 212.752 25 30249.875
716 212.31 212.676 50 30240.875
717 212.21 212.56400000000002 75 30235.875
718 212.21 212.45800000000003 100 30235.875
719 212.23 212.32600000000002 125 30237.875
720 212.43 212.27800000000002 0 30262.875
721 212.43 212.27800000000002 0 30262.875
722 212.74 212.36400000000003 0 30262.875
723 212.595 212.44100000000003 0 30262.875
724 212.6 212.51900000000003 0 30262.875
725 212.94 212.661 0 30262.875
726 212.94 212.661 0 30262.875
727 212.81 212.73700000000002 0 30262.875
728 212.75 212.73900000000003 0 30262.875
729 213.15 212.85000000000002 0 30262.875
730 213.1 212.95000000000002 0 30262.875
731 212.945 212.95100000000002 25 30262.875
732 212.945 212.95100000000002 50 30262.875
733 212.94 212.977 75 30262.625
734 212.99 213.025 100 30266.375
735 212.91 212.977 125 30258.375
736 212.88 212.933 150 30254.625
737 213.33 213.01 0 30322.125000000004
738 213.1 213.042 0 30322.125000000004
739 213.26 213.096 0 30322.125000000004
740 213.29 213.17200000000003 0 30322.125000000004
741 212.78 213.15200000000002 25 30322.125000000004
742 212.85 213.056 50 30323.875000000004
743 212.85 213.056 75 30323.875000000004
744 212.83 213.002 100 30322.375000000004
745 212.9 212.93 125 30329.375000000004
746 212.9 212.85200000000003 0 30329.375000000004
747 212.83 212.86200000000002 25 30329.375000000004
748 212.64 212.82000000000002 50 30324.625000000004
749 212.8 212.81400000000002 75 30332.625000000004
750 212.8 212.81400000000002 100 30332.625000000004
751 212.81 212.79600000000002 0 30333.625000000004
752 212.78 212.77200000000002 0 30333.625000000004
753 212.78 212.77200000000002 0 30333.625000000004
754 212.53 212.71200000000002 25 30333.625000000004
755 212.53 212.71200000000002 50 30333.625000000004
756 212.7 212.72400000000002 75 30342.125000000004
757 212.7 212.72400000000002 100 30342.125000000004
758 212.63 212.69000000000003 125 30335.125000000004
759 212.45 212.61800000000002 150 30312.625000000004
760 212.62 212.586 0 30338.125000000004
761 212.39 212.55800000000002 25 30338.125000000004
762 212.355 212.489 50 30337.250000000004
763 212.51 212.46500000000003 0 30345.000000000004
764 212.51 212.47700000000003 0 30345.000000000004
765 212.65 212.48300000000003 0 30345.000000000004
766 212.85 212.57500000000002 0 30345.000000000004
767 212.61 212.62600000000003 25 30345.000000000004
768 212.27 212.57800000000003 50 30336.500000000004
769 212.395 212.55500000000004 75 30342.750000000004
770 212.21 212.46700000000004 100 30328.875000000004
771 212.085 212.31400000000002 125 30316.375000000004
772 212.15 212.22200000000004 150 30324.500000000004
773 212.31 212.23000000000002 0 30348.500000000004
774 212.23 212.19700000000003 0 30348.500000000004
775 212.23 212.19700000000003 0 30348.500000000004
776 212.23 212.19700000000003 0 30348.500000000004
777 212.23 212.19700000000003 0 30348.500000000004
778 212.23 212.19700000000003 0 30348.500000000004
779 211.97 212.149 25 30348.500000000004
780 211.97 212.12600000000003 50 30348.500000000004
781 211.97 212.12600000000003 75 30348.500000000004
782 211.81 212.05800000000002 100 30336.500000000004
783 211.73 211.942 125 30328.500000000004
784 211.49 211.794 150 30298.500000000004
785 211.49 211.794 175 30298.500000000004
786 211.3 211.66000000000003 200 30265.250000000004
787 211.37 211.54000000000002 225 30279.250000000004
788 211.32 211.442 250 30268.000000000004
789 211.32 211.442 275 30268.000000000004
790 211.32 211.442 300 30268.0
791 211.32 211.442 325 30268.0
792 211.75 211.446 0 30407.75
793 211.36 211.42000000000002 25 30407.75
794 211.19 211.39800000000002 50 30403.5
795 211.34 211.39200000000002 75 30411.0
796 211.43 211.41400000000002 0 30417.75
797 211.28 211.32000000000002 25 30417.75
798 211.34 211.316 0 30419.25
799 211.53 211.38400000000001 0 30419.25
800 211.7 211.45600000000002 0 30419.25
801 211.77 211.52400000000003 0 30419.25
802 211.72 211.61200000000002 0 30419.25
803 211.79 211.70200000000003 0 30419.25
804 211.79 211.70200000000003 0 30419.25
805 211.79 211.70200000000003 0 30419.25
806 211.79 211.70200000000003 0 30419.25
807 211.79 211.70200000000003 0 30419.25
808 211.9 211.776 0 30419.25
809 211.9 211.776 0 30419.25
810 211.9 211.776 0 30419.25
811 211.99 211.834 0 30419.25
812 211.99 211.834 0 30419.25
813 212.09 211.898 0 30419.25
814 212.09 211.898 0 30419.25
815 212.09 211.898 0 30419.25
816 212.09 211.898 0 30419.25
817 212.05 211.964 0 30419.25
818 211.95 211.99600000000004 25 30419.25
819 211.95 211.99600000000004 50 30419.25
820 211.95 211.99600000000004 75 30419.25
821 212.04 212.024 0 30426.0
822 212.21 212.068 0 30426.0
823 212.26 212.10200000000003 0 30426.0
824 212.22 212.13600000000002 0 30426.0
825 212.31 212.20800000000003 0 30426.0
826 212.23 212.246 25 30426.0
827 212.405 212.285 0 30430.375
828 212.43 212.31900000000002 0 30430.375
829 212.57 212.389 0 30430.375
830 212.495 212.426 0 30430.375
831 212.515 212.483 0 30430.375
832 212.65 212.532 0 30430.375
833 212.56 212.558 0 30430.375
834 212.43 212.53000000000003 25 30430.375
835 212.62 212.555 0 30435.125
836 212.645 212.58100000000002 0 30435.125
837 212.82 212.615 0 30435.125
838 212.785 212.66000000000003 0 30435.125
839 212.66 212.706 25 30435.125
840 212.455 212.67300000000003 50 30430.0
841 212.6 212.66400000000004 75 30437.25
842 212.6 212.66400000000004 100 30437.25
843 212.53 212.60600000000002 125 30430.25
844 212.69 212.58700000000002 0 30450.25
845 212.74 212.603 0 30450.25
846 212.74 212.603 0 30450.25
847 212.74 212.603 0 30450.25
848 212.31 212.574 25 30450.25
849 212.14 212.48200000000003 50 30446.0
850 212.14 212.48200000000003 75 30446.0
851 212.445 212.465 100 30468.875
852 212.49 212.425 0 30473.375
853 212.48 212.37300000000002 0 30473.375
854 212.38 212.387 25 30473.375
855 212.38 212.387 50 30473.375
856 212.59 212.477 0 30483.875
857 212 212.388 25 30483.875
858 211.9 212.27 50 30481.375
859 211.98 212.17000000000002 75 30485.375
860 212 212.09400000000002 100 30486.875
861 212.03 211.98200000000003 0 30489.875
862 212.05 211.99200000000002 0 30489.875
863 212.05 211.99200000000002 0 30489.875
864 212.27 212.06600000000003 0 30489.875
865 212.27 212.06600000000003 0 30489.875
866 212.23 212.116 0 30489.875
867 212.18 212.15200000000002 0 30489.875
868 211.99 212.144 25 30489.875
869 211.99 212.144 50 30489.875
870 212.05 212.144 75 30492.875
871 212.04 212.098 100 30492.125
872 212.04 212.098 125 30492.125
873 212.04 212.098 150 30492.125
874 211.93 212.03799999999998 175 30475.625
875 211.66 211.934 200 30428.375
876 211.51 211.838 225 30398.375
877 211.67 211.762 250 30434.375
878 211.685 211.69100000000003 275 30438.125
879 211.76 211.657 0 30458.75
880 211.74 211.673 0 30458.75
881 211.87 211.745 0 30458.75
882 212.045 211.82 0 30458.75
883 212.035 211.89000000000001 0 30458.75
884 212.35 212.008 0 30458.75
885 212.21 212.102 0 30458.75
886 212.2 212.168 0 30458.75
887 212.2 212.168 0 30458.75
888 211.95 212.149 25 30458.75
889 212.17 212.17600000000002 50 30464.25
890 211.99 212.104 75 30455.25
891 211.9 212.042 100 30448.5
892 211.9 212.042 125 30448.5
893 211.69 211.94 150 30422.25
894 211.81 211.91199999999998 175 30440.25
895 211.89 211.856 0 30454.25
896 211.94 211.84600000000003 0 30454.25
897 211.99 211.864 0 30454.25
898 212.01 211.928 0 30454.25
899 211.97 211.96000000000004 0 30454.25
900 211.97 211.96000000000004 0 30454.25
901 212.15 212.012 0 30454.25
902 211.96 212.01600000000002 25 30454.25
903 211.89 211.99600000000004 50 30452.5
904 211.89 211.99600000000004 75 30452.5
905 212.05 212.004 0 30464.5
906 211.92 211.99400000000003 25 30464.5
907 212.045 211.973 0 30467.625
908 212.01 211.983 0 30467.625
909 211.99 212.00300000000001 25 30467.625
910 212.21 212.03500000000003 0 30473.125
911 212.275 212.10600000000002 0 30473.125
912 212.275 212.10600000000002 0 30473.125
913 212.275 212.10600000000002 0 30473.125
914 212.08 212.11300000000003 25 30473.125
915 212.19 212.149 0 30475.875
916 212.05 212.16100000000003 25 30475.875
917 211.945 212.10800000000003 50 30473.25
918 211.955 212.04400000000004 75 30473.75
919 212.24 212.07600000000005 0 30495.125
920 212.18 212.07400000000004 0 30495.125
921 212.36 212.13600000000002 0 30495.125
922 212.37 212.221 0 30495.125
923 212.23 212.27600000000004 25 30495.125
924 212.48 212.32400000000004 0 30501.375
925 212.41 212.37 0 30501.375
926 212.41 212.37 0 30501.375
927 212.38 212.374 0 30501.375
928 212.49 212.39800000000002 0 30501.375
929 212.5 212.452 0 30501.375
930 212.62 212.48000000000002 0 30501.375
931 212.6 212.518 0 30501.375
932 212.705 212.583 0 30501.375
933 212.705 212.583 0 30501.375
934 213.01 212.687 0 30501.375
935 213.35 212.85700000000003 0 30501.375
936 213.27 212.98700000000002 0 30501.375
937 213.41 213.149 0 30501.375
938 213.54 213.316 0 30501.375
939 213.57 213.42800000000003 0 30501.375
940 213.43 213.44400000000002 25 30501.375
941 213.55 213.5 0 30504.375
942 213.28 213.47400000000002 25 30504.375
943 213.41 213.44800000000004 50 30507.625
944 213.17 213.36800000000005 75 30495.625
945 213.49 213.38000000000002 0 30519.625
946 213.63 213.39600000000002 0 30519.625
947 213.945 213.529 0 30519.625
948 213.68 213.58299999999997 0 30519.625
949 213.67 213.68300000000002 25 30519.625
950 213.67 213.71900000000002 50 30519.625
951 213.47 213.687 75 30509.625
952 213.47 213.687 100 30509.625
953 213.5 213.598 125 30512.625
954 213.48 213.55800000000002 150 30510.125
955 213.46 213.516 175 30507.125
956 213.58 213.49800000000002 0 30528.125
957 213.62 213.52800000000002 0 30528.125
958 213.59 213.54600000000005 0 30528.125
959 213.79 213.60800000000003 0 30528.125
