time-hour stock-price avg-price-5-min number-of-stocks portfolio-value 570 215.22 214.94700000000003 0 30000.0
571 215.27 215.01500000000001 0 30000.0
572 215.62 215.16400000000002 0 30000.0
573 215.055 215.197 0 30000.0
574 214.77 215.187 0 30000.0
575 215.24 215.191 0 30000.0
576 215.76 215.289 0 30000.0
577 215.6 215.28500000000003 0 30000.0
578 216.17 215.508 0 30000.0
579 215.95 215.744 0 30000.0
580 216.63 216.022 0 30000.0
581 216.7 216.21 0 30000.0
582 217.3 216.55 0 30000.0
583 217.61 216.83800000000002 0 30000.0
584 218.15 217.27800000000002 0 30000.0
585 218.05 217.562 0 30000.0
586 218.3 217.88200000000003 0 30000.0
587 219.07 218.23600000000002 0 30000.0
588 219.11 218.536 0 30000.0
589 218.63 218.632 25 30000.0
590 218.635 218.749 0 30000.125
591 219.07 218.903 0 30000.125
592 219.15 218.919 0 30000.125
593 219.44 218.985 0 30000.125
594 219.78 219.21500000000003 0 30000.125
595 220.33 219.554 0 30000.125
596 220.12 219.76400000000004 0 30000.125
597 220.09 219.95200000000003 0 30000.125
598 219.74 220.012 0 30000.125
599 219.55 219.966 0 30000.125
600 219.03 219.70600000000002 0 30000.125
601 219 219.48200000000003 0 30000.125
602 219.65 219.39400000000003 0 30000.125
603 219.12 219.27000000000004 0 30000.125
604 219.45 219.25 0 30000.125
605 220 219.44400000000002 0 30000.125
606 220.49 219.74200000000002 0 30000.125
607 220.73 219.95800000000003 0 30000.125
608 220.76 220.286 0 30000.125
609 220.87 220.57000000000002 0 30000.125
610 220.78 220.72600000000003 0 30000.125
611 220.76 220.78000000000003 25 30000.125
612 220.69 220.77200000000002 50 29998.375
613 220.85 220.79000000000002 0 30006.375
614 221.16 220.84800000000004 0 30006.375
615 221.63 221.018 0 30006.375
616 221.04 221.074 25 30006.375
617 220.71 221.078 0 29998.125
618 220.06 220.92 0 29998.125
619 220.46 220.78 0 29998.125
620 220.15 220.484 0 29998.125
621 220.49 220.37400000000002 0 29998.125
622 220.3 220.29200000000003 0 29998.125
623 220.61 220.40200000000004 0 29998.125
624 220.7 220.45000000000005 0 29998.125
625 220.53 220.526 0 29998.125
626 220.57 220.542 0 29998.125
627 220.34 220.55 0 29998.125
628 220.68 220.56400000000002 0 29998.125
629 220.515 220.52700000000002 25 29998.125
630 220.4 220.50100000000003 0 29995.25
631 220.16 220.41900000000004 0 29995.25
632 220.87 220.52500000000003 0 29995.25
633 221.21 220.63100000000003 0 29995.25
634 221.165 220.76100000000002 0 29995.25
635 221.47 220.97500000000005 0 29995.25
636 221.5 221.24300000000002 0 29995.25
637 221.74 221.41700000000003 0 29995.25
638 221.93 221.56100000000004 0 29995.25
639 222.18 221.764 0 29995.25
640 222.59 221.98800000000003 0 29995.25
641 222.84 222.25600000000003 0 29995.25
642 222.83 222.47400000000002 0 29995.25
643 222.96 222.68000000000004 0 29995.25
644 223.61 222.96600000000004 0 29995.25
645 223.39 223.12600000000003 0 29995.25
646 223.98 223.354 0 29995.25
647 223.6 223.508 0 29995.25
648 224.37 223.79 0 29995.25
649 224.22 223.91199999999998 0 29995.25
650 224.79 224.19199999999998 0 29995.25
651 225.13 224.422 0 29995.25
652 224.47 224.596 0 29995.25
653 224.75 224.67200000000003 0 29995.25
654 224 224.62800000000004 0 29995.25
655 223.61 224.39200000000002 0 29995.25
656 224.18 224.20200000000003 25 29995.25
657 224.26 224.16000000000003 0 29997.25
658 223.93 223.99600000000004 25 29997.25
659 224.24 224.04400000000004 0 30005.0
660 224.77 224.27600000000004 0 30005.0
661 224.95 224.43000000000004 0 30005.0
662 224.83 224.54400000000004 0 30005.0
663 224.67 224.69200000000004 25 30005.0
664 224.82 224.80800000000002 0 30008.75
665 224.53 224.76000000000002 0 30008.75
666 223.925 224.555 0 30008.75
667 224.28 224.445 0 30008.75
668 224.33 224.377 25 30008.75
669 224.53 224.31900000000002 0 30013.75
670 224.82 224.377 0 30013.75
671 224.88 224.568 0 30013.75
672 224.92 224.69600000000003 0 30013.75
673 224.95 224.82000000000002 0 30013.75
674 225.57 225.02800000000002 0 30013.75
675 225 225.06400000000002 25 30013.75
676 224.72 225.03200000000004 0 30006.75
677 224.99 225.046 25 30006.75
678 225.39 225.134 0 30016.75
679 225.49 225.11800000000002 0 30016.75
680 225.39 225.19600000000003 0 30016.75
681 225.22 225.29600000000002 25 30016.75
682 225.22 225.29600000000002 50 30016.75
683 225.09 225.31600000000003 0 30010.25
684 225.35 225.30800000000002 0 30010.25
685 225.27 225.264 0 30010.25
686 225.72 225.33 0 30010.25
687 225.91 225.46800000000002 0 30010.25
688 226.11 225.672 0 30010.25
689 226.25 225.852 0 30010.25
690 225.93 225.984 25 30010.25
691 225.61 225.96200000000002 0 30002.25
692 225.3 225.84000000000003 0 30002.25
693 226.29 225.87600000000003 0 30002.25
694 226.24 225.87400000000002 0 30002.25
695 225.99 225.88600000000005 0 30002.25
696 225.53 225.87000000000003 0 30002.25
697 225.91 225.99200000000002 25 30002.25
698 225.81 225.89600000000004 50 29999.75
699 225.35 225.718 0 29976.75
700 225.65 225.65 0 29976.75
701 225.5 225.644 0 29976.75
702 225.58 225.578 0 29976.75
703 225.47 225.51000000000002 25 29976.75
704 225.2 225.48 0 29970.0
705 224.56 225.262 0 29970.0
706 224.58 225.078 0 29970.0
707 224.51 224.86399999999998 0 29970.0
708 224.775 224.725 0 29970.0
709 224.76 224.63700000000003 0 29970.0
710 224.28 224.58100000000002 0 29970.0
711 223.66 224.397 0 29970.0
712 223.39 224.173 0 29970.0
713 223.29 223.87599999999998 0 29970.0
714 223.11 223.546 0 29970.0
715 222.81 223.252 0 29970.0
716 223.38 223.19600000000003 0 29970.0
717 223.39 223.19600000000003 0 29970.0
718 223.01 223.14000000000001 0 29970.0
719 223.1 223.138 25 29970.0
720 223.79 223.33400000000003 0 29987.25
721 223.7 223.39800000000002 0 29987.25
722 223.7 223.46000000000004 0 29987.25
723 224.14 223.68600000000004 0 29987.25
724 224.075 223.881 0 29987.25
725 224.24 223.971 0 29987.25
726 224.04 224.03900000000002 0 29987.25
727 224.48 224.195 0 29987.25
728 224.64 224.29500000000002 0 29987.25
729 224.58 224.39600000000002 0 29987.25
730 224.32 224.412 25 29987.25
731 224.7 224.544 0 29996.75
732 224.31 224.51 0 29996.75
733 224.495 224.481 0 29996.75
734 224.655 224.496 0 29996.75
735 224.7 224.572 0 29996.75
736 224.32 224.496 0 29996.75
737 224.435 224.52100000000002 25 29996.75
738 224.435 224.52100000000002 50 29996.75
739 224.8 224.58200000000002 0 30015.0
740 224.38 224.52700000000002 0 30015.0
741 224.44 224.47500000000002 25 30015.0
742 224.44 224.47500000000002 50 30015.0
743 224.13 224.437 0 29999.5
744 224.44 224.43800000000002 0 29999.5
745 224.44 224.43800000000002 0 29999.5
746 224.4 224.358 0 29999.5
747 224.3 224.342 25 29999.5
748 224.14 224.282 0 29995.5
749 223.73 224.20200000000003 0 29995.5
750 223.73 224.20200000000003 0 29995.5
751 223.77 224.06800000000004 0 29995.5
752 223.77 224.06800000000004 0 29995.5
753 224.17 224.02200000000005 0 29995.5
754 223.85 223.93200000000004 25 29995.5
755 223.95 223.894 0 29998.0
756 223.84 223.916 25 29998.0
757 223.93 223.948 50 30000.25
758 224.16 223.946 0 30011.75
759 224.12 224.0 0 30011.75
760 224.12 224.0 0 30011.75
761 224.12 224.0 0 30011.75
762 224.07 224.024 0 30011.75
763 224.07 224.024 0 30011.75
764 224.05 224.066 25 30011.75
765 224.05 224.066 50 30011.75
766 224 224.08 75 30009.25
767 223.65 223.978 0 29983.0
768 223.33 223.82 0 29983.0
769 223.39 223.68400000000003 0 29983.0
770 223.55 223.584 25 29983.0
771 223.72 223.52800000000002 0 29987.25
772 223.53 223.50400000000002 0 29987.25
773 223.87 223.61200000000002 0 29987.25
774 223.87 223.61200000000002 0 29987.25
775 223.56 223.64600000000002 25 29987.25
776 223.82 223.7 0 29993.75
777 223.71 223.69800000000004 0 29993.75
778 223.55 223.70200000000003 0 29993.75
779 223.8 223.68800000000005 0 29993.75
780 223.8 223.68800000000005 0 29993.75
781 223.83 223.74200000000002 0 29993.75
782 224.43 223.864 0 29993.75
783 224.72 224.06600000000003 0 29993.75
784 224.58 224.272 0 29993.75
785 224.63 224.438 0 29993.75
786 224.59 224.59000000000003 25 29993.75
787 224.8 224.66400000000002 0 29999.0
788 224.8 224.66400000000002 0 29999.0
789 224.54 224.62800000000004 25 29999.0
790 225.23 224.75800000000004 0 30016.25
791 225.13 224.858 0 30016.25
792 225.34 225.00800000000004 0 30016.25
793 225.53 225.15400000000002 0 30016.25
794 225.55 225.35600000000002 0 30016.25
795 225.69 225.44800000000004 0 30016.25
796 225.96 225.61400000000003 0 30016.25
797 225.89 225.72400000000002 0 30016.25
798 225.89 225.72400000000002 0 30016.25
799 225.855 225.78900000000002 0 30016.25
800 225.905 225.86 0 30016.25
801 225.905 225.86 0 30016.25
802 226.1 225.942 0 30016.25
803 226.165 225.983 0 30016.25
804 226.03 226.01100000000002 0 30016.25
805 225.97 226.03400000000005 25 30016.25
806 225.77 226.007 0 30011.25
807 225.77 226.007 0 30011.25
808 225.55 225.89700000000002 0 30011.25
809 225.65 225.794 0 30011.25
810 225.65 225.794 0 30011.25
811 225.14 225.616 0 30011.25
812 225.39 225.5 0 30011.25
813 225.63 225.472 0 30011.25
814 225.52 225.466 0 30011.25
815 225.485 225.43300000000002 0 30011.25
816 225.485 225.43300000000002 0 30011.25
817 225.32 225.46900000000002 0 30011.25
818 225.5 225.491 0 30011.25
819 225.52 225.46900000000002 0 30011.25
820 225.52 225.46900000000002 0 30011.25
821 225.79 225.52300000000002 0 30011.25
822 226.09 225.644 0 30011.25
823 226.03 225.78600000000006 0 30011.25
824 225.93 225.87200000000004 0 30011.25
825 225.86 225.94 25 30011.25
826 225.845 225.95100000000002 0 30010.875
827 226.145 225.96200000000005 0 30010.875
828 225.955 225.94700000000003 0 30010.875
829 225.955 225.95200000000003 0 30010.875
830 225.885 225.957 25 30010.875
831 225.97 225.98200000000003 50 30013.0
832 225.88 225.92899999999997 75 30008.5
833 225.76 225.89 0 29999.5
834 225.97 225.89300000000003 0 29999.5
835 226.02 225.92000000000002 0 29999.5
836 226.25 225.976 0 29999.5
837 226.22 226.044 0 29999.5
838 226.02 226.09600000000003 25 29999.5
839 225.89 226.08 0 29996.25
840 226.175 226.11100000000002 0 29996.25
841 225.81 226.02300000000002 0 29996.25
842 226.08 225.99500000000003 0 29996.25
843 226.15 226.02100000000002 0 29996.25
844 226.15 226.02100000000002 0 29996.25
845 225.99 226.04100000000003 25 29996.25
846 225.83 225.972 0 29992.25
847 226.03 226.01600000000002 0 29992.25
848 225.81 225.96200000000002 0 29992.25
849 225.67 225.86599999999999 0 29992.25
850 225.47 225.762 0 29992.25
851 225.35 225.666 0 29992.25
852 225.71 225.602 0 29992.25
853 225.72 225.584 0 29992.25
854 225.72 225.584 0 29992.25
855 225.36 225.52200000000002 0 29992.25
856 225.33 225.494 0 29992.25
857 225.33 225.494 0 29992.25
858 225.61 225.54600000000002 0 29992.25
859 225.76 225.55600000000004 0 29992.25
860 225.8 225.57200000000003 0 29992.25
861 225.8 225.57200000000003 0 29992.25
862 225.99 225.69800000000004 0 29992.25
863 226.1 225.852 0 29992.25
864 226.05 225.94000000000003 0 29992.25
865 226.165 226.02100000000002 0 29992.25
866 226.25 226.11100000000002 0 29992.25
867 226.2 226.15300000000002 0 29992.25
868 226.475 226.228 0 29992.25
869 226.47 226.31200000000004 0 29992.25
870 226.47 226.31200000000004 0 29992.25
871 226.47 226.31200000000004 0 29992.25
872 226.47 226.31200000000004 0 29992.25
873 226.05 226.28900000000004 0 29992.25
874 226.41 226.32100000000003 0 29992.25
875 226.3 226.341 25 29992.25
876 226.3 226.341 50 29992.25
877 226.25 226.29600000000005 75 29989.75
878 226.16 226.234 100 29983.0
879 226.16 226.234 125 29983.0
880 226.07 226.238 0 29971.75
881 226.25 226.20600000000002 0 29971.75
882 226.25 226.196 0 29971.75
883 226.35 226.216 0 29971.75
884 226.3 226.24400000000003 0 29971.75
885 226.22 226.27400000000003 25 29971.75
886 226.27 226.27800000000002 50 29973.0
887 226.47 226.32200000000003 0 29983.0
888 226.47 226.32200000000003 0 29983.0
889 226.73 226.39800000000002 0 29983.0
890 226.89 226.51600000000002 0 29983.0
891 226.89 226.51600000000002 0 29983.0
892 226.83 226.638 0 29983.0
893 226.7 226.72400000000005 25 29983.0
894 226.83 226.79600000000002 0 29986.25
895 226.73 226.79600000000002 25 29986.25
896 226.32 226.68200000000004 0 29976.0
897 226.22 226.56000000000003 0 29976.0
898 226.22 226.56000000000003 0 29976.0
899 225.97 226.41400000000004 0 29976.0
900 225.805 226.209 0 29976.0
901 225.71 226.005 0 29976.0
902 225.93 225.927 0 29976.0
903 226.08 225.89900000000003 0 29976.0
904 225.91 225.887 0 29976.0
905 225.91 225.887 0 29976.0
906 226.14 225.954 0 29976.0
907 225.905 225.99300000000002 25 29976.0
908 225.17 225.841 0 29957.625
909 225.12 225.649 0 29957.625
910 225.38 225.543 0 29957.625
911 225.19 225.353 0 29957.625
912 225.39 225.25 0 29957.625
913 225.43 225.30200000000002 0 29957.625
914 225.19 225.31600000000003 0 29957.625
915 225.19 225.31600000000003 0 29957.625
916 225.19 225.31600000000003 0 29957.625
917 224.92 225.22400000000005 0 29957.625
918 224.73 225.13200000000003 0 29957.625
919 224.76 225.006 0 29957.625
920 224.85 224.89000000000001 25 29957.625
921 224.33 224.71800000000002 0 29944.625
922 224.29 224.592 0 29944.625
923 224.25 224.496 0 29944.625
924 224.21 224.38600000000002 0 29944.625
925 224.645 224.34500000000003 0 29944.625
926 224.71 224.42100000000002 0 29944.625
927 224.86 224.53500000000003 0 29944.625
928 224.64 224.61300000000003 0 29944.625
929 224.55 224.681 0 29944.625
930 223.96 224.544 0 29944.625
931 224.56 224.514 0 29944.625
932 224.49 224.44 0 29944.625
933 225.13 224.538 0 29944.625
934 225.08 224.644 0 29944.625
935 224.69 224.79000000000002 0 29944.625
936 224.54 224.786 0 29944.625
937 224.42 224.77200000000005 0 29944.625
938 224.26 224.59800000000004 0 29944.625
939 224.07 224.39600000000002 0 29944.625
940 224.13 224.284 0 29944.625
941 224.42 224.26 0 29944.625
942 224.31 224.23799999999997 0 29944.625
943 224.36 224.258 0 29944.625
944 224.35 224.31400000000002 0 29944.625
945 224.46 224.38000000000002 0 29944.625
946 224.525 224.401 0 29944.625
947 224.695 224.478 0 29944.625
948 224.79 224.564 0 29944.625
949 224.89 224.672 0 29944.625
950 224.41 224.662 0 29944.625
951 224.59 224.675 25 29944.625
952 224.63 224.66200000000003 50 29945.625
953 224.485 224.601 0 29938.375
954 224.485 224.601 0 29938.375
955 224.88 224.599 0 29938.375
956 224.79 224.675 0 29938.375
957 225.13 224.78300000000002 0 29938.375
958 224.97 224.85100000000003 0 29938.375
959 224.87 224.928 25 29938.375
