time-hour stock-price avg-price-5-min number-of-stocks portfolio-value 570 215.22 214.94700000000003 0 30000.0
571 215.27 215.01500000000001 0 30000.0
572 215.62 215.16400000000002 0 30000.0
573 215.055 215.197 25 30000.0
574 214.77 215.187 50 29992.875
575 215.24 215.191 0 30016.375
576 215.76 215.289 0 30016.375
577 215.6 215.28500000000003 0 30016.375
578 216.17 215.508 0 30016.375
579 215.95 215.744 0 30016.375
580 216.63 216.022 0 30016.375
581 216.7 216.21 0 30016.375
582 217.3 216.55 0 30016.375
583 217.61 216.83800000000002 0 30016.375
584 218.15 217.27800000000002 0 30016.375
585 218.05 217.562 0 30016.375
586 218.3 217.88200000000003 0 30016.375
587 219.07 218.23600000000002 0 30016.375
588 219.11 218.536 0 30016.375
589 218.63 218.632 25 30016.375
590 218.635 218.749 50 30016.5
591 219.07 218.903 0 30038.25
592 219.15 218.919 0 30038.25
593 219.44 218.985 0 30038.25
594 219.78 219.21500000000003 0 30038.25
595 220.33 219.554 0 30038.25
596 220.12 219.76400000000004 0 30038.25
597 220.09 219.95200000000003 0 30038.25
598 219.74 220.012 25 30038.25
599 219.55 219.966 50 30033.5
600 219.03 219.70600000000002 75 30007.5
601 219 219.48200000000003 100 30005.25
602 219.65 219.39400000000003 0 30070.25
603 219.12 219.27000000000004 25 30070.25
604 219.45 219.25 0 30078.5
605 220 219.44400000000002 0 30078.5
606 220.49 219.74200000000002 0 30078.5
607 220.73 219.95800000000003 0 30078.5
608 220.76 220.286 0 30078.5
609 220.87 220.57000000000002 0 30078.5
610 220.78 220.72600000000003 0 30078.5
611 220.76 220.78000000000003 25 30078.5
612 220.69 220.77200000000002 50 30076.75
613 220.85 220.79000000000002 0 30084.75
614 221.16 220.84800000000004 0 30084.75
615 221.63 221.018 0 30084.75
616 221.04 221.074 25 30084.75
617 220.71 221.078 50 30076.5
618 220.06 220.92 75 30044.0
619 220.46 220.78 100 30074.0
620 220.15 220.484 125 30043.0
621 220.49 220.37400000000002 0 30085.5
622 220.3 220.29200000000003 0 30085.5
623 220.61 220.40200000000004 0 30085.5
624 220.7 220.45000000000005 0 30085.5
625 220.53 220.526 0 30085.5
626 220.57 220.542 0 30085.5
627 220.34 220.55 25 30085.5
628 220.68 220.56400000000002 0 30094.0
629 220.515 220.52700000000002 25 30094.0
630 220.4 220.50100000000003 50 30091.125
631 220.16 220.41900000000004 75 30079.125
632 220.87 220.52500000000003 0 30132.375
633 221.21 220.63100000000003 0 30132.375
634 221.165 220.76100000000002 0 30132.375
635 221.47 220.97500000000005 0 30132.375
636 221.5 221.24300000000002 0 30132.375
637 221.74 221.41700000000003 0 30132.375
638 221.93 221.56100000000004 0 30132.375
639 222.18 221.764 0 30132.375
640 222.59 221.98800000000003 0 30132.375
641 222.84 222.25600000000003 0 30132.375
642 222.83 222.47400000000002 0 30132.375
643 222.96 222.68000000000004 0 30132.375
644 223.61 222.96600000000004 0 30132.375
645 223.39 223.12600000000003 0 30132.375
646 223.98 223.354 0 30132.375
647 223.6 223.508 0 30132.375
648 224.37 223.79 0 30132.375
649 224.22 223.91199999999998 0 30132.375
650 224.79 224.19199999999998 0 30132.375
651 225.13 224.422 0 30132.375
652 224.47 224.596 25 30132.375
653 224.75 224.67200000000003 0 30139.375
654 224 224.62800000000004 25 30139.375
655 223.61 224.39200000000002 50 30129.625
656 224.18 224.20200000000003 75 30158.125
657 224.26 224.16000000000003 0 30164.125
658 223.93 223.99600000000004 25 30164.125
659 224.24 224.04400000000004 0 30171.875
660 224.77 224.27600000000004 0 30171.875
661 224.95 224.43000000000004 0 30171.875
662 224.83 224.54400000000004 0 30171.875
663 224.67 224.69200000000004 25 30171.875
664 224.82 224.80800000000002 0 30175.625
665 224.53 224.76000000000002 25 30175.625
666 223.925 224.555 50 30160.5
667 224.28 224.445 75 30178.25
668 224.33 224.377 100 30182.0
669 224.53 224.31900000000002 0 30202.0
670 224.82 224.377 0 30202.0
671 224.88 224.568 0 30202.0
672 224.92 224.69600000000003 0 30202.0
673 224.95 224.82000000000002 0 30202.0
674 225.57 225.02800000000002 0 30202.0
675 225 225.06400000000002 25 30202.0
676 224.72 225.03200000000004 50 30195.0
677 224.99 225.046 75 30208.5
678 225.39 225.134 0 30238.5
679 225.49 225.11800000000002 0 30238.5
680 225.39 225.19600000000003 0 30238.5
681 225.22 225.29600000000002 25 30238.5
682 225.22 225.29600000000002 50 30238.5
683 225.09 225.31600000000003 75 30232.0
684 225.35 225.30800000000002 0 30251.5
685 225.27 225.264 0 30251.5
686 225.72 225.33 0 30251.5
687 225.91 225.46800000000002 0 30251.5
688 226.11 225.672 0 30251.5
689 226.25 225.852 0 30251.5
690 225.93 225.984 25 30251.5
691 225.61 225.96200000000002 50 30243.5
692 225.3 225.84000000000003 75 30228.0
693 226.29 225.87600000000003 0 30302.25
694 226.24 225.87400000000002 0 30302.25
695 225.99 225.88600000000005 0 30302.25
696 225.53 225.87000000000003 25 30302.25
697 225.91 225.99200000000002 50 30311.75
698 225.81 225.89600000000004 75 30306.75
699 225.35 225.718 100 30272.25
700 225.65 225.65 0 30302.25
701 225.5 225.644 25 30302.25
702 225.58 225.578 0 30304.25
703 225.47 225.51000000000002 25 30304.25
704 225.2 225.48 50 30297.5
705 224.56 225.262 75 30265.5
706 224.58 225.078 100 30267.0
707 224.51 224.86399999999998 125 30260.0
708 224.775 224.725 0 30293.125
709 224.76 224.63700000000003 0 30293.125
710 224.28 224.58100000000002 25 30293.125
711 223.66 224.397 50 30277.625
712 223.39 224.173 75 30264.125
713 223.29 223.87599999999998 100 30256.625
714 223.11 223.546 125 30238.625
715 222.81 223.252 150 30201.125
716 223.38 223.19600000000003 0 30286.625
717 223.39 223.19600000000003 0 30286.625
718 223.01 223.14000000000001 25 30286.625
719 223.1 223.138 50 30288.875
720 223.79 223.33400000000003 0 30323.375
721 223.7 223.39800000000002 0 30323.375
722 223.7 223.46000000000004 0 30323.375
723 224.14 223.68600000000004 0 30323.375
724 224.075 223.881 0 30323.375
725 224.24 223.971 0 30323.375
726 224.04 224.03900000000002 0 30323.375
727 224.48 224.195 0 30323.375
728 224.64 224.29500000000002 0 30323.375
729 224.58 224.39600000000002 0 30323.375
730 224.32 224.412 25 30323.375
731 224.7 224.544 0 30332.875
732 224.31 224.51 25 30332.875
733 224.495 224.481 0 30337.5
734 224.655 224.496 0 30337.5
735 224.7 224.572 0 30337.5
736 224.32 224.496 25 30337.5
737 224.435 224.52100000000002 50 30340.375
738 224.435 224.52100000000002 75 30340.375
739 224.8 224.58200000000002 0 30367.75
740 224.38 224.52700000000002 25 30367.75
741 224.44 224.47500000000002 50 30369.25
742 224.44 224.47500000000002 75 30369.25
743 224.13 224.437 100 30346.0
744 224.44 224.43800000000002 0 30377.0
745 224.44 224.43800000000002 0 30377.0
746 224.4 224.358 0 30377.0
747 224.3 224.342 25 30377.0
748 224.14 224.282 50 30373.0
749 223.73 224.20200000000003 75 30352.5
750 223.73 224.20200000000003 100 30352.5
751 223.77 224.06800000000004 125 30356.5
752 223.77 224.06800000000004 150 30356.5
753 224.17 224.02200000000005 0 30416.5
754 223.85 223.93200000000004 25 30416.5
755 223.95 223.894 0 30419.0
756 223.84 223.916 25 30419.0
757 223.93 223.948 50 30421.25
758 224.16 223.946 0 30432.75
759 224.12 224.0 0 30432.75
760 224.12 224.0 0 30432.75
761 224.12 224.0 0 30432.75
762 224.07 224.024 0 30432.75
763 224.07 224.024 0 30432.75
764 224.05 224.066 25 30432.75
765 224.05 224.066 50 30432.75
766 224 224.08 75 30430.25
767 223.65 223.978 100 30404.0
768 223.33 223.82 125 30372.0
769 223.39 223.68400000000003 150 30379.5
770 223.55 223.584 175 30403.5
771 223.72 223.52800000000002 0 30433.25
772 223.53 223.50400000000002 0 30433.25
773 223.87 223.61200000000002 0 30433.25
774 223.87 223.61200000000002 0 30433.25
775 223.56 223.64600000000002 25 30433.25
776 223.82 223.7 0 30439.75
777 223.71 223.69800000000004 0 30439.75
778 223.55 223.70200000000003 25 30439.75
779 223.8 223.68800000000005 0 30446.0
780 223.8 223.68800000000005 0 30446.0
781 223.83 223.74200000000002 0 30446.0
782 224.43 223.864 0 30446.0
783 224.72 224.06600000000003 0 30446.0
784 224.58 224.272 0 30446.0
785 224.63 224.438 0 30446.0
786 224.59 224.59000000000003 25 30446.0
787 224.8 224.66400000000002 0 30451.25
788 224.8 224.66400000000002 0 30451.25
789 224.54 224.62800000000004 25 30451.25
790 225.23 224.75800000000004 0 30468.5
791 225.13 224.858 0 30468.5
792 225.34 225.00800000000004 0 30468.5
793 225.53 225.15400000000002 0 30468.5
794 225.55 225.35600000000002 0 30468.5
795 225.69 225.44800000000004 0 30468.5
796 225.96 225.61400000000003 0 30468.5
797 225.89 225.72400000000002 0 30468.5
798 225.89 225.72400000000002 0 30468.5
799 225.855 225.78900000000002 0 30468.5
800 225.905 225.86 0 30468.5
801 225.905 225.86 0 30468.5
802 226.1 225.942 0 30468.5
803 226.165 225.983 0 30468.5
804 226.03 226.01100000000002 0 30468.5
805 225.97 226.03400000000005 25 30468.5
806 225.77 226.007 50 30463.5
807 225.77 226.007 75 30463.5
808 225.55 225.89700000000002 100 30447.0
809 225.65 225.794 125 30457.0
810 225.65 225.794 150 30457.0
811 225.14 225.616 175 30380.5
812 225.39 225.5 200 30424.25
813 225.63 225.472 0 30472.25
814 225.52 225.466 0 30472.25
815 225.485 225.43300000000002 0 30472.25
816 225.485 225.43300000000002 0 30472.25
817 225.32 225.46900000000002 25 30472.25
818 225.5 225.491 0 30476.75
819 225.52 225.46900000000002 0 30476.75
820 225.52 225.46900000000002 0 30476.75
821 225.79 225.52300000000002 0 30476.75
822 226.09 225.644 0 30476.75
823 226.03 225.78600000000006 0 30476.75
824 225.93 225.87200000000004 0 30476.75
825 225.86 225.94 25 30476.75
826 225.845 225.95100000000002 50 30476.375
827 226.145 225.96200000000005 0 30491.375
828 225.955 225.94700000000003 0 30491.375
829 225.955 225.95200000000003 0 30491.375
830 225.885 225.957 25 30491.375
831 225.97 225.98200000000003 50 30493.5
832 225.88 225.92899999999997 75 30489.0
833 225.76 225.89 100 30480.0
834 225.97 225.89300000000003 0 30501.0
835 226.02 225.92000000000002 0 30501.0
836 226.25 225.976 0 30501.0
837 226.22 226.044 0 30501.0
838 226.02 226.09600000000003 25 30501.0
839 225.89 226.08 50 30497.75
840 226.175 226.11100000000002 0 30512.0
841 225.81 226.02300000000002 25 30512.0
842 226.08 225.99500000000003 0 30518.75
843 226.15 226.02100000000002 0 30518.75
844 226.15 226.02100000000002 0 30518.75
845 225.99 226.04100000000003 25 30518.75
846 225.83 225.972 50 30514.75
847 226.03 226.01600000000002 0 30524.75
848 225.81 225.96200000000002 25 30524.75
849 225.67 225.86599999999999 50 30521.25
850 225.47 225.762 75 30511.25
851 225.35 225.666 100 30502.25
852 225.71 225.602 0 30538.25
853 225.72 225.584 0 30538.25
854 225.72 225.584 0 30538.25
855 225.36 225.52200000000002 25 30538.25
856 225.33 225.494 50 30537.5
857 225.33 225.494 75 30537.5
858 225.61 225.54600000000002 0 30558.5
859 225.76 225.55600000000004 0 30558.5
860 225.8 225.57200000000003 0 30558.5
861 225.8 225.57200000000003 0 30558.5
862 225.99 225.69800000000004 0 30558.5
863 226.1 225.852 0 30558.5
864 226.05 225.94000000000003 0 30558.5
865 226.165 226.02100000000002 0 30558.5
866 226.25 226.11100000000002 0 30558.5
867 226.2 226.15300000000002 0 30558.5
868 226.475 226.228 0 30558.5
869 226.47 226.31200000000004 0 30558.5
870 226.47 226.31200000000004 0 30558.5
871 226.47 226.31200000000004 0 30558.5
872 226.47 226.31200000000004 0 30558.5
873 226.05 226.28900000000004 25 30558.5
874 226.41 226.32100000000003 0 30567.5
875 226.3 226.341 25 30567.5
876 226.3 226.341 50 30567.5
877 226.25 226.29600000000005 75 30565.0
878 226.16 226.234 100 30558.25
879 226.16 226.234 125 30558.25
880 226.07 226.238 150 30547.0
881 226.25 226.20600000000002 0 30574.0
882 226.25 226.196 0 30574.0
883 226.35 226.216 0 30574.0
884 226.3 226.24400000000003 0 30574.0
885 226.22 226.27400000000003 25 30574.0
886 226.27 226.27800000000002 50 30575.25
887 226.47 226.32200000000003 0 30585.25
888 226.47 226.32200000000003 0 30585.25
889 226.73 226.39800000000002 0 30585.25
890 226.89 226.51600000000002 0 30585.25
891 226.89 226.51600000000002 0 30585.25
892 226.83 226.638 0 30585.25
893 226.7 226.72400000000005 25 30585.25
894 226.83 226.79600000000002 0 30588.5
895 226.73 226.79600000000002 25 30588.5
896 226.32 226.68200000000004 50 30578.25
897 226.22 226.56000000000003 75 30573.25
898 226.22 226.56000000000003 100 30573.25
899 225.97 226.41400000000004 125 30548.25
900 225.805 226.209 150 30527.625
901 225.71 226.005 175 30513.375
902 225.93 225.927 0 30551.875
903 226.08 225.89900000000003 0 30551.875
904 225.91 225.887 0 30551.875
905 225.91 225.887 0 30551.875
906 226.14 225.954 0 30551.875
907 225.905 225.99300000000002 25 30551.875
908 225.17 225.841 50 30533.5
909 225.12 225.649 75 30531.0
910 225.38 225.543 100 30550.5
911 225.19 225.353 125 30531.5
912 225.39 225.25 0 30556.5
913 225.43 225.30200000000002 0 30556.5
914 225.19 225.31600000000003 25 30556.5
915 225.12 225.26400000000004 50 30554.75
916 225.19 225.31600000000003 75 30558.25
917 224.92 225.22400000000005 100 30538.0
918 224.73 225.13200000000003 125 30519.0
919 224.76 225.006 150 30522.75
920 224.85 224.89000000000001 175 30536.25
921 224.33 224.71800000000002 200 30445.25
922 224.29 224.592 225 30437.25
923 224.25 224.496 250 30428.25
924 224.21 224.38600000000002 275 30418.25
925 224.645 224.34500000000003 0 30537.875
926 224.71 224.42100000000002 0 30537.875
927 224.86 224.53500000000003 0 30537.875
928 224.64 224.61300000000003 0 30537.875
929 224.55 224.681 25 30537.875
930 223.96 224.544 50 30523.125
931 224.56 224.514 0 30553.125
932 224.49 224.44 0 30553.125
933 225.13 224.538 0 30553.125
934 225.08 224.644 0 30553.125
935 224.69 224.79000000000002 25 30553.125
936 224.54 224.786 50 30549.375
937 224.42 224.77200000000005 75 30543.375
938 224.26 224.59800000000004 100 30531.375
939 224.07 224.39600000000002 125 30512.375
940 224.13 224.284 150 30519.875
941 224.42 224.26 0 30563.375
942 224.31 224.23799999999997 0 30563.375
943 224.36 224.258 0 30563.375
944 224.35 224.31400000000002 0 30563.375
945 224.46 224.38000000000002 0 30563.375
946 224.525 224.401 0 30563.375
947 224.695 224.478 0 30563.375
948 224.79 224.564 0 30563.375
949 224.89 224.672 0 30563.375
950 224.41 224.662 25 30563.375
951 224.59 224.675 50 30567.875
952 224.63 224.66200000000003 75 30569.875
953 224.485 224.601 100 30559.0
954 224.605 224.54399999999998 0 30571.0
955 224.88 224.599 0 30571.0
956 224.79 224.675 0 30571.0
957 225.13 224.78300000000002 0 30571.0
958 224.97 224.85100000000003 0 30571.0
959 224.87 224.928 25 30571.0
