time-hour stock-price avg-price-5-min number-of-stocks portfolio-value 570 215.22 214.94700000000003 0 30000.0
571 215.27 215.14499999999998 215.01500000000001 2305.3333333333335 601 0 30000.0
572 215.62 215.4325 215.16400000000002 569.0 300 0 30000.0
573 215.055 215.25 215.197 400.3333333333333 300 25 30000.0
574 214.77 215.05375 215.187 333.3333333333333 400 25 29992.875
575 215.24 215.07625000000002 215.191 400.0 500 50 30004.625
576 215.76 215.3825 215.289 502.0 606 0 30030.625
577 215.6 215.55 215.28500000000003 436.3333333333333 203 0 30030.625
578 216.17 215.925 215.508 512.3333333333334 728 0 30030.625
579 215.95 215.9175 215.744 377.0 200 0 30030.625
580 216.63 216.345 216.022 416.3333333333333 321 0 30030.625
581 216.7 216.495 216.21 768.6666666666666 1785 0 30030.625
582 217.3 216.98250000000002 216.55 737.0 105 0 30030.625
583 217.61 217.305 216.83800000000002 1141.6666666666667 1535 0 30030.625
584 218.15 217.8025 217.27800000000002 764.0 652 0 30030.625
585 218.05 217.965 217.562 824.3333333333334 286 0 30030.625
586 218.3 218.20000000000002 217.88200000000003 637.3333333333334 974 0 30030.625
587 219.07 218.6225 218.23600000000002 597.6666666666666 533 0 30030.625
588 219.11 218.8975 218.536 569.0 200 0 30030.625
570 215.22 214.94700000000003 0 30000.0
570 215.22 214.94700000000003 0 30000.0
571 215.27 215.01500000000001 0 30000.0
572 215.62 215.16400000000002 0 30000.0
573 215.055 215.197 0 30000.0
574 214.77 215.187 0 30000.0
575 215.24 215.191 0 30000.0
576 215.76 215.289 0 30000.0
577 215.6 215.28500000000003 0 30000.0
578 216.17 215.508 0 30000.0
579 215.95 215.744 0 30000.0
580 216.63 216.022 0 30000.0
581 216.7 216.21 0 30000.0
582 217.3 216.55 0 30000.0
583 217.61 216.83800000000002 0 30000.0
584 218.15 217.27800000000002 0 30000.0
585 218.05 217.562 0 30000.0
586 218.3 217.88200000000003 0 30000.0
587 219.07 218.23600000000002 0 30000.0
588 219.11 218.536 0 30000.0
589 218.63 218.632 25 30000.0
590 218.635 218.749 0 30000.125
591 219.07 218.903 0 30000.125
592 219.15 218.919 0 30000.125
593 219.44 218.985 0 30000.125
594 219.78 219.21500000000003 0 30000.125
595 220.33 219.554 0 30000.125
596 220.12 219.76400000000004 0 30000.125
597 220.09 219.95200000000003 0 30000.125
598 219.74 220.012 0 30000.125
599 219.55 219.966 0 30000.125
600 219.03 219.70600000000002 0 30000.125
601 219 219.48200000000003 0 30000.125
602 219.65 219.39400000000003 0 30000.125
603 219.12 219.27000000000004 0 30000.125
604 219.45 219.25 0 30000.125
605 220 219.44400000000002 0 30000.125
606 220.49 219.74200000000002 0 30000.125
607 220.73 219.95800000000003 0 30000.125
608 220.76 220.286 0 30000.125
609 220.87 220.57000000000002 0 30000.125
610 220.78 220.72600000000003 0 30000.125
611 220.76 220.78000000000003 25 30000.125
612 220.69 220.77200000000002 50 29998.375
613 220.85 220.79000000000002 0 30006.375
614 221.16 220.84800000000004 0 30006.375
615 221.63 221.018 0 30006.375
616 221.04 221.074 25 30006.375
617 220.71 221.078 0 29998.125
618 220.06 220.92 0 29998.125
619 220.46 220.78 0 29998.125
620 220.15 220.484 0 29998.125
621 220.49 220.37400000000002 0 29998.125
