time-hour stock-price avg-price-3-min avg-price-5-min average-volume current-volume number-of-stocks portfolio-value 570 211.99 210.60750000000002 209.91600000000003 3850.6666666666665 1556 0 30000.0
571 211.795 211.22 210.32300000000004 2890.3333333333335 1000 0 30000.0
572 208.62 210.25625 210.17100000000005 1411.0 1677 0 30000.0
573 208.78 209.49374999999998 210.097 1023.0 392 0 30000.0
574 208.59 208.64499999999998 209.95500000000004 1158.3333333333333 1406 0 30000.0
575 208.95 208.8175 209.347 847.6666666666666 745 0 30000.0
576 208.97 208.87 208.782 944.3333333333334 682 0 30000.0
577 209.15 209.055 208.88800000000003 610.6666666666666 405 0 30000.0
578 209.345 209.2025 209.00100000000003 582.0 659 0 30000.0
579 209.26 209.25375 209.13500000000002 621.3333333333334 800 0 30000.0
580 210.14 209.72125 209.37300000000002 1089.6666666666667 1810 25 30000.0
581 210.125 209.9125 209.604 1257.3333333333333 1162 25 29999.625
582 211.34 210.73624999999998 210.042 1257.3333333333333 800 25 30030.0
583 211.43 211.08125 210.459 1324.3333333333333 2011 50 30032.25
584 211.42 211.40249999999997 210.891 987.0 150 50 30031.75
585 212.29 211.85750000000002 211.321 937.0 650 50 30075.25
586 212.63 212.2425 211.822 441.6666666666667 525 75 30092.25
587 211.86 212.16 211.92600000000002 725.0 1000 100 30034.5
588 211.92 212.08249999999998 212.024 1131.6666666666667 1870 0 30040.5
589 212.07 211.98 212.154 1623.3333333333333 2000 0 30040.5
590 212.67 212.33249999999998 212.23000000000002 1552.0 786 0 30040.5
591 212.35 212.36 212.174 1099.0 511 0 30040.5
592 212.33 212.42000000000002 212.268 732.3333333333334 900 25 30040.5
593 212.4 212.37 212.36400000000003 651.3333333333334 543 0 30042.25
594 213.16 212.7625 212.582 967.6666666666666 1460 25 30042.25
595 213.42 213.1 212.732 1097.0 1288 50 30048.75
596 213.21 213.25 212.904 1087.6666666666667 515 50 30038.25
597 213.81 213.5625 213.20000000000002 1377.6666666666667 2330 75 30068.25
598 213.5 213.505 213.42000000000002 1127.6666666666667 538 75 30045.0
599 213.88 213.76749999999998 213.56400000000002 1985.3333333333333 3088 100 30073.5
600 214.62 214.155 213.804 2350.0 3424 125 30147.5
601 214.43 214.34 214.048 2787.3333333333335 1850 125 30123.75
602 214.06 214.29250000000002 214.098 2338.3333333333335 1741 125 30077.5
603 213.14 213.6925 214.026 2431.0 3702 0 29962.5
604 212.53 213.065 213.756 2284.0 1409 0 29962.5
605 212.815 212.825 213.39500000000004 1931.6666666666667 684 0 29962.5
606 212.12 212.39625 212.93300000000002 1054.0 1069 0 29962.5
607 211.86 212.16375 212.49300000000002 852.0 803 0 29962.5
608 211.6 211.79500000000002 212.185 765.6666666666666 425 0 29962.5
609 211.53 211.63 211.985 423.3333333333333 42 0 29962.5
610 212.38 211.9725 211.89800000000002 339.0 550 25 29962.5
611 212.29 212.1225 211.93200000000002 611.6666666666666 1243 50 29960.25
612 212.89 212.61249999999998 212.138 875.0 832 50 29990.25
613 212.5 212.545 212.318 790.6666666666666 297 50 29970.75
614 212.23 212.46249999999998 212.458 693.6666666666666 952 0 29957.25
615 212.42 212.39249999999998 212.466 625.6666666666666 628 0 29957.25
616 212.65 212.4875 212.538 541.6666666666666 45 0 29957.25
617 212.86 212.6975 212.532 257.6666666666667 100 0 29957.25
618 212.45 212.6025 212.52200000000002 315.0 800 25 29957.25
619 212.39 212.52249999999998 212.55400000000003 566.6666666666666 800 0 29955.75
620 212.33 212.375 212.53600000000003 840.3333333333334 921 0 29955.75
621 212.595 212.47750000000002 212.52500000000003 612.0 115 0 29955.75
622 213.26 212.86124999999998 212.60500000000002 924.0 1736 25 29955.75
623 213.48 213.20375 212.811 734.3333333333334 352 25 29961.25
624 213.5 213.435 213.03300000000002 901.6666666666666 617 25 29961.75
625 213.37 213.43 213.241 390.0 201 25 29958.5
626 213.16 213.2975 213.354 331.6666666666667 177 0 29953.25
627 213.22 213.2425 213.346 192.66666666666666 200 0 29953.25
628 213.61 213.4 213.37200000000004 241.33333333333334 347 25 29953.25
629 213.52 213.46750000000003 213.37600000000003 207.66666666666666 76 0 29951.0
630 213.31 213.4375 213.36400000000003 341.0 600 25 29951.0
631 212.7 213.0575 213.27200000000002 709.3333333333334 1452 0 29935.75
632 212.7 212.8525 213.168 1084.0 1200 0 29935.75
633 212.64 212.67 212.974 1167.3333333333333 850 0 29935.75
634 212.23 212.45 212.71599999999998 933.3333333333334 750 0 29935.75
635 212.96 212.6975 212.64600000000002 605.3333333333334 216 0 29935.75
636 212.99 212.79250000000002 212.704 422.0 300 0 29935.75
637 213.41 213.1925 212.846 623.6666666666666 1355 25 29935.75
638 213.12 213.16 212.94200000000004 685.0 400 0 29928.5
639 213.51 213.3875 213.198 651.6666666666666 200 0 29928.5
640 213.05 213.1825 213.216 259.0 177 0 29928.5
641 212.71 212.995 213.16000000000003 164.66666666666666 117 0 29928.5
642 212.63 212.755 213.00400000000002 236.33333333333334 415 0 29928.5
643 212.41 212.54000000000002 212.86200000000002 377.3333333333333 600 0 29928.5
644 212.71 212.615 212.70200000000003 371.6666666666667 100 0 29928.5
645 212.89 212.725 212.67000000000002 300.0 200 0 29928.5
646 212.83 212.815 212.69400000000002 200.33333333333334 301 25 29928.5
647 212.86 212.86 212.74 200.33333333333334 100 25 29929.25
648 212.9 212.8725 212.83800000000002 250.0 349 50 29930.25
649 212.72 212.8 212.84000000000003 216.33333333333334 200 0 29921.25
650 212.68 212.745 212.79800000000003 250.0 201 0 29921.25
651 212.7 212.7 212.77200000000002 358.0 673 0 29921.25
652 212.4 212.54500000000002 212.68 489.6666666666667 595 0 29921.25
653 212.5 212.525 212.60000000000002 699.0 829 0 29921.25
654 212.77 212.61 212.60999999999999 550.6666666666666 228 0 29921.25
655 212.88 212.7575 212.65 502.3333333333333 450 0 29921.25
656 212.96 212.89249999999998 212.70200000000003 393.0 501 25 29921.25
657 212.86 212.89000000000001 212.794 483.6666666666667 500 50 29918.75
658 212.77 212.84000000000003 212.848 350.6666666666667 51 0 29914.25
659 212.75 212.7825 212.84400000000002 434.3333333333333 752 0 29914.25
660 213.38 213.07 212.94400000000002 401.0 400 0 29914.25
661 213.68 213.3725 213.08800000000002 911.3333333333334 1582 25 29914.25
662 213.37 213.45 213.19000000000003 794.0 400 25 29906.5
663 213.28 213.4025 213.29200000000003 752.3333333333334 275 0 29904.25
664 213.28 213.3025 213.39800000000002 531.3333333333334 919 0 29904.25
665 213.09 213.185 213.34000000000003 571.6666666666666 521 0 29904.25
666 211.29 212.2375 212.86200000000002 1679.0 3597 0 29904.25
667 211.51 211.85 212.49 1984.6666666666667 1836 0 29904.25
668 211.47 211.435 212.12800000000001 2278.0 1401 0 29904.25
669 211.21 211.35000000000002 211.714 2018.0 2817 25 29904.25
670 211.66 211.5 211.428 2263.3333333333335 2572 0 29915.5
671 211.43 211.4325 211.45600000000002 2079.6666666666665 850 0 29915.5
672 211.95 211.7475 211.54399999999998 1465.6666666666667 975 0 29915.5
673 212.13 211.91 211.676 746.3333333333334 414 0 29915.5
674 212.13 211.91 211.676 746.3333333333334 414 0 29915.5
675 212.18 212.11 211.87 745.6666666666666 848 25 29915.5
676 211.79 211.9725 211.89600000000002 687.3333333333334 800 0 29905.75
677 211.75 211.8675 211.96 716.0 500 0 29905.75
678 211.75 211.8675 211.96 716.0 500 0 29905.75
679 212.3 212.035 212.03000000000003 500.0 200 0 29905.75
680 211.84 211.9325 211.972 366.6666666666667 400 25 29905.75
681 211.8 211.935 211.89600000000002 533.3333333333334 1000 0 29904.75
682 211.93 211.875 211.924 490.0 70 0 29904.75
683 212.33 212.09750000000003 212.04000000000002 456.6666666666667 300 0 29904.75
684 212.325 212.2275 212.04500000000002 381.6666666666667 775 25 29904.75
685 212.06 212.19375 212.08900000000003 410.6666666666667 157 25 29898.125
686 212.065 212.12875 212.14200000000002 344.3333333333333 101 0 29898.25
687 211.96 212.01125000000002 212.14800000000002 91.33333333333333 16 0 29898.25
688 212.63 212.32125 212.20800000000003 499.3333333333333 1381 0 29898.25
689 212.615 212.455 212.26600000000002 565.6666666666666 300 0 29898.25
690 212.95 212.78625 212.44400000000002 808.6666666666666 745 0 29898.25
691 213.05 212.91625 212.64100000000002 1109.6666666666667 2284 25 29898.25
692 212.935 212.9675 212.836 1236.6666666666667 681 25 29895.375
693 212.99 212.99125 212.90800000000002 1068.3333333333333 240 25 29896.75
694 212.72 212.84125 212.92900000000003 373.6666666666667 200 0 29890.0
695 212.3 212.57750000000001 212.79900000000004 213.66666666666666 201 0 29890.0
696 212.44 212.475 212.67700000000002 200.33333333333334 200 0 29890.0
697 212.9 212.635 212.67000000000004 221.0 262 0 29890.0
698 212.85 212.76 212.64200000000002 220.66666666666666 200 0 29890.0
699 212.9 212.8875 212.67800000000003 188.0 102 0 29890.0
700 212.95 212.9125 212.80800000000002 249.66666666666666 447 25 29890.0
701 212.95 212.9375 212.91000000000003 283.0 300 0 29890.0
702 212.88 212.915 212.906 262.0 39 0 29890.0
703 212.99 212.9525 212.93400000000003 348.0 705 0 29890.0
704 213.09 213.0125 212.972 318.0 210 0 29890.0
705 212.81 212.925 212.94400000000002 373.0 204 0 29890.0
706 212.89 212.92 212.93200000000002 338.0 600 25 29890.0
707 212.75 212.8 212.90600000000003 501.3333333333333 700 0 29886.5
708 212.75 212.8 212.90600000000003 501.3333333333333 700 0 29886.5
709 212.84 212.82999999999998 212.87600000000003 641.6666666666666 625 0 29886.5
710 212.6 212.6975 212.77800000000005 581.3333333333334 419 0 29886.5
711 212.69 212.70499999999998 212.75400000000005 381.3333333333333 100 0 29886.5
712 212.77 212.70749999999998 212.73000000000002 273.0 300 0 29886.5
713 212.74 212.735 212.728 204.33333333333334 213 25 29886.5
714 212.89 212.8225 212.73800000000003 664.0 1479 50 29890.25
715 212.67 212.7425 212.752 597.3333333333334 100 0 29879.25
716 212.31 212.545 212.676 593.0 200 0 29879.25
717 212.21 212.35000000000002 212.56400000000002 225.0 375 0 29879.25
718 212.21 212.235 212.45800000000003 300.6666666666667 327 0 29879.25
719 212.23 212.22 212.32600000000002 330.6666666666667 290 0 29879.25
720 212.43 212.325 212.27800000000002 372.3333333333333 500 25 29879.25
721 212.43 212.325 212.27800000000002 372.3333333333333 500 50 29879.25
722 212.74 212.535 212.36400000000003 400.3333333333333 411 75 29894.75
723 212.595 212.59 212.44100000000003 337.0 100 75 29883.875
724 212.6 212.63375000000002 212.51900000000003 370.3333333333333 600 100 29884.25
725 212.94 212.76875 212.661 540.0 920 125 29918.25
726 212.94 212.76875 212.661 540.0 920 150 29918.25
727 212.81 212.79 212.73700000000002 539.3333333333334 98 150 29898.75
728 212.75 212.8125 212.73900000000003 372.6666666666667 100 150 29889.75
729 213.15 212.965 212.85000000000002 182.33333333333334 349 175 29949.75
730 213.1 213.02499999999998 212.95000000000002 244.66666666666666 285 200 29941.0
731 212.945 213.035 212.95100000000002 212.66666666666666 4 0 29910.0
732 212.945 213.035 212.95100000000002 212.66666666666666 4 0 29910.0
733 212.94 212.98125 212.977 410.3333333333333 942 0 29910.0
734 212.99 212.96625 213.025 350.6666666666667 106 0 29910.0
735 212.91 212.9375 212.977 456.6666666666667 322 0 29910.0
736 212.88 212.915 212.933 603.6666666666666 1383 25 29910.0
737 213.33 213.1125 213.01 918.3333333333334 1050 50 29921.25
738 213.1 213.10250000000002 213.042 817.6666666666666 20 50 29909.75
739 213.26 213.2375 213.096 445.3333333333333 266 50 29917.75
740 213.29 213.235 213.17200000000003 162.0 200 75 29919.25
741 212.78 213.02749999999997 213.15200000000002 219.33333333333334 192 0 29881.0
742 212.85 212.9425 213.056 170.66666666666666 120 0 29881.0
743 212.85 212.9425 213.056 170.66666666666666 120 0 29881.0
744 212.83 212.8225 213.002 204.0 300 25 29881.0
745 212.9 212.87 212.93 306.6666666666667 500 0 29882.75
746 212.9 212.8825 212.85200000000003 300.0 100 0 29882.75
747 212.83 212.865 212.86200000000002 301.3333333333333 304 25 29882.75
748 212.64 212.7525 212.82000000000002 534.6666666666666 1200 0 29878.0
749 212.8 212.7675 212.81400000000002 567.3333333333334 198 0 29878.0
750 212.8 212.7675 212.81400000000002 567.3333333333334 198 0 29878.0
751 212.81 212.765 212.79600000000002 507.6666666666667 125 0 29878.0
752 212.78 212.79250000000002 212.77200000000002 118.33333333333333 32 0 29878.0
753 212.78 212.79250000000002 212.77200000000002 118.33333333333333 32 0 29878.0
754 212.53 212.66250000000002 212.71200000000002 85.66666666666667 100 0 29878.0
755 212.53 212.66250000000002 212.71200000000002 85.66666666666667 100 0 29878.0
756 212.7 212.6775 212.72400000000002 131.33333333333334 262 0 29878.0
757 212.7 212.6775 212.72400000000002 131.33333333333334 262 0 29878.0
758 212.63 212.6225 212.69000000000003 456.6666666666667 1008 25 29878.0
759 212.45 212.5575 212.61800000000002 462.0 116 25 29873.5
760 212.62 212.57999999999998 212.586 441.3333333333333 200 25 29877.75
761 212.39 212.46249999999998 212.55800000000002 172.66666666666666 202 50 29872.0
762 212.355 212.43 212.489 142.66666666666666 26 50 29870.25
763 212.51 212.44125 212.46500000000003 417.3333333333333 1024 0 29878.0
764 212.51 212.47125 212.47700000000003 484.6666666666667 404 0 29878.0
765 212.65 212.57999999999998 212.48300000000003 894.6666666666666 1256 25 29878.0
766 212.85 212.71499999999997 212.57500000000002 586.6666666666666 100 25 29883.0
767 212.61 212.68 212.62600000000003 453.0 3 25 29877.0
768 212.27 212.5 212.57800000000003 102.33333333333333 204 0 29868.5
769 212.395 212.41750000000002 212.55500000000004 69.33333333333333 1 0 29868.5
770 212.21 212.27125 212.46700000000004 101.66666666666667 100 0 29868.5
771 212.085 212.19375000000002 212.31400000000002 72.33333333333333 116 0 29868.5
772 212.15 212.14875 212.22200000000004 115.33333333333333 130 0 29868.5
773 212.31 212.21375 212.23000000000002 88.0 18 0 29868.5
774 212.23 212.23000000000002 212.19700000000003 82.66666666666667 100 25 29868.5
775 212.23 212.23000000000002 212.19700000000003 82.66666666666667 100 50 29868.5
776 212.23 212.23000000000002 212.19700000000003 82.66666666666667 100 75 29868.5
777 212.23 212.23000000000002 212.19700000000003 82.66666666666667 100 100 29868.5
778 212.23 212.23000000000002 212.19700000000003 82.66666666666667 100 125 29868.5
779 211.97 212.12 212.149 77.66666666666667 115 0 29836.0
780 211.97 212.035 212.12600000000003 98.66666666666667 81 0 29836.0
781 211.97 212.035 212.12600000000003 98.66666666666667 81 0 29836.0
782 211.81 211.89 212.05800000000002 203.66666666666666 415 0 29836.0
783 211.73 211.81 211.942 232.0 200 0 29836.0
784 211.49 211.63 211.794 305.3333333333333 301 0 29836.0
785 211.49 211.63 211.794 305.3333333333333 301 0 29836.0
786 211.3 211.455 211.66000000000003 233.66666666666666 200 0 29836.0
787 211.37 211.3825 211.54000000000002 238.0 213 0 29836.0
788 211.32 211.3275 211.442 666.0 1585 25 29836.0
789 211.32 211.3275 211.442 666.0 1585 50 29836.0
790 211.32 211.3275 211.442 666.0 1585 75 29836.0
791 211.32 211.3275 211.442 666.0 1585 100 29836.0
792 211.75 211.5475 211.446 632.6666666666666 100 100 29879.0
793 211.36 211.4475 211.42000000000002 728.3333333333334 500 100 29840.0
794 211.19 211.3725 211.39800000000002 366.6666666666667 500 0 29823.0
795 211.34 211.3075 211.39200000000002 533.3333333333334 600 0 29823.0
796 211.43 211.3475 211.41400000000002 400.0 100 0 29823.0
797 211.28 211.33249999999998 211.32000000000002 333.3333333333333 300 0 29823.0
798 211.34 211.34750000000003 211.316 166.66666666666666 100 0 29823.0
799 211.53 211.42000000000002 211.38400000000001 266.6666666666667 400 25 29823.0
800 211.7 211.5675 211.45600000000002 533.3333333333334 1100 50 29827.25
801 211.77 211.6925 211.52400000000003 535.0 105 50 29830.75
802 211.72 211.72750000000002 211.61200000000002 468.3333333333333 200 50 29828.25
803 211.79 211.76749999999998 211.70200000000003 169.33333333333334 203 75 29831.75
804 211.79 211.76749999999998 211.70200000000003 169.33333333333334 203 100 29831.75
805 211.79 211.76749999999998 211.70200000000003 169.33333333333334 203 125 29831.75
806 211.79 211.76749999999998 211.70200000000003 169.33333333333334 203 150 29831.75
807 211.79 211.76749999999998 211.70200000000003 169.33333333333334 203 175 29831.75
808 211.9 211.8275 211.776 201.0 200 175 29851.0
809 211.9 211.8275 211.776 201.0 200 175 29851.0
810 211.9 211.8275 211.776 201.0 200 175 29851.0
811 211.99 211.91750000000002 211.834 201.0 200 175 29866.75
812 211.99 211.91750000000002 211.834 201.0 200 175 29866.75
813 212.09 212.01749999999998 211.898 135.66666666666666 7 175 29884.25
814 212.09 212.01749999999998 211.898 135.66666666666666 7 175 29884.25
815 212.09 212.01749999999998 211.898 135.66666666666666 7 175 29884.25
816 212.09 212.01749999999998 211.898 135.66666666666666 7 175 29884.25
817 212.05 212.04500000000002 211.964 102.33333333333333 100 0 29877.25
818 211.95 212.01 211.99600000000004 69.0 100 0 29877.25
819 211.95 212.01 211.99600000000004 69.0 100 0 29877.25
820 211.95 212.01 211.99600000000004 69.0 100 0 29877.25
821 212.04 212.01999999999998 212.024 166.33333333333334 299 0 29877.25
822 212.21 212.10250000000002 212.068 178.66666666666666 137 0 29877.25
823 212.26 212.1925 212.10200000000003 366.3333333333333 663 25 29877.25
824 212.22 212.22750000000002 212.13600000000002 301.0 103 0 29876.25
825 212.31 212.275 212.20800000000003 388.6666666666667 400 25 29876.25
826 212.23 212.2475 212.246 201.0 100 0 29874.25
827 212.405 212.33749999999998 212.285 266.6666666666667 300 0 29874.25
828 212.43 212.37375 212.31900000000002 166.66666666666666 100 0 29874.25
829 212.57 212.49375 212.389 266.6666666666667 400 25 29874.25
830 212.495 212.4975 212.426 266.6666666666667 300 50 29872.375
831 212.515 212.52375 212.483 276.6666666666667 130 50 29873.375
832 212.65 212.5775 212.532 276.6666666666667 400 0 29880.125
833 212.56 212.57125 212.558 310.0 400 25 29880.125
834 212.43 212.5175 212.53000000000003 366.6666666666667 300 0 29876.875
835 212.62 212.5575 212.555 300.0 200 0 29876.875
836 212.645 212.585 212.58100000000002 300.0 400 0 29876.875
837 212.82 212.72625 212.615 333.3333333333333 400 25 29876.875
838 212.785 212.75875000000002 212.66000000000003 300.0 100 25 29876.0
839 212.66 212.73125 212.706 266.6666666666667 300 50 29872.875
840 212.455 212.58875 212.67300000000003 233.33333333333334 300 0 29862.625
841 212.6 212.57875 212.66400000000004 300.0 300 0 29862.625
842 212.6 212.57875 212.66400000000004 300.0 300 0 29862.625
843 212.53 212.52875 212.60600000000002 267.0 201 0 29862.625
844 212.69 212.6275 212.58700000000002 200.33333333333334 100 0 29862.625
845 212.74 212.675 212.603 133.66666666666666 100 0 29862.625
846 212.74 212.675 212.603 133.66666666666666 100 0 29862.625
847 212.74 212.675 212.603 133.66666666666666 100 0 29862.625
848 212.31 212.5125 212.574 133.33333333333334 200 0 29862.625
849 212.14 212.33249999999998 212.48200000000003 166.66666666666666 200 0 29862.625
850 212.14 212.33249999999998 212.48200000000003 166.66666666666666 200 0 29862.625
851 212.445 212.33499999999998 212.465 270.6666666666667 412 0 29862.625
852 212.49 212.39125 212.425 237.33333333333334 100 0 29862.625
853 212.48 212.47375 212.37300000000002 237.33333333333334 200 0 29862.625
854 212.38 212.4325 212.387 133.33333333333334 100 0 29862.625
855 212.38 212.4325 212.387 133.33333333333334 100 0 29862.625
856 212.59 212.51 212.477 102.66666666666667 8 0 29862.625
857 212 212.2425 212.388 152.66666666666666 350 0 29862.625
858 211.9 212.09750000000003 212.27 319.3333333333333 600 0 29862.625
859 211.98 211.96499999999997 212.17000000000002 495.3333333333333 536 0 29862.625
860 212 211.97 212.09400000000002 478.6666666666667 300 0 29862.625
861 212.03 212.01 211.98200000000003 345.3333333333333 200 0 29862.625
862 212.05 212.0325 211.99200000000002 496.6666666666667 990 25 29862.625
863 212.05 212.0325 211.99200000000002 496.6666666666667 990 50 29862.625
864 212.27 212.15500000000003 212.06600000000003 430.0 100 50 29873.625
865 212.27 212.15500000000003 212.06600000000003 430.0 100 50 29873.625
866 212.23 212.195 212.116 467.0 311 50 29871.625
867 212.18 212.215 212.15200000000002 270.3333333333333 400 0 29869.125
868 211.99 212.0975 212.144 378.6666666666667 425 25 29869.125
869 211.99 212.0975 212.144 378.6666666666667 425 50 29869.125
870 212.05 212.0675 212.144 321.6666666666667 140 0 29872.125
871 212.04 212.03 212.098 221.66666666666666 100 0 29872.125
872 212.04 212.03 212.098 221.66666666666666 100 0 29872.125
873 212.04 212.03 212.098 221.66666666666666 100 0 29872.125
874 211.93 211.9875 212.03799999999998 136.33333333333334 169 0 29872.125
875 211.66 211.8225 211.934 240.33333333333334 452 0 29872.125
876 211.51 211.6525 211.838 407.0 600 0 29872.125
877 211.67 211.6275 211.762 459.6666666666667 327 0 29872.125
878 211.685 211.6375 211.69100000000003 375.6666666666667 200 0 29872.125
879 211.76 211.71875 211.657 309.0 400 25 29872.125
880 211.74 211.73125 211.673 533.3333333333334 1000 50 29871.625
881 211.87 211.81 211.745 566.6666666666666 300 0 29878.125
882 212.045 211.925 211.82 656.0 668 25 29878.125
883 212.035 211.99624999999997 211.89000000000001 334.0 34 25 29877.875
884 212.35 212.195 212.008 856.3333333333334 1867 50 29885.75
885 212.21 212.20125000000002 212.102 767.0 400 50 29878.75
886 212.2 212.24 212.168 773.6666666666666 54 0 29878.25
887 212.2 212.24 212.168 773.6666666666666 54 0 29878.25
888 211.95 212.0775 212.149 251.33333333333334 300 0 29878.25
889 212.17 212.1225 212.17600000000002 157.66666666666666 119 0 29878.25
890 211.99 212.025 212.104 154.33333333333334 44 0 29878.25
891 211.9 211.99 212.042 163.33333333333334 327 0 29878.25
892 211.9 211.99 212.042 163.33333333333334 327 0 29878.25
893 211.69 211.8175 211.94 124.33333333333333 2 0 29878.25
894 211.81 211.8025 211.91199999999998 143.0 100 0 29878.25
895 211.89 211.82 211.856 67.33333333333333 100 25 29878.25
896 211.94 211.89499999999998 211.84600000000003 133.33333333333334 200 50 29879.5
897 211.99 211.9525 211.864 133.33333333333334 100 50 29882.0
898 212.01 211.9875 211.928 133.33333333333334 100 50 29883.0
899 211.97 211.985 211.96000000000004 100.0 100 0 29881.0
900 211.97 211.985 211.96000000000004 100.0 100 0 29881.0
901 212.15 212.07 212.012 261.0 583 25 29881.0
902 211.96 212.01 212.01600000000002 262.0 103 25 29876.25
903 211.89 211.9725 211.99600000000004 527.6666666666666 897 0 29874.5
904 211.89 211.9725 211.99600000000004 527.6666666666666 897 0 29874.5
905 212.05 211.9875 212.004 518.0 554 0 29874.5
906 211.92 211.945 211.99400000000003 1053.0 1708 25 29874.5
907 212.045 212.015 211.973 785.0 93 25 29877.625
908 212.01 211.99624999999997 211.983 752.3333333333334 456 0 29876.75
909 211.99 212.00875 212.00300000000001 216.33333333333334 100 0 29876.75
910 212.21 212.10500000000002 212.03500000000003 218.66666666666666 100 0 29876.75
911 212.275 212.1875 212.10600000000002 100.0 100 0 29876.75
912 212.275 212.1875 212.10600000000002 100.0 100 0 29876.75
913 212.275 212.1875 212.10600000000002 100.0 100 0 29876.75
914 212.08 212.16125 212.11300000000003 100.0 100 0 29876.75
915 212.19 212.18375 212.149 146.66666666666666 240 0 29876.75
916 212.05 212.0925 212.16100000000003 226.66666666666666 340 25 29876.75
917 211.945 212.0325 212.10800000000003 404.0 632 50 29874.125
918 211.955 211.97625 212.04400000000004 333.0 27 0 29874.625
919 212.24 212.095 212.07600000000005 419.6666666666667 600 0 29874.625
920 212.18 212.13875000000002 212.07400000000004 242.33333333333334 100 0 29874.625
921 212.36 212.28500000000003 212.13600000000002 234.66666666666666 4 0 29874.625
922 212.37 212.32 212.221 168.0 400 25 29874.625
923 212.23 212.2975 212.27600000000004 294.6666666666667 480 0 29871.125
924 212.48 212.39 212.32400000000004 400.0 320 0 29871.125
925 212.41 212.3825 212.37 300.0 100 0 29871.125
926 212.41 212.3825 212.37 300.0 100 0 29871.125
927 212.38 212.4125 212.374 240.66666666666666 302 25 29871.125
928 212.49 212.4425 212.39800000000002 237.66666666666666 311 0 29873.875
929 212.5 212.4675 212.452 237.66666666666666 100 0 29873.875
930 212.62 212.5575 212.48000000000002 210.33333333333334 220 25 29873.875
931 212.6 212.57999999999998 212.518 415.3333333333333 926 50 29873.375
932 212.705 212.65750000000003 212.583 549.3333333333334 502 50 29878.625
933 212.705 212.65750000000003 212.583 549.3333333333334 502 50 29878.625
934 213.01 212.83125 212.687 943.3333333333334 1402 75 29893.875
935 213.35 213.10375 212.85700000000003 701.3333333333334 200 75 29919.375
936 213.27 213.22500000000002 212.98700000000002 600.6666666666666 200 75 29913.375
937 213.41 213.36 213.149 300.0 500 100 29923.875
938 213.54 213.44 213.316 366.6666666666667 400 125 29936.875
939 213.57 213.52249999999998 213.42800000000003 398.3333333333333 295 125 29940.625
940 213.43 213.4925 213.44400000000002 465.0 700 150 29923.125
941 213.55 213.525 213.5 451.0 358 0 29941.125
942 213.28 213.385 213.47400000000002 533.3333333333334 542 0 29941.125
943 213.41 213.41250000000002 213.44800000000004 685.0 1155 25 29941.125
944 213.17 213.2575 213.36800000000005 665.6666666666666 300 0 29935.125
945 213.49 213.39 213.38000000000002 1076.3333333333333 1774 25 29935.125
946 213.63 213.48 213.39600000000002 791.3333333333334 300 25 29938.625
947 213.945 213.7525 213.529 992.3333333333334 903 25 29946.5
948 213.68 213.73375 213.58299999999997 801.0 1200 50 29939.875
949 213.67 213.74124999999998 213.68300000000002 801.0 300 0 29939.375
950 213.67 213.6725 213.71900000000002 742.3333333333334 727 0 29939.375
951 213.47 213.57 213.687 619.0 830 0 29939.375
952 213.47 213.57 213.687 619.0 830 0 29939.375
953 213.5 213.535 213.598 1025.6666666666667 1520 0 29939.375
954 213.48 213.48250000000002 213.55800000000002 890.6666666666666 322 0 29939.375
955 213.46 213.47500000000002 213.516 835.6666666666666 665 0 29939.375
956 213.58 213.525 213.49800000000002 664.3333333333334 1006 25 29939.375
957 213.62 213.57 213.52800000000002 1133.3333333333333 1729 50 29940.375
958 213.59 213.59500000000003 213.54600000000005 1474.6666666666667 1689 75 29938.875
959 213.79 213.6975 213.60800000000003 2691.3333333333335 4656 100 29953.875
