time-hour stock-price avg-price-5-min number-of-stocks portfolio-value 570 222.73 218.34599999999998 0 30000.0
571 221.625 219.20299999999997 0 30000.0
572 221.03 219.925 0 30000.0
573 219.9 220.46700000000004 25 30000.0
574 219.96 221.04900000000004 50 30001.5
575 221.19 220.74100000000004 0 30063.0
576 221.27 220.67000000000002 0 30063.0
577 222.15 220.894 0 30063.0
578 221.81 221.276 0 30063.0
579 222.65 221.81400000000002 0 30063.0
580 221.65 221.90600000000003 25 30063.0
581 221.91 222.03400000000002 50 30069.5
582 222.235 222.05100000000002 0 30085.75
583 221.4 221.96900000000002 25 30085.75
584 220.7 221.579 50 30068.25
585 220.21 221.29100000000003 75 30043.75
586 220.52 221.01300000000003 100 30067.0
587 218.63 220.292 125 29878.0
588 218.89 219.79 150 29910.5
589 218.16 219.282 175 29801.0
590 217.905 218.82100000000003 200 29756.375
591 218.625 218.44199999999998 0 29900.375
592 218.38 218.392 25 29900.375
593 217.99 218.21200000000005 50 29890.625
594 217.39 218.05800000000005 75 29860.625
595 217.1 217.89700000000005 100 29838.875
596 216.76 217.52400000000003 125 29804.875
597 216.53 217.15400000000002 150 29776.125
598 216.13 216.782 175 29716.125
599 216.05 216.514 200 29702.125
600 216.38 216.37000000000003 0 29768.125
601 216.32 216.28200000000004 0 29768.125
602 217.57 216.49000000000004 0 29768.125
603 217.73 216.81000000000003 0 29768.125
604 217.28 217.05599999999998 0 29768.125
605 217.65 217.31000000000003 0 29768.125
606 217.41 217.52800000000002 25 29768.125
607 217.5 217.514 50 29770.375
608 216.51 217.27 75 29720.875
609 216.36 217.086 100 29709.625
610 216.32 216.82 125 29705.625
611 216.35 216.60800000000003 150 29709.375
612 216.46 216.40000000000003 0 29725.875
613 217.24 216.54600000000002 0 29725.875
614 217.09 216.69200000000004 0 29725.875
615 216.09 216.64600000000002 25 29725.875
616 216.29 216.63400000000004 50 29730.875
617 216.47 216.63600000000002 75 29739.875
618 215.74 216.336 100 29685.125
619 214.97 215.912 125 29608.125
620 214.64 215.622 150 29566.874999999996
621 214.425 215.24900000000002 175 29534.625
622 213.94 214.743 200 29449.75
623 214.4 214.47500000000002 225 29541.75
624 212.74 214.029 250 29168.25
625 213.24 213.749 275 29293.25
626 212.7 213.404 300 29144.75
627 212.32 213.07999999999998 325 29030.75
628 212.08 212.61599999999999 350 28952.75
629 212.71 212.61 0 29173.25
630 211.52 212.266 25 29173.25
631 211.38 212.002 50 29169.75
632 211.51 211.84 75 29176.25
633 210.96 211.616 100 29135.0
634 211.34 211.342 125 29173.0
635 211.66 211.37 0 29213.0
636 211.45 211.384 0 29213.0
637 211.88 211.458 0 29213.0
638 211.545 211.575 25 29213.0
639 212.95 211.89700000000002 0 29248.125
640 211.94 211.953 25 29248.125
641 212.29 212.121 0 29256.875
642 211.26 211.997 25 29256.875
643 211.5 211.98800000000003 50 29262.875
644 211.41 211.68000000000004 75 29258.375
645 212.36 211.76400000000004 0 29329.625
646 212.66 211.83800000000002 0 29329.625
647 213.13 212.21200000000002 0 29329.625
648 213.4 212.59200000000004 0 29329.625
649 212.78 212.86600000000004 25 29329.625
650 213.4 213.07400000000004 0 29345.125
651 213.63 213.26800000000003 0 29345.125
652 213.555 213.35300000000004 0 29345.125
653 213.67 213.40700000000004 0 29345.125
654 213.375 213.52600000000004 25 29345.125
655 213.08 213.46200000000005 50 29337.75
656 213.29 213.394 75 29348.25
657 212.33 213.149 100 29276.25
658 212.44 212.90300000000002 125 29287.25
659 212.4 212.70800000000003 150 29282.25
660 212.75 212.64200000000002 0 29334.75
661 213.11 212.60600000000002 0 29334.75
662 213.32 212.80400000000003 0 29334.75
663 213.66 213.04800000000003 0 29334.75
664 213.785 213.32500000000002 0 29334.75
665 213.69 213.513 0 29334.75
666 213.35 213.56100000000004 25 29334.75
667 213.28 213.553 50 29333.0
668 213.03 213.42700000000002 75 29320.5
669 213.12 213.294 100 29327.25
670 213.69 213.294 0 29384.25
671 213.5 213.324 0 29384.25
672 213.48 213.364 0 29384.25
673 213.48 213.364 0 29384.25
674 213 213.358 25 29384.25
675 212.86 213.306 50 29380.75
676 212.84 213.13600000000002 75 29379.75
677 212.84 213.13600000000002 100 29379.75
678 213.005 213.037 125 29396.25
679 213.005 213.037 150 29396.25
680 212.25 212.791 175 29283.0
681 212.15 212.62100000000004 200 29265.5
682 212.15 212.47900000000004 225 29265.5
683 212.03 212.317 250 29238.5
684 212.11 212.138 275 29258.500000000007
685 212.11 212.138 300 29258.500000000007
686 212.11 212.138 325 29258.5
687 212.19 212.12600000000003 0 29284.5
688 211.43 211.98200000000003 25 29284.5
689 211.81 211.91400000000002 50 29294.0
690 211.55 211.818 75 29281.0
691 211.33 211.66200000000003 100 29264.5
692 211.39 211.50199999999998 125 29270.5
693 211.41 211.49800000000002 150 29273.0
694 211.31 211.39800000000002 175 29258.0
695 211.32 211.35200000000003 200 29259.75
696 211 211.286 225 29195.75
697 210.41 211.09000000000003 250 29063.0
698 210.79 210.966 275 29158.0
699 211.13 210.93 0 29251.5
700 211.38 210.942 0 29251.5
701 211.46 211.03400000000002 0 29251.5
702 211.4 211.232 0 29251.5
703 211.81 211.436 0 29251.5
704 211.51 211.512 25 29251.5
705 211.48 211.53199999999998 50 29250.75
706 211.48 211.53199999999998 75 29250.75
707 211.48 211.53199999999998 100 29250.75
708 212.34 211.70799999999997 0 29336.75
709 211.88 211.804 0 29336.75
710 211.94 211.83 0 29336.75
711 211.76 211.88000000000002 25 29336.75
712 211.78 211.94 50 29337.25
713 211.58 211.788 75 29327.25
714 211.64 211.74 100 29331.75
715 212 211.752 0 29367.75
716 211.79 211.758 0 29367.75
717 211.8 211.76200000000003 0 29367.75
718 211.97 211.84000000000003 0 29367.75
719 211.79 211.87000000000003 25 29367.75
720 211.69 211.80800000000002 50 29365.25
721 211.555 211.76100000000002 75 29358.5
722 211.31 211.663 100 29340.125
723 211.46 211.561 125 29355.125
724 211.37 211.477 150 29343.875
725 211.37 211.477 175 29343.875
726 211.49 211.437 0 29364.875
727 211.59 211.44400000000002 0 29364.875
728 211.99 211.58 0 29364.875
729 212.19 211.726 0 29364.875
730 212.01 211.85399999999998 0 29364.875
731 212.1 211.976 0 29364.875
732 212.66 212.19000000000003 0 29364.875
733 212.68 212.328 0 29364.875
734 212.46 212.382 0 29364.875
735 212.49 212.478 0 29364.875
736 212.89 212.63600000000002 0 29364.875
737 212.87 212.67800000000003 0 29364.875
738 213.18 212.77800000000002 0 29364.875
739 213.28 212.942 0 29364.875
740 213.23 213.09000000000003 0 29364.875
741 213.21 213.154 0 29364.875
742 213.5 213.28000000000003 0 29364.875
743 213.47 213.33800000000002 0 29364.875
744 213.74 213.43 0 29364.875
745 213.63 213.51 0 29364.875
746 213.75 213.618 0 29364.875
747 213.83 213.68400000000003 0 29364.875
748 213.5 213.69 25 29364.875
749 213.68 213.678 0 29369.375
750 213.28 213.608 25 29369.375
751 213.11 213.48000000000002 50 29365.125
752 212.97 213.30800000000002 75 29358.125
753 212.93 213.19400000000002 100 29355.125
754 213.24 213.10600000000002 0 29386.125
755 213.04 213.05800000000002 25 29386.125
756 212.9 213.01600000000002 50 29382.625
757 212.79 212.98000000000002 75 29377.125
758 212.94 212.982 100 29388.375
759 213.05 212.94400000000002 0 29399.375
760 213.17 212.97000000000003 0 29399.375
761 213.33 213.05599999999998 0 29399.375
762 213.3 213.15800000000002 0 29399.375
763 213.41 213.252 0 29399.375
764 213.41 213.252 0 29399.375
765 213.66 213.374 0 29399.375
766 213.74 213.488 0 29399.375
767 214.05 213.632 0 29399.375
768 214.1 213.792 0 29399.375
769 214.405 213.991 0 29399.375
770 214.8 214.21900000000002 0 29399.375
771 214.64 214.399 0 29399.375
772 214.66 214.52100000000002 0 29399.375
773 214.9 214.68100000000004 0 29399.375
774 214.61 214.722 25 29399.375
775 214.54 214.67000000000002 50 29397.625
776 214.55 214.65200000000002 75 29398.125
777 214.55 214.65200000000002 100 29398.125
778 214.43 214.606 125 29386.125
779 214.11 214.448 150 29346.125000000004
780 214.23 214.372 175 29364.125
781 214 214.264 200 29323.875
782 213.86 214.12600000000003 225 29295.875
783 213.73 213.98600000000002 250 29266.625
784 213.81 213.92600000000002 275 29286.625
785 213.81 213.92600000000002 300 29286.625
786 214 213.88000000000002 0 29343.625
787 214.39 213.95800000000003 0 29343.625
788 214.42 214.07000000000005 0 29343.625
789 214.13 214.15 25 29343.625
790 213.85 214.15800000000002 50 29336.625
791 213 213.958 75 29294.125
792 213.05 213.69000000000003 100 29297.875
793 213.21 213.448 125 29313.875
794 213.21 213.448 150 29313.875
795 212.89 213.20000000000002 175 29265.875
796 212.86 213.002 200 29260.625
797 212.95 212.99200000000002 225 29278.625
798 213.03 212.988 0 29296.625
799 212.92 212.93 25 29296.625
800 213.04 212.96 0 29299.625
801 213.04 212.96 0 29299.625
802 212.89 212.966 25 29299.625
803 213.03 212.982 0 29303.125
804 213.03 212.982 0 29303.125
805 213.09 212.994 0 29303.125
806 213.26 213.062 0 29303.125
807 213.26 213.062 0 29303.125
808 213.2 213.094 0 29303.125
809 213.35 213.18600000000004 0 29303.125
810 213.29 213.238 0 29303.125
811 212.95 213.21 25 29303.125
812 212.95 213.21 50 29303.125
813 213 213.158 75 29305.625
814 212.89 213.096 100 29297.375
815 212.55 212.93600000000004 125 29263.375
816 212.56 212.79000000000002 150 29264.625
817 212.43 212.68599999999998 175 29245.125
818 212.25 212.536 200 29213.625
819 212.5 212.45800000000003 0 29263.625
820 212.22 212.392 25 29263.625
821 212.12 212.304 50 29261.125
822 212.06 212.23000000000002 75 29258.125
823 211.91 212.16200000000003 100 29246.875
824 211.855 212.03300000000004 125 29241.375
825 212.13 212.01500000000004 0 29275.75
826 212.3 212.05100000000002 0 29275.75
827 212.045 212.048 25 29275.75
828 211.78 212.022 50 29269.125
829 211.53 211.95700000000002 75 29256.625
830 211.44 211.81900000000002 100 29249.875
831 211.63 211.685 125 29268.875
832 211.78 211.632 0 29287.625
833 211.65 211.60600000000002 0 29287.625
834 211.815 211.663 0 29287.625
835 211.815 211.663 0 29287.625
836 211.835 211.74200000000002 0 29287.625
837 212.23 211.862 0 29287.625
838 212.15 211.93600000000004 0 29287.625
839 212.36 212.078 0 29287.625
840 212.17 212.14900000000003 0 29287.625
841 212.28 212.238 0 29287.625
842 212.28 212.238 0 29287.625
843 211.94 212.18000000000004 25 29287.625
844 211.71 212.092 50 29281.875
845 211.42 211.904 75 29267.375
846 211.42 211.904 100 29267.375
847 211.54 211.778 125 29279.375
848 211.28 211.578 150 29246.875
849 210.83 211.356 175 29179.375
850 210.83 211.18 200 29179.375
851 210.96 211.088 225 29205.375
852 210.87 210.954 250 29185.125
853 210.87 210.954 275 29185.125
854 210.93 210.88400000000004 0 29201.625
855 210.92 210.90200000000002 0 29201.625
856 211.12 210.96000000000004 0 29201.625
857 210.85 210.93800000000005 25 29201.625
858 210.995 210.96300000000002 0 29205.25
859 210.99 210.97500000000002 0 29205.25
860 210.73 210.937 25 29205.25
861 209.86 210.68500000000003 50 29183.5
862 209.98 210.51100000000005 75 29189.5
863 209.31 210.174 100 29139.25
864 209.16 209.808 125 29124.25
865 209.32 209.526 150 29144.25
866 209.89 209.532 0 29229.749999999996
867 209.84 209.50400000000002 0 29229.749999999996
868 209.87 209.61599999999999 0 29229.749999999996
869 209.87 209.61599999999999 0 29229.749999999996
870 209.83 209.75000000000003 0 29229.749999999996
871 209.75 209.836 25 29229.749999999996
872 209.75 209.836 50 29229.749999999996
873 209.47 209.752 75 29215.749999999996
874 209.37 209.65800000000002 100 29208.249999999996
875 209.37 209.65800000000002 125 29208.249999999996
876 209.47 209.57800000000003 150 29220.749999999996
877 209.57 209.526 0 29235.749999999996
878 209.72 209.52000000000004 0 29235.749999999996
879 209.9 209.606 0 29235.749999999996
880 209.9 209.606 0 29235.749999999996
881 209.89 209.71000000000004 0 29235.749999999996
882 209.95 209.806 0 29235.749999999996
883 209.95 209.88200000000003 0 29235.749999999996
884 209.66 209.87 25 29235.749999999996
885 210.55 210.0 0 29257.999999999996
886 210.23 210.068 0 29257.999999999996
887 210.23 210.068 0 29257.999999999996
888 210.38 210.154 0 29257.999999999996
889 210.245 210.213 0 29257.999999999996
890 210.39 210.359 0 29257.999999999996
891 210.71 210.39100000000002 0 29257.999999999996
892 210.99 210.543 0 29257.999999999996
893 211.09 210.685 0 29257.999999999996
894 210.87 210.81000000000003 0 29257.999999999996
895 210.87 210.81000000000003 0 29257.999999999996
896 211.11 210.95400000000004 0 29257.999999999996
897 211.28 211.068 0 29257.999999999996
898 211.17 211.104 0 29257.999999999996
899 210.89 211.06400000000002 25 29257.999999999996
900 210.71 211.02800000000002 50 29253.499999999996
901 210.71 211.02800000000002 75 29253.499999999996
902 210.71 211.032 100 29253.499999999996
903 210.57 210.924 125 29239.499999999996
904 210.2 210.708 150 29193.249999999996
905 210.26 210.52599999999998 175 29202.249999999996
906 210.2 210.38799999999998 200 29191.749999999996
907 210.18 210.28199999999998 225 29187.749999999996
908 210.16 210.20000000000002 250 29183.249999999996
909 210.3 210.22 0 29218.249999999996
910 210.97 210.36200000000002 0 29218.249999999996
911 210.95 210.512 0 29218.249999999996
912 210.89 210.654 0 29218.249999999996
913 210.8 210.782 0 29218.249999999996
914 210.71 210.864 25 29218.249999999996
915 210.31 210.732 50 29208.249999999996
916 210.66 210.674 75 29225.749999999996
917 210.66 210.674 100 29225.749999999996
918 210.61 210.61800000000002 125 29220.749999999996
919 210.53 210.56400000000002 150 29210.749999999996
920 210.53 210.56400000000002 175 29210.749999999996
921 210.39 210.50000000000003 200 29186.249999999996
922 210.39 210.50000000000003 225 29186.249999999996
923 210.39 210.50000000000003 250 29186.249999999996
924 210.2 210.478 275 29138.749999999996
925 210.21 210.388 300 29141.5
926 209.92 210.25 325 29054.5
927 209.58 210.06 350 28944.0
928 209.61 209.904 375 28954.5
929 209.675 209.799 400 28978.875
930 209.49 209.655 425 28904.875
931 209.56 209.58300000000003 450 28934.625
932 209.89 209.645 0 29083.125
933 210.03 209.729 0 29083.125
934 209.835 209.76100000000002 0 29083.125
935 209.93 209.84900000000005 0 29083.125
936 210.09 209.955 0 29083.125
937 209.96 209.96900000000005 25 29083.125
938 209.77 209.91700000000003 50 29078.375
939 209.92 209.93400000000003 75 29085.875
940 209.93 209.93400000000003 100 29086.625
941 209.93 209.93400000000003 125 29086.625
942 209.75 209.86599999999999 150 29064.125
943 209.25 209.72400000000002 175 28989.125
944 209.25 209.72400000000002 200 28989.125
945 209.84 209.738 0 29107.125
946 209.68 209.69000000000003 25 29107.125
947 209.87 209.678 0 29111.875
948 209.995 209.727 0 29111.875
949 209.93 209.863 0 29111.875
950 209.85 209.86500000000004 25 29111.875
951 209.54 209.83700000000005 50 29104.125
952 209.54 209.83700000000005 75 29104.125
953 209.54 209.77100000000002 100 29104.125
954 209.64 209.7 125 29114.125
955 209.76 209.666 0 29129.125
956 209.38 209.572 25 29129.125
957 209.38 209.572 50 29129.125
958 209.15 209.494 75 29117.625
959 209.3 209.44600000000003 100 29128.875
