time-hour stock-price avg-price-5-min number-of-stocks portfolio-value 
570 215.22 214.94700000000003 0 30000.0
571 215.27 215.14499999999998 215.01500000000001 2305.3333333333335 601 0 30000.0
572 215.62 215.4325 215.16400000000002 569.0 300 0 30000.0
573 215.055 215.25 215.197 400.3333333333333 300 25 30000.0
574 214.77 215.05375 215.187 333.3333333333333 400 25 29992.875
575 215.24 215.07625000000002 215.191 400.0 500 50 30004.625
576 215.76 215.3825 215.289 502.0 606 0 30030.625
577 215.6 215.55 215.28500000000003 436.3333333333333 203 0 30030.625
578 216.17 215.925 215.508 512.3333333333334 728 0 30030.625
579 215.95 215.9175 215.744 377.0 200 0 30030.625
580 216.63 216.345 216.022 416.3333333333333 321 0 30030.625
581 216.7 216.495 216.21 768.6666666666666 1785 0 30030.625
582 217.3 216.98250000000002 216.55 737.0 105 0 30030.625
583 217.61 217.305 216.83800000000002 1141.6666666666667 1535 0 30030.625
584 218.15 217.8025 217.27800000000002 764.0 652 0 30030.625
585 218.05 217.965 217.562 824.3333333333334 286 0 30030.625
586 218.3 218.20000000000002 217.88200000000003 637.3333333333334 974 0 30030.625
587 219.07 218.6225 218.23600000000002 597.6666666666666 533 0 30030.625
588 219.11 218.8975 218.536 569.0 200 0 30030.625
589 218.63 218.86 218.632 861.6666666666666 1852 0 30030.625
590 218.635 218.7525 218.749 884.3333333333334 601 25 30030.625
591 219.07 218.85125 218.903 987.3333333333334 509 50 30041.5
592 219.15 219.00125 218.919 684.0 942 0 30045.5
593 219.44 219.275 218.985 674.0 571 0 30045.5
594 219.78 219.53750000000002 219.21500000000003 820.0 947 0 30045.5
595 220.33 219.97000000000003 219.554 1108.3333333333333 1807 0 30045.5
596 220.12 220.0875 219.76400000000004 1865.3333333333333 2842 0 30045.5
597 220.09 220.15750000000003 219.95200000000003 1837.0 862 0 30045.5
598 219.74 219.9225 220.012 1870.0 1906 25 30045.5
599 219.55 219.73250000000002 219.966 1186.3333333333333 791 50 30040.75
600 219.03 219.3375 219.70600000000002 1910.6666666666667 3035 75 30014.75
601 219 219.145 219.48200000000003 1515.6666666666667 721 100 30012.5
602 219.65 219.33249999999998 219.39400000000003 1668.3333333333333 1249 125 30077.5
603 219.12 219.2225 219.27000000000004 1222.0 1696 0 30011.25
604 219.45 219.4175 219.25 1349.0 1102 0 30011.25
605 220 219.64249999999998 219.44400000000002 1051.3333333333333 356 25 30011.25
606 220.49 220.10750000000002 219.74200000000002 688.0 606 25 30023.5
607 220.73 220.4875 219.95800000000003 476.0 466 25 30029.5
608 220.76 220.685 220.286 624.0 800 0 30030.25
609 220.87 220.8075 220.57000000000002 1142.6666666666667 2162 25 30030.25
610 220.78 220.7975 220.72600000000003 1643.6666666666667 1969 0 30028.0
611 220.76 220.7925 220.78000000000003 1610.3333333333333 700 25 30028.0
612 220.69 220.73 220.77200000000002 1089.6666666666667 600 50 30026.25
613 220.85 220.7875 220.79000000000002 700.0 800 0 30034.25
614 221.16 220.96499999999997 220.84800000000004 713.0 739 0 30034.25
615 221.63 221.3175 221.018 822.3333333333334 928 0 30034.25
616 221.04 221.21749999999997 221.074 689.0 400 0 30034.25
617 220.71 221.02249999999998 221.078 643.3333333333334 602 0 30034.25
618 220.06 220.4675 220.92 807.6666666666666 1421 25 30034.25
619 220.46 220.4225 220.78 807.6666666666666 400 50 30044.25
620 220.15 220.20499999999998 220.484 609.6666666666666 8 75 30028.75
621 220.49 220.3975 220.37400000000002 437.6666666666667 905 0 30054.25
622 220.3 220.31 220.29200000000003 405.0 302 25 30054.25
623 220.61 220.5025 220.40200000000004 420.6666666666667 55 25 30062.0
624 220.7 220.5775 220.45000000000005 170.0 153 50 30064.25
625 220.53 220.5925 220.526 737.6666666666666 2005 50 30055.75
626 220.57 220.5925 220.542 919.3333333333334 600 75 30057.75
627 220.34 220.445 220.55 975.6666666666666 322 100 30040.5
628 220.68 220.5675 220.56400000000002 507.3333333333333 600 0 30074.5
629 220.515 220.5125 220.52700000000002 540.3333333333334 699 0 30074.5
630 220.4 220.49875 220.50100000000003 606.3333333333334 520 0 30074.5
631 220.16 220.30874999999997 220.41900000000004 443.0 110 25 30074.5
632 220.87 220.575 220.52500000000003 343.3333333333333 400 0 30092.25
633 221.21 220.8625 220.63100000000003 432.3333333333333 787 0 30092.25
634 221.165 221.10250000000002 220.76100000000002 462.3333333333333 200 0 30092.25
635 221.47 221.32875 220.97500000000005 542.0 639 0 30092.25
636 221.5 221.40875 221.24300000000002 481.3333333333333 605 0 30092.25
637 221.74 221.6125 221.41700000000003 441.3333333333333 80 0 30092.25
638 221.93 221.775 221.56100000000004 313.6666666666667 256 0 30092.25
639 222.18 222.0075 221.764 224.33333333333334 337 0 30092.25
640 222.59 222.3225 221.98800000000003 642.0 1333 0 30092.25
641 222.84 222.6125 222.25600000000003 723.3333333333334 500 0 30092.25
642 222.83 222.7725 222.47400000000002 911.0 900 0 30092.25
643 222.96 222.8975 222.68000000000004 900.0 1300 0 30092.25
644 223.61 223.2525 222.96600000000004 1153.3333333333333 1260 0 30092.25
645 223.39 223.3375 223.12600000000003 2290.3333333333335 4311 0 30092.25
646 223.98 223.74 223.354 2333.6666666666665 1430 0 30092.25
647 223.6 223.64249999999998 223.508 2829.0 2746 25 30092.25
648 224.37 224.07999999999998 223.79 1651.6666666666667 779 25 30111.5
649 224.22 224.10250000000002 223.91199999999998 2164.3333333333335 2968 0 30107.75
650 224.79 224.54250000000002 224.19199999999998 1676.3333333333333 1282 0 30107.75
651 225.13 224.8175 224.422 2154.0 2212 0 30107.75
652 224.47 224.71499999999997 224.596 1789.0 1873 0 30107.75
653 224.75 224.775 224.67200000000003 1986.0 1873 0 30107.75
654 224 224.305 224.62800000000004 1812.0 1690 25 30107.75
655 223.61 223.9925 224.39200000000002 1815.6666666666667 1884 50 30098.0
656 224.18 223.9925 224.20200000000003 1959.6666666666667 2305 75 30126.5
657 224.26 224.0775 224.16000000000003 1499.6666666666667 310 75 30132.5
658 223.93 224.075 223.99600000000004 942.6666666666666 213 75 30107.75
659 224.24 224.16750000000002 224.04400000000004 497.0 968 0 30131.0
660 224.77 224.4275 224.27600000000004 528.3333333333334 404 25 30131.0
661 224.95 224.7275 224.43000000000004 888.3333333333334 1293 0 30135.5
662 224.83 224.84500000000003 224.54400000000004 1533.6666666666667 2904 0 30135.5
663 224.67 224.77999999999997 224.69200000000004 2998.3333333333335 4798 0 30135.5
664 224.82 224.785 224.80800000000002 6134.666666666667 10702 25 30135.5
665 224.53 224.6375 224.76000000000002 5551.333333333333 1154 50 30128.25
666 223.925 224.3 224.555 4238.666666666667 860 50 30098.0
667 224.28 224.25375000000003 224.445 756.0 254 75 30115.75
668 224.33 224.21625 224.377 838.6666666666666 1402 0 30119.5
669 224.53 224.41750000000002 224.31900000000002 693.3333333333334 424 0 30119.5
670 224.82 224.625 224.377 1150.6666666666667 1626 0 30119.5
671 224.88 224.7775 224.568 717.6666666666666 103 0 30119.5
672 224.92 224.885 224.69600000000003 743.0 500 0 30119.5
673 224.95 224.92499999999998 224.82000000000002 434.3333333333333 700 0 30119.5
674 225.57 225.2525 225.02800000000002 903.6666666666666 1511 0 30119.5
675 225 225.13 225.06400000000002 1003.6666666666666 800 0 30119.5
676 224.72 225.0025 225.03200000000004 973.0 608 0 30119.5
677 224.99 224.925 225.046 602.6666666666666 400 25 30119.5
678 225.39 225.1225 225.134 436.0 300 25 30129.5
679 225.49 225.34 225.11800000000002 447.3333333333333 642 0 30132.0
680 225.39 225.415 225.19600000000003 381.3333333333333 202 0 30132.0
681 225.22 225.32999999999998 225.29600000000002 491.0 629 0 30132.0
682 225.22 225.32999999999998 225.29600000000002 491.0 629 0 30132.0
683 225.09 225.1975 225.31600000000003 310.3333333333333 100 0 30132.0
684 225.35 225.2525 225.30800000000002 244.0 3 0 30132.0
685 225.27 225.245 225.264 287.6666666666667 760 0 30132.0
686 225.72 225.515 225.33 502.6666666666667 745 0 30132.0
687 225.91 225.7025 225.46800000000002 821.6666666666666 960 0 30132.0
688 226.11 225.9625 225.672 871.6666666666666 910 0 30132.0
689 226.25 226.13 225.852 790.6666666666666 502 0 30132.0
690 225.93 226.055 225.984 471.3333333333333 2 0 30132.0
691 225.61 225.85000000000002 225.96200000000002 416.0 744 25 30132.0
692 225.3 225.53500000000003 225.84000000000003 282.0 100 50 30124.25
693 226.29 225.8725 225.87600000000003 393.0 335 75 30173.75
694 226.24 226.0175 225.87400000000002 233.33333333333334 265 0 30170.0
695 225.99 226.1275 225.88600000000005 337.3333333333333 412 0 30170.0
696 225.53 225.8225 225.87000000000003 632.3333333333334 1220 25 30170.0
697 225.91 225.83499999999998 225.99200000000002 772.6666666666666 686 50 30179.5
698 225.81 225.765 225.89600000000004 918.6666666666666 850 50 30174.5
699 225.35 225.60500000000002 225.718 617.3333333333334 316 50 30151.5
700 225.65 225.615 225.65 555.3333333333334 500 75 30166.5
701 225.5 225.5 225.644 411.3333333333333 418 100 30155.25
702 225.58 225.5775 225.578 306.3333333333333 1 100 30163.25
703 225.47 225.505 225.51000000000002 211.33333333333334 215 100 30152.25
704 225.2 225.3625 225.48 397.0 975 125 30125.25
705 224.56 224.9475 225.262 764.0 1102 150 30045.25
706 224.58 224.73000000000002 225.078 759.0 200 175 30048.25
707 224.51 224.54 224.86399999999998 650.6666666666666 650 200 30036.0
708 224.775 224.66000000000003 224.725 350.0 200 225 30089.0
709 224.76 224.70125 224.63700000000003 383.3333333333333 300 225 30085.625
710 224.28 224.52375 224.58100000000002 433.3333333333333 800 250 29977.625
711 223.66 224.08999999999997 224.397 1251.0 2653 275 29822.625
712 223.39 223.68 224.173 1484.3333333333333 1000 300 29748.375
713 223.29 223.40749999999997 223.87599999999998 1383.0 496 325 29718.375
714 223.11 223.225 223.546 565.3333333333334 200 350 29659.875
715 222.81 223.005 223.252 298.6666666666667 200 350 29554.875
716 223.38 223.17000000000002 223.19600000000003 241.0 323 0 29754.375
717 223.39 223.2425 223.19600000000003 437.6666666666667 790 0 29754.375
718 223.01 223.1975 223.14000000000001 826.0 1365 0 29754.375
719 223.1 223.14999999999998 223.138 757.3333333333334 117 25 29754.375
720 223.79 223.4225 223.33400000000003 560.6666666666666 200 50 29771.625
721 223.7 223.5725 223.39800000000002 244.0 415 0 29767.125
722 223.7 223.7225 223.46000000000004 206.0 3 0 29767.125
723 224.14 223.92 223.68600000000004 706.3333333333334 1701 0 29767.125
724 224.075 223.9975 223.881 568.6666666666666 2 0 29767.125
725 224.24 224.17374999999998 223.971 569.3333333333334 5 0 29767.125
726 224.04 224.09875 224.03900000000002 35.666666666666664 100 0 29767.125
727 224.48 224.31 224.195 118.33333333333333 250 0 29767.125
728 224.64 224.45 224.29500000000002 335.0 655 0 29767.125
729 224.58 224.57 224.39600000000002 468.3333333333333 500 0 29767.125
730 224.32 224.465 224.412 618.3333333333334 700 25 29767.125
731 224.7 224.575 224.544 467.3333333333333 202 50 29776.625
732 224.31 224.41 224.51 388.6666666666667 264 75 29757.125
733 224.495 224.5 224.481 322.0 500 0 29771.0
734 224.655 224.52875 224.496 421.3333333333333 500 0 29771.0
735 224.7 224.6375 224.572 433.3333333333333 300 0 29771.0
736 224.32 224.49875 224.496 269.3333333333333 8 25 29771.0
737 224.435 224.4725 224.52100000000002 136.0 100 50 29773.875
738 224.435 224.4725 224.52100000000002 136.0 100 75 29773.875
739 224.8 224.58875 224.58200000000002 436.0 1200 0 29801.25
740 224.38 224.49875 224.52700000000002 533.3333333333334 300 0 29801.25
741 224.44 224.515 224.47500000000002 518.0 54 0 29801.25
742 224.44 224.515 224.47500000000002 518.0 54 0 29801.25
743 224.13 224.26999999999998 224.437 218.0 300 25 29801.25
744 224.44 224.3625 224.43800000000002 220.33333333333334 307 50 29809.0
745 224.44 224.3625 224.43800000000002 220.33333333333334 307 75 29809.0
746 224.4 224.3425 224.358 269.0 200 75 29806.0
747 224.3 224.36 224.342 204.33333333333334 106 75 29798.5
748 224.14 224.245 224.282 221.0 357 75 29786.5
749 223.73 223.975 224.20200000000003 333.3333333333333 537 100 29755.75
750 223.73 223.975 224.20200000000003 333.3333333333333 537 125 29755.75
751 223.77 223.85250000000002 224.06800000000004 332.0 102 150 29760.75
752 223.77 223.85250000000002 224.06800000000004 332.0 102 175 29760.75
753 224.17 223.95999999999998 224.02200000000005 307.3333333333333 283 200 29830.75
754 223.85 223.91 223.93200000000004 161.66666666666666 100 200 29766.75
755 223.95 223.98 223.894 204.33333333333334 230 225 29786.75
756 223.84 223.87 223.916 144.0 102 225 29762.0
757 223.93 223.9125 223.948 139.66666666666666 87 250 29782.25
758 224.16 224.02249999999998 223.946 229.66666666666666 500 0 29839.75
759 224.12 224.0825 224.0 264.3333333333333 206 0 29839.75
760 224.12 224.0825 224.0 264.3333333333333 206 0 29839.75
761 224.12 224.0825 224.0 264.3333333333333 206 0 29839.75
762 224.07 224.105 224.024 302.0 200 25 29839.75
763 224.07 224.105 224.024 302.0 200 50 29839.75
764 224.05 224.0725 224.066 172.0 110 75 29838.75
765 224.05 224.0725 224.066 172.0 110 100 29838.75
766 224 224.03 224.08 203.33333333333334 300 125 29833.75
767 223.65 223.8375 223.978 270.0 400 150 29790.0
768 223.33 223.5775 223.82 266.6666666666667 100 175 29742.0
769 223.39 223.44 223.68400000000003 246.0 238 200 29752.5
770 223.55 223.455 223.584 222.66666666666666 330 0 29784.5
771 223.72 223.595 223.52800000000002 262.6666666666667 220 0 29784.5
772 223.53 223.58249999999998 223.50400000000002 278.0 284 0 29784.5
773 223.87 223.7475 223.61200000000002 369.0 603 0 29784.5
774 223.87 223.7475 223.61200000000002 369.0 603 0 29784.5
775 223.56 223.63 223.64600000000002 395.6666666666667 300 0 29784.5
776 223.82 223.76749999999998 223.7 401.6666666666667 302 0 29784.5
777 223.71 223.7 223.69800000000004 234.0 100 0 29784.5
778 223.55 223.6575 223.70200000000003 167.33333333333334 100 0 29784.5
779 223.8 223.715 223.68800000000005 166.66666666666666 300 0 29784.5
780 223.8 223.715 223.68800000000005 166.66666666666666 300 0 29784.5
781 223.83 223.7525 223.74200000000002 333.0 599 0 29784.5
782 224.43 224.1225 223.864 367.3333333333333 203 0 29784.5
783 224.72 224.425 224.06600000000003 300.6666666666667 100 0 29784.5
784 224.58 224.5775 224.272 305.0 612 0 29784.5
785 224.63 224.64 224.438 405.0 503 25 29784.5
786 224.59 224.59750000000003 224.59000000000003 469.0 292 50 29783.5
787 224.8 224.705 224.66400000000002 471.6666666666667 620 0 29794.0
788 224.8 224.705 224.66400000000002 471.6666666666667 620 0 29794.0
789 224.54 224.6175 224.62800000000004 310.6666666666667 20 0 29794.0
790 225.23 224.95 224.75800000000004 537.3333333333334 972 0 29794.0
791 225.13 225.0075 224.858 448.3333333333333 353 0 29794.0
792 225.34 225.26 225.00800000000004 546.0 313 0 29794.0
793 225.53 225.3825 225.15400000000002 322.0 300 25 29794.0
794 225.55 225.4925 225.35600000000002 307.6666666666667 310 0 29794.5
795 225.69 225.615 225.44800000000004 370.0 500 25 29794.5
796 225.96 225.79000000000002 225.61400000000003 403.3333333333333 400 50 29801.25
797 225.89 225.8575 225.72400000000002 318.6666666666667 56 50 29797.75
798 225.89 225.8575 225.72400000000002 318.6666666666667 56 50 29797.75
799 225.855 225.89 225.78900000000002 218.66666666666666 200 75 29796.0
800 225.905 225.88875000000002 225.86 352.6666666666667 802 100 29799.75
801 225.905 225.88875000000002 225.86 352.6666666666667 802 125 29799.75
802 226.1 225.99 225.942 534.0 600 0 29824.125
803 226.165 226.08375 225.983 867.3333333333334 1200 25 29824.125
804 226.03 226.08125 226.01100000000002 1003.3333333333334 1210 0 29820.75
805 225.97 226.03375 226.03400000000005 820.6666666666666 52 0 29820.75
806 225.77 225.885 226.007 744.3333333333334 971 25 29820.75
807 225.77 225.885 226.007 744.3333333333334 971 50 29820.75
808 225.55 225.71 225.89700000000002 362.0 63 75 29809.75
809 225.65 225.65500000000003 225.794 379.6666666666667 105 100 29817.25
810 225.65 225.65500000000003 225.794 379.6666666666667 105 125 29817.25
811 225.14 225.37 225.616 156.0 300 125 29753.5
812 225.39 225.39249999999998 225.5 146.33333333333334 34 150 29784.75
813 225.63 225.4475 225.472 144.66666666666666 100 175 29820.75
814 225.52 225.515 225.466 97.66666666666667 159 0 29801.5
815 225.485 225.53 225.43300000000002 87.0 2 25 29801.5
816 225.485 225.53 225.43300000000002 87.0 2 50 29801.5
817 225.32 225.41125 225.46900000000002 253.66666666666666 600 50 29793.25
818 225.5 225.45125000000002 225.491 267.3333333333333 200 75 29802.25
819 225.52 225.465 225.46900000000002 333.3333333333333 200 100 29803.75
820 225.52 225.465 225.46900000000002 333.3333333333333 200 125 29803.75
821 225.79 225.64999999999998 225.52300000000002 200.0 200 125 29837.5
822 226.09 225.8725 225.644 173.33333333333334 120 125 29875.0
823 226.03 225.985 225.78600000000006 143.33333333333334 110 125 29867.5
824 225.93 225.995 225.87200000000004 110.0 100 125 29855.0
825 225.86 225.92000000000002 225.94 145.0 225 150 29846.25
826 225.845 225.87 225.95100000000002 141.66666666666666 100 175 29844.0
827 226.145 225.99875000000003 225.96200000000005 141.66666666666666 100 200 29896.5
828 225.955 225.97500000000002 225.94700000000003 100.0 100 200 29858.5
829 225.955 226.0025 225.95200000000003 166.66666666666666 300 225 29858.5
830 225.885 225.92000000000002 225.957 200.0 200 225 29842.75
831 225.97 225.945 225.98200000000003 375.3333333333333 626 250 29861.875
832 225.88 225.90375 225.92899999999997 342.0 200 275 29839.375
833 225.76 225.8425 225.89 308.6666666666667 100 275 29806.375
834 225.97 225.89499999999998 225.89300000000003 166.66666666666666 200 300 29864.125
835 226.02 225.9425 225.92000000000002 133.33333333333334 100 300 29879.125
836 226.25 226.1225 225.976 233.33333333333334 400 0 29948.125
837 226.22 226.1775 226.044 533.3333333333334 1100 0 29948.125
838 226.02 226.1275 226.09600000000003 616.0 348 0 29948.125
839 225.89 226.005 226.08 626.0 430 25 29948.125
840 226.175 226.065 226.11100000000002 278.6666666666667 58 50 29955.25
841 225.81 225.92125 226.02300000000002 198.0 106 50 29937.0
842 226.08 226.03625 225.99500000000003 141.0 259 75 29950.5
843 226.15 226.0475 226.02100000000002 255.0 400 0 29955.75
844 226.15 226.0475 226.02100000000002 255.0 400 0 29955.75
845 225.99 226.0525 226.04100000000003 220.66666666666666 3 0 29955.75
846 225.83 225.95 225.972 167.66666666666666 100 25 29955.75
847 226.03 225.97000000000003 226.01600000000002 126.33333333333333 276 50 29960.75
848 225.81 225.87 225.96200000000002 136.0 32 50 29949.75
849 225.67 225.79500000000002 225.86599999999999 142.0 118 75 29942.75
850 225.47 225.60500000000002 225.762 62.333333333333336 37 100 29927.75
851 225.35 225.45999999999998 225.666 136.66666666666666 255 125 29915.75
852 225.71 225.56 225.602 102.33333333333333 15 150 29960.75
853 225.72 225.625 225.584 190.0 300 0 29962.25
854 225.72 225.625 225.584 190.0 300 0 29962.25
855 225.36 225.53750000000002 225.52200000000002 271.6666666666667 500 0 29962.25
856 225.33 225.435 225.494 434.6666666666667 504 25 29962.25
857 225.33 225.435 225.494 434.6666666666667 504 50 29962.25
858 225.61 225.47750000000002 225.54600000000002 409.6666666666667 225 75 29976.25
859 225.76 225.615 225.55600000000004 622.6666666666666 1139 0 29987.5
860 225.8 225.7425 225.57200000000003 488.3333333333333 101 0 29987.5
861 225.8 225.7425 225.57200000000003 488.3333333333333 101 0 29987.5
862 225.99 225.885 225.69800000000004 466.3333333333333 159 0 29987.5
863 226.1 225.9975 225.852 120.0 100 0 29987.5
864 226.05 226.0475 225.94000000000003 86.66666666666667 1 0 29987.5
865 226.165 226.12 226.02100000000002 67.0 100 0 29987.5
866 226.25 226.17875 226.11100000000002 67.0 100 0 29987.5
867 226.2 226.20374999999999 226.15300000000002 141.33333333333334 224 0 29987.5
868 226.475 226.35 226.228 208.0 300 0 29987.5
869 226.47 226.40375 226.31200000000004 175.33333333333334 2 0 29987.5
870 226.47 226.40375 226.31200000000004 175.33333333333334 2 0 29987.5
871 226.47 226.40375 226.31200000000004 175.33333333333334 2 0 29987.5
872 226.47 226.40375 226.31200000000004 175.33333333333334 2 0 29987.5
873 226.05 226.26125000000002 226.28900000000004 134.0 100 0 29987.5
874 226.41 226.33499999999998 226.32100000000003 37.666666666666664 11 25 29987.5
875 226.3 226.26500000000001 226.341 170.33333333333334 400 0 29984.75
876 226.3 226.26500000000001 226.341 170.33333333333334 400 0 29984.75
877 226.25 226.3025 226.29600000000005 303.6666666666667 500 25 29984.75
878 226.16 226.2175 226.234 600.0 900 50 29982.5
879 226.16 226.2175 226.234 600.0 900 75 29982.5
880 226.07 226.1375 226.238 494.0 82 100 29975.75
881 226.25 226.1825 226.20600000000002 412.3333333333333 255 125 29993.75
882 226.25 226.20499999999998 226.196 155.0 128 125 29993.75
883 226.35 226.3 226.216 175.66666666666666 144 125 30006.25
884 226.3 226.3 226.24400000000003 124.66666666666667 102 150 30000.0
885 226.22 226.27249999999998 226.27400000000003 115.33333333333333 100 150 29988.0
886 226.27 226.265 226.27800000000002 147.0 239 0 29995.5
887 226.47 226.35750000000002 226.32200000000003 146.33333333333334 100 0 29995.5
888 226.47 226.35750000000002 226.32200000000003 146.33333333333334 100 0 29995.5
889 226.73 226.55 226.39800000000002 286.3333333333333 520 0 29995.5
890 226.89 226.745 226.51600000000002 462.0 766 0 29995.5
891 226.89 226.745 226.51600000000002 462.0 766 0 29995.5
892 226.83 226.82 226.638 565.6666666666666 411 0 29995.5
893 226.7 226.78 226.72400000000005 762.3333333333334 1110 25 29995.5
894 226.83 226.7975 226.79600000000002 612.0 315 50 29998.75
895 226.73 226.7475 226.79600000000002 496.3333333333333 64 75 29993.75
896 226.32 226.55 226.68200000000004 438.6666666666667 937 75 29963.0
897 226.22 226.3725 226.56000000000003 400.3333333333333 200 100 29955.5
898 226.22 226.3725 226.56000000000003 400.3333333333333 200 125 29955.5
899 225.97 226.12 226.41400000000004 431.3333333333333 157 150 29924.25
900 225.805 225.95 226.209 343.0 672 175 29899.5
901 225.71 225.79874999999998 226.005 443.0 500 200 29882.875
902 225.93 225.84375 225.927 529.0 415 200 29926.875
903 226.08 225.95 225.89900000000003 420.0 345 200 29956.875
904 225.91 225.95749999999998 225.887 315.6666666666667 187 200 29922.875
905 225.91 225.95749999999998 225.887 315.6666666666667 187 200 29922.875
906 226.14 226.0675 225.954 212.33333333333334 105 200 29968.875
907 225.905 225.96499999999997 225.99300000000002 117.33333333333333 60 225 29921.875
908 225.17 225.59625 225.841 255.33333333333334 601 250 29756.5
909 225.12 225.32875 225.649 287.0 200 275 29744.0
910 225.38 225.2625 225.543 411.6666666666667 434 300 29815.5
911 225.19 225.22 225.353 561.0 1049 300 29758.5
912 225.39 225.33749999999998 225.25 794.3333333333334 900 0 29818.5
913 225.43 225.36 225.30200000000002 691.6666666666666 126 25 29818.5
914 225.19 225.3 225.31600000000003 454.3333333333333 337 25 29812.5
915 225.12 225.215 225.26400000000004 254.33333333333334 300 50 29810.75
916 225.12 225.215 225.26400000000004 254.33333333333334 300 75 29810.75
917 224.92 225.0375 225.21000000000004 245.66666666666666 100 100 29795.75
918 224.73 224.875 225.07800000000003 603.3333333333334 1410 125 29776.75
919 224.76 224.7925 224.94400000000002 591.3333333333334 264 150 29780.5
920 224.85 224.7975 224.876 611.6666666666666 161 175 29794.0
921 224.33 224.5675 224.71800000000002 335.3333333333333 581 200 29703.0
922 224.29 224.44 224.592 714.0 1400 225 29695.0
923 224.25 224.28 224.496 781.6666666666666 364 250 29686.0
924 224.21 224.24 224.38600000000002 877.6666666666666 869 275 29676.0
925 224.645 224.4375 224.34500000000003 1079.6666666666667 2006 0 29795.625
926 224.71 224.56875000000002 224.42100000000002 1285.0 980 0 29795.625
927 224.86 224.76875 224.53500000000003 1060.6666666666667 196 0 29795.625
928 224.64 224.7125 224.61300000000003 592.0 600 0 29795.625
929 224.55 224.65 224.681 680.3333333333334 1245 25 29795.625
930 223.96 224.2775 224.544 811.6666666666666 590 50 29780.875
931 224.56 224.4075 224.514 795.0 550 75 29810.875
932 224.49 224.375 224.44 720.6666666666666 1022 0 29805.625
933 225.13 224.8275 224.538 657.3333333333334 400 0 29805.625
934 225.08 224.945 224.644 767.3333333333334 880 0 29805.625
935 224.69 224.8975 224.79000000000002 460.0 100 0 29805.625
936 224.54 224.71249999999998 224.786 408.6666666666667 246 25 29805.625
937 224.42 224.51749999999998 224.77200000000005 205.0 269 50 29802.625
938 224.26 224.37 224.59800000000004 198.66666666666666 81 75 29794.625
939 224.07 224.20499999999998 224.39600000000002 227.0 331 100 29780.375
940 224.13 224.14749999999998 224.284 204.0 200 125 29786.375
941 224.42 224.26 224.26 316.0 417 150 29822.625
942 224.31 224.2925 224.23799999999997 273.0 202 150 29806.125
943 224.36 224.3625 224.258 350.6666666666667 433 0 29813.625
944 224.35 224.3425 224.31400000000002 247.66666666666666 108 0 29813.625
945 224.46 224.40750000000003 224.38000000000002 301.6666666666667 364 25 29813.625
946 224.525 224.465 224.401 192.33333333333334 105 25 29815.25
947 224.695 224.59375 224.478 575.0 1256 0 29819.5
948 224.79 224.7 224.564 759.3333333333334 917 0 29819.5
949 224.89 224.81625 224.672 974.3333333333334 750 0 29819.5
950 224.41 224.625 224.662 784.6666666666666 687 0 29819.5
951 224.59 224.62 224.675 748.0 807 25 29819.5
952 224.63 224.565 224.66200000000003 883.0 1155 50 29820.5
953 224.485 224.5475 224.601 1095.6666666666667 1325 75 29813.25
954 224.605 224.58125 224.54399999999998 1033.3333333333333 620 100 29822.25
955 224.88 224.7125 224.638 1209.3333333333333 1683 0 29849.75
956 224.88 224.73624999999998 224.638 1541.6666666666667 1683 0 29849.75
957 225.13 224.93625 224.746 1955.0 3562 0 29849.75
958 225.13 224.93625 224.746 1955.0 3562 0 29849.75
959 224.87 224.9375 224.79400000000004 3254.3333333333335 4518 0 29849.75
