time-hour stock-price avg-price-5-min number-of-stocks portfolio-value 570 215.22 214.94700000000003 0 30000.0
571 215.27 215.14499999999998 215.01500000000001 2305.3333333333335 601 0 30000.0
572 215.62 215.4325 215.16400000000002 569.0 300 0 30000.0
573 215.055 215.25 215.197 400.3333333333333 300 25 30000.0
574 214.77 215.05375 215.187 333.3333333333333 400 25 29992.875
575 215.24 215.07625000000002 215.191 400.0 500 50 30004.625
576 215.76 215.3825 215.289 502.0 606 0 30030.625
577 215.6 215.55 215.28500000000003 436.3333333333333 203 0 30030.625
578 216.17 215.925 215.508 512.3333333333334 728 0 30030.625
570 215.22 214.94700000000003 0 30000.0
571 215.27 215.14499999999998 215.01500000000001 2305.3333333333335 601 0 30000.0
572 215.62 215.4325 215.16400000000002 569.0 300 0 30000.0
573 215.055 215.25 215.197 400.3333333333333 300 25 30000.0
574 214.77 215.05375 215.187 333.3333333333333 400 25 29992.875
575 215.24 215.07625000000002 215.191 400.0 500 50 30004.625
576 215.76 215.3825 215.289 502.0 606 0 30030.625
577 215.6 215.55 215.28500000000003 436.3333333333333 203 0 30030.625
578 216.17 215.925 215.508 512.3333333333334 728 0 30030.625
579 215.95 215.9175 215.744 377.0 200 0 30030.625
580 216.63 216.345 216.022 416.3333333333333 321 0 30030.625
581 216.7 216.495 216.21 768.6666666666666 1785 0 30030.625
582 217.3 216.98250000000002 216.55 737.0 105 0 30030.625
583 217.61 217.305 216.83800000000002 1141.6666666666667 1535 0 30030.625
584 218.15 217.8025 217.27800000000002 764.0 652 0 30030.625
585 218.05 217.965 217.562 824.3333333333334 286 0 30030.625
586 218.3 218.20000000000002 217.88200000000003 637.3333333333334 974 0 30030.625
587 219.07 218.6225 218.23600000000002 597.6666666666666 533 0 30030.625
588 219.11 218.8975 218.536 569.0 200 0 30030.625
589 218.63 218.86 218.632 861.6666666666666 1852 0 30030.625
590 218.635 218.7525 218.749 884.3333333333334 601 25 30030.625
591 219.07 218.85125 218.903 987.3333333333334 509 50 30041.5
592 219.15 219.00125 218.919 684.0 942 0 30045.5
593 219.44 219.275 218.985 674.0 571 0 30045.5
594 219.78 219.53750000000002 219.21500000000003 820.0 947 0 30045.5
595 220.33 219.97000000000003 219.554 1108.3333333333333 1807 0 30045.5
596 220.12 220.0875 219.76400000000004 1865.3333333333333 2842 0 30045.5
597 220.09 220.15750000000003 219.95200000000003 1837.0 862 0 30045.5
598 219.74 219.9225 220.012 1870.0 1906 25 30045.5
