time-hour stock-price avg-price-5-min number-of-stocks portfolio-value 570 215.22 214.94700000000003 0 30000.0
571 215.27 215.14499999999998 215.01500000000001 2305.3333333333335 601 0 30000.0
572 215.62 215.4325 215.16400000000002 569.0 300 0 30000.0
573 215.055 215.25 215.197 400.3333333333333 300 25 30000.0
574 214.77 215.05375 215.187 333.3333333333333 400 25 29992.875
575 215.24 215.07625000000002 215.191 400.0 500 50 30004.625
576 215.76 215.3825 215.289 502.0 606 0 30030.625
577 215.6 215.55 215.28500000000003 436.3333333333333 203 0 30030.625
578 216.17 215.925 215.508 512.3333333333334 728 0 30030.625
579 215.95 215.9175 215.744 377.0 200 0 30030.625
580 216.63 216.345 216.022 416.3333333333333 321 0 30030.625
581 216.7 216.495 216.21 768.6666666666666 1785 0 30030.625
582 217.3 216.98250000000002 216.55 737.0 105 0 30030.625
583 217.61 217.305 216.83800000000002 1141.6666666666667 1535 0 30030.625
584 218.15 217.8025 217.27800000000002 764.0 652 0 30030.625
585 218.05 217.965 217.562 824.3333333333334 286 0 30030.625
586 218.3 218.20000000000002 217.88200000000003 637.3333333333334 974 0 30030.625
587 219.07 218.6225 218.23600000000002 597.6666666666666 533 0 30030.625
588 219.11 218.8975 218.536 569.0 200 0 30030.625
589 218.63 218.86 218.632 861.6666666666666 1852 0 30030.625
590 218.635 218.7525 218.749 884.3333333333334 601 25 30030.625
591 219.07 218.85125 218.903 987.3333333333334 509 50 30041.5
592 219.15 219.00125 218.919 684.0 942 0 30045.5
593 219.44 219.275 218.985 674.0 571 0 30045.5
594 219.78 219.53750000000002 219.21500000000003 820.0 947 0 30045.5
595 220.33 219.97000000000003 219.554 1108.3333333333333 1807 0 30045.5
596 220.12 220.0875 219.76400000000004 1865.3333333333333 2842 0 30045.5
597 220.09 220.15750000000003 219.95200000000003 1837.0 862 0 30045.5
598 219.74 219.9225 220.012 1870.0 1906 25 30045.5
599 219.55 219.73250000000002 219.966 1186.3333333333333 791 50 30040.75
600 219.03 219.3375 219.70600000000002 1910.6666666666667 3035 75 30014.75
601 219 219.145 219.48200000000003 1515.6666666666667 721 100 30012.5
602 219.65 219.33249999999998 219.39400000000003 1668.3333333333333 1249 125 30077.5
603 219.12 219.2225 219.27000000000004 1222.0 1696 0 30011.25
604 219.45 219.4175 219.25 1349.0 1102 0 30011.25
605 220 219.64249999999998 219.44400000000002 1051.3333333333333 356 25 30011.25
606 220.49 220.10750000000002 219.74200000000002 688.0 606 25 30023.5
607 220.73 220.4875 219.95800000000003 476.0 466 25 30029.5
608 220.76 220.685 220.286 624.0 800 0 30030.25
609 220.87 220.8075 220.57000000000002 1142.6666666666667 2162 25 30030.25
610 220.78 220.7975 220.72600000000003 1643.6666666666667 1969 0 30028.0
611 220.76 220.7925 220.78000000000003 1610.3333333333333 700 25 30028.0
612 220.69 220.73 220.77200000000002 1089.6666666666667 600 50 30026.25
613 220.85 220.7875 220.79000000000002 700.0 800 0 30034.25
614 221.16 220.96499999999997 220.84800000000004 713.0 739 0 30034.25
615 221.63 221.3175 221.018 822.3333333333334 928 0 30034.25
616 221.04 221.21749999999997 221.074 689.0 400 0 30034.25
617 220.71 221.02249999999998 221.078 643.3333333333334 602 0 30034.25
618 220.06 220.4675 220.92 807.6666666666666 1421 25 30034.25
619 220.46 220.4225 220.78 807.6666666666666 400 50 30044.25
620 220.15 220.20499999999998 220.484 609.6666666666666 8 75 30028.75
621 220.49 220.3975 220.37400000000002 437.6666666666667 905 0 30054.25
622 220.3 220.31 220.29200000000003 405.0 302 25 30054.25
623 220.61 220.5025 220.40200000000004 420.6666666666667 55 25 30062.0
624 220.7 220.5775 220.45000000000005 170.0 153 50 30064.25
625 220.53 220.5925 220.526 737.6666666666666 2005 50 30055.75
626 220.57 220.5925 220.542 919.3333333333334 600 75 30057.75
627 220.34 220.445 220.55 975.6666666666666 322 100 30040.5
628 220.68 220.5675 220.56400000000002 507.3333333333333 600 0 30074.5
629 220.515 220.5125 220.52700000000002 540.3333333333334 699 0 30074.5
630 220.4 220.49875 220.50100000000003 606.3333333333334 520 0 30074.5
631 220.16 220.30874999999997 220.41900000000004 443.0 110 25 30074.5
632 220.87 220.575 220.52500000000003 343.3333333333333 400 0 30092.25
633 221.21 220.8625 220.63100000000003 432.3333333333333 787 0 30092.25
634 221.165 221.10250000000002 220.76100000000002 462.3333333333333 200 0 30092.25
635 221.47 221.32875 220.97500000000005 542.0 639 0 30092.25
636 221.5 221.40875 221.24300000000002 481.3333333333333 605 0 30092.25
637 221.74 221.6125 221.41700000000003 441.3333333333333 80 0 30092.25
638 221.93 221.775 221.56100000000004 313.6666666666667 256 0 30092.25
639 222.18 222.0075 221.764 224.33333333333334 337 0 30092.25
640 222.59 222.3225 221.98800000000003 642.0 1333 0 30092.25
641 222.84 222.6125 222.25600000000003 723.3333333333334 500 0 30092.25
642 222.83 222.7725 222.47400000000002 911.0 900 0 30092.25
643 222.96 222.8975 222.68000000000004 900.0 1300 0 30092.25
644 223.61 223.2525 222.96600000000004 1153.3333333333333 1260 0 30092.25
645 223.39 223.3375 223.12600000000003 2290.3333333333335 4311 0 30092.25
646 223.98 223.74 223.354 2333.6666666666665 1430 0 30092.25
647 223.6 223.64249999999998 223.508 2829.0 2746 25 30092.25
648 224.37 224.07999999999998 223.79 1651.6666666666667 779 25 30111.5
649 224.22 224.10250000000002 223.91199999999998 2164.3333333333335 2968 0 30107.75
650 224.79 224.54250000000002 224.19199999999998 1676.3333333333333 1282 0 30107.75
651 225.13 224.8175 224.422 2154.0 2212 0 30107.75
652 224.47 224.71499999999997 224.596 1789.0 1873 0 30107.75
653 224.75 224.775 224.67200000000003 1986.0 1873 0 30107.75
654 224 224.305 224.62800000000004 1812.0 1690 25 30107.75
655 223.61 223.9925 224.39200000000002 1815.6666666666667 1884 50 30098.0
656 224.18 223.9925 224.20200000000003 1959.6666666666667 2305 75 30126.5
657 224.26 224.0775 224.16000000000003 1499.6666666666667 310 75 30132.5
658 223.93 224.075 223.99600000000004 942.6666666666666 213 75 30107.75
659 224.24 224.16750000000002 224.04400000000004 497.0 968 0 30131.0
660 224.77 224.4275 224.27600000000004 528.3333333333334 404 25 30131.0
661 224.95 224.7275 224.43000000000004 888.3333333333334 1293 0 30135.5
662 224.83 224.84500000000003 224.54400000000004 1533.6666666666667 2904 0 30135.5
663 224.67 224.77999999999997 224.69200000000004 2998.3333333333335 4798 0 30135.5
664 224.82 224.785 224.80800000000002 6134.666666666667 10702 25 30135.5
665 224.53 224.6375 224.76000000000002 5551.333333333333 1154 50 30128.25
666 223.925 224.3 224.555 4238.666666666667 860 50 30098.0
667 224.28 224.25375000000003 224.445 756.0 254 75 30115.75
668 224.33 224.21625 224.377 838.6666666666666 1402 0 30119.5
669 224.53 224.41750000000002 224.31900000000002 693.3333333333334 424 0 30119.5
670 224.82 224.625 224.377 1150.6666666666667 1626 0 30119.5
671 224.88 224.7775 224.568 717.6666666666666 103 0 30119.5
672 224.92 224.885 224.69600000000003 743.0 500 0 30119.5
673 224.95 224.92499999999998 224.82000000000002 434.3333333333333 700 0 30119.5
674 225.57 225.2525 225.02800000000002 903.6666666666666 1511 0 30119.5
675 225 225.13 225.06400000000002 1003.6666666666666 800 0 30119.5
676 224.72 225.0025 225.03200000000004 973.0 608 0 30119.5
677 224.99 224.925 225.046 602.6666666666666 400 25 30119.5
678 225.39 225.1225 225.134 436.0 300 25 30129.5
679 225.49 225.34 225.11800000000002 447.3333333333333 642 0 30132.0
680 225.39 225.415 225.19600000000003 381.3333333333333 202 0 30132.0
681 225.22 225.32999999999998 225.29600000000002 491.0 629 0 30132.0
682 225.22 225.32999999999998 225.29600000000002 491.0 629 0 30132.0
683 225.09 225.1975 225.31600000000003 310.3333333333333 100 0 30132.0
684 225.35 225.2525 225.30800000000002 244.0 3 0 30132.0
685 225.27 225.245 225.264 287.6666666666667 760 0 30132.0
686 225.72 225.515 225.33 502.6666666666667 745 0 30132.0
687 225.91 225.7025 225.46800000000002 821.6666666666666 960 0 30132.0
688 226.11 225.9625 225.672 871.6666666666666 910 0 30132.0
689 226.25 226.13 225.852 790.6666666666666 502 0 30132.0
690 225.93 226.055 225.984 471.3333333333333 2 0 30132.0
691 225.61 225.85000000000002 225.96200000000002 416.0 744 25 30132.0
692 225.3 225.53500000000003 225.84000000000003 282.0 100 50 30124.25
693 226.29 225.8725 225.87600000000003 393.0 335 75 30173.75
694 226.24 226.0175 225.87400000000002 233.33333333333334 265 0 30170.0
695 225.99 226.1275 225.88600000000005 337.3333333333333 412 0 30170.0
696 225.53 225.8225 225.87000000000003 632.3333333333334 1220 25 30170.0
697 225.91 225.83499999999998 225.99200000000002 772.6666666666666 686 50 30179.5
698 225.81 225.765 225.89600000000004 918.6666666666666 850 50 30174.5
699 225.35 225.60500000000002 225.718 617.3333333333334 316 50 30151.5
700 225.65 225.615 225.65 555.3333333333334 500 75 30166.5
701 225.5 225.5 225.644 411.3333333333333 418 100 30155.25
702 225.58 225.5775 225.578 306.3333333333333 1 100 30163.25
703 225.47 225.505 225.51000000000002 211.33333333333334 215 100 30152.25
704 225.2 225.3625 225.48 397.0 975 125 30125.25
705 224.56 224.9475 225.262 764.0 1102 150 30045.25
706 224.58 224.73000000000002 225.078 759.0 200 175 30048.25
707 224.51 224.54 224.86399999999998 650.6666666666666 650 200 30036.0
708 224.775 224.66000000000003 224.725 350.0 200 225 30089.0
709 224.76 224.70125 224.63700000000003 383.3333333333333 300 225 30085.625
710 224.28 224.52375 224.58100000000002 433.3333333333333 800 250 29977.625
711 223.66 224.08999999999997 224.397 1251.0 2653 275 29822.625
712 223.39 223.68 224.173 1484.3333333333333 1000 300 29748.375
713 223.29 223.40749999999997 223.87599999999998 1383.0 496 325 29718.375
714 223.11 223.225 223.546 565.3333333333334 200 350 29659.875
715 222.81 223.005 223.252 298.6666666666667 200 350 29554.875
716 223.38 223.17000000000002 223.19600000000003 241.0 323 0 29754.375
717 223.39 223.2425 223.19600000000003 437.6666666666667 790 0 29754.375
718 223.01 223.1975 223.14000000000001 826.0 1365 0 29754.375
719 223.1 223.14999999999998 223.138 757.3333333333334 117 25 29754.375
720 223.79 223.4225 223.33400000000003 560.6666666666666 200 50 29771.625
721 223.7 223.5725 223.39800000000002 244.0 415 0 29767.125
722 223.7 223.7225 223.46000000000004 206.0 3 0 29767.125
723 224.14 223.92 223.68600000000004 706.3333333333334 1701 0 29767.125
724 224.075 223.9975 223.881 568.6666666666666 2 0 29767.125
725 224.24 224.17374999999998 223.971 569.3333333333334 5 0 29767.125
726 224.04 224.09875 224.03900000000002 35.666666666666664 100 0 29767.125
727 224.48 224.31 224.195 118.33333333333333 250 0 29767.125
728 224.64 224.45 224.29500000000002 335.0 655 0 29767.125
729 224.58 224.57 224.39600000000002 468.3333333333333 500 0 29767.125
