time-hour stock-price avg-price-3-min avg-price-5-min average-volume current-volume number-of-stocks portfolio-value 570 211.99 210.60750000000002 209.91600000000003 3850.6666666666665 1556 0 30000.0
571 211.795 211.22 210.32300000000004 2890.3333333333335 1000 0 30000.0
572 208.62 210.25625 210.17100000000005 1411.0 1677 0 30000.0
573 208.78 209.49374999999998 210.097 1023.0 392 25 30000.0
574 208.59 208.64499999999998 209.95500000000004 1158.3333333333333 1406 50 29995.25
575 208.95 208.8175 209.347 847.6666666666666 745 75 30013.25
576 208.97 208.87 208.782 944.3333333333334 682 75 30014.75
577 209.15 209.055 208.88800000000003 610.6666666666666 405 75 30028.25
578 209.345 209.2025 209.00100000000003 582.0 659 100 30042.875
579 209.26 209.25375 209.13500000000002 621.3333333333334 800 125 30034.375
580 210.14 209.72125 209.37300000000002 1089.6666666666667 1810 0 30144.375
581 210.125 209.9125 209.604 1257.3333333333333 1162 0 30144.375
582 211.34 210.73624999999998 210.042 1257.3333333333333 800 0 30144.375
583 211.43 211.08125 210.459 1324.3333333333333 2011 0 30144.375
584 211.42 211.40249999999997 210.891 987.0 150 0 30144.375
585 212.29 211.85750000000002 211.321 937.0 650 0 30144.375
586 212.63 212.2425 211.822 441.6666666666667 525 0 30144.375
587 211.86 212.16 211.92600000000002 725.0 1000 0 30144.375
588 211.92 212.08249999999998 212.024 1131.6666666666667 1870 25 30144.375
589 212.07 211.98 212.154 1623.3333333333333 2000 50 30148.125
590 212.67 212.33249999999998 212.23000000000002 1552.0 786 50 30178.125
591 212.35 212.36 212.174 1099.0 511 50 30162.125
592 212.33 212.42000000000002 212.268 732.3333333333334 900 0 30161.125
593 212.4 212.37 212.36400000000003 651.3333333333334 543 25 30161.125
594 213.16 212.7625 212.582 967.6666666666666 1460 0 30180.125
595 213.42 213.1 212.732 1097.0 1288 0 30180.125
596 213.21 213.25 212.904 1087.6666666666667 515 0 30180.125
597 213.81 213.5625 213.20000000000002 1377.6666666666667 2330 0 30180.125
598 213.5 213.505 213.42000000000002 1127.6666666666667 538 0 30180.125
599 213.88 213.76749999999998 213.56400000000002 1985.3333333333333 3088 0 30180.125
600 214.62 214.155 213.804 2350.0 3424 0 30180.125
601 214.43 214.34 214.048 2787.3333333333335 1850 0 30180.125
602 214.06 214.29250000000002 214.098 2338.3333333333335 1741 0 30180.125
603 213.14 213.6925 214.026 2431.0 3702 25 30180.125
604 212.53 213.065 213.756 2284.0 1409 50 30164.875
605 212.815 212.825 213.39500000000004 1931.6666666666667 684 75 30179.125
606 212.12 212.39625 212.93300000000002 1054.0 1069 100 30127.0
607 211.86 212.16375 212.49300000000002 852.0 803 125 30101.0
608 211.6 211.79500000000002 212.185 765.6666666666666 425 150 30068.5
609 211.53 211.63 211.985 423.3333333333333 42 175 30058.0
610 212.38 211.9725 211.89800000000002 339.0 550 0 30206.75
611 212.29 212.1225 211.93200000000002 611.6666666666666 1243 0 30206.75
612 212.89 212.61249999999998 212.138 875.0 832 0 30206.75
613 212.5 212.545 212.318 790.6666666666666 297 0 30206.75
614 212.23 212.46249999999998 212.458 693.6666666666666 952 25 30206.75
615 212.42 212.39249999999998 212.466 625.6666666666666 628 50 30211.5
616 212.65 212.4875 212.538 541.6666666666666 45 75 30223.0
617 212.86 212.6975 212.532 257.6666666666667 100 75 30238.75
618 212.45 212.6025 212.52200000000002 315.0 800 0 30208.0
619 212.39 212.52249999999998 212.55400000000003 566.6666666666666 800 25 30208.0
620 212.33 212.375 212.53600000000003 840.3333333333334 921 25 30206.5
621 212.595 212.47750000000002 212.52500000000003 612.0 115 50 30213.125
622 213.26 212.86124999999998 212.60500000000002 924.0 1736 0 30246.375
623 213.48 213.20375 212.811 734.3333333333334 352 0 30246.375
624 213.5 213.435 213.03300000000002 901.6666666666666 617 0 30246.375
625 213.37 213.43 213.241 390.0 201 0 30246.375
626 213.16 213.2975 213.354 331.6666666666667 177 25 30246.375
627 213.22 213.2425 213.346 192.66666666666666 200 50 30247.875
628 213.61 213.4 213.37200000000004 241.33333333333334 347 0 30267.375
629 213.52 213.46750000000003 213.37600000000003 207.66666666666666 76 25 30267.375
630 213.31 213.4375 213.36400000000003 341.0 600 0 30262.125
631 212.7 213.0575 213.27200000000002 709.3333333333334 1452 25 30262.125
632 212.7 212.8525 213.168 1084.0 1200 50 30262.125
633 212.64 212.67 212.974 1167.3333333333333 850 75 30259.125
634 212.23 212.45 212.71599999999998 933.3333333333334 750 75 30228.375
635 212.96 212.6975 212.64600000000002 605.3333333333334 216 100 30283.125
636 212.99 212.79250000000002 212.704 422.0 300 100 30286.125
637 213.41 213.1925 212.846 623.6666666666666 1355 0 30328.125
638 213.12 213.16 212.94200000000004 685.0 400 25 30328.125
639 213.51 213.3875 213.198 651.6666666666666 200 25 30337.875
640 213.05 213.1825 213.216 259.0 177 25 30326.375
641 212.71 212.995 213.16000000000003 164.66666666666666 117 50 30317.875
642 212.63 212.755 213.00400000000002 236.33333333333334 415 75 30313.875
643 212.41 212.54000000000002 212.86200000000002 377.3333333333333 600 100 30297.375
644 212.71 212.615 212.70200000000003 371.6666666666667 100 125 30327.375
645 212.89 212.725 212.67000000000002 300.0 200 125 30349.875
646 212.83 212.815 212.69400000000002 200.33333333333334 301 0 30342.375
647 212.86 212.86 212.74 200.33333333333334 100 0 30342.375
648 212.9 212.8725 212.83800000000002 250.0 349 0 30342.375
649 212.72 212.8 212.84000000000003 216.33333333333334 200 0 30342.375
650 212.68 212.745 212.79800000000003 250.0 201 25 30342.375
651 212.7 212.7 212.77200000000002 358.0 673 50 30342.875
652 212.4 212.54500000000002 212.68 489.6666666666667 595 75 30327.875
653 212.5 212.525 212.60000000000002 699.0 829 100 30335.375
654 212.77 212.61 212.60999999999999 550.6666666666666 228 125 30362.375
655 212.88 212.7575 212.65 502.3333333333333 450 125 30376.125
656 212.96 212.89249999999998 212.70200000000003 393.0 501 0 30386.125
657 212.86 212.89000000000001 212.794 483.6666666666667 500 0 30386.125
658 212.77 212.84000000000003 212.848 350.6666666666667 51 25 30386.125
659 212.75 212.7825 212.84400000000002 434.3333333333333 752 50 30385.625
660 213.38 213.07 212.94400000000002 401.0 400 75 30417.125
661 213.68 213.3725 213.08800000000002 911.3333333333334 1582 0 30439.625
662 213.37 213.45 213.19000000000003 794.0 400 0 30439.625
663 213.28 213.4025 213.29200000000003 752.3333333333334 275 0 30439.625
664 213.28 213.3025 213.39800000000002 531.3333333333334 919 25 30439.625
665 213.09 213.185 213.34000000000003 571.6666666666666 521 50 30434.875
666 211.29 212.2375 212.86200000000002 1679.0 3597 50 30344.875
667 211.51 211.85 212.49 1984.6666666666667 1836 75 30355.875
668 211.47 211.435 212.12800000000001 2278.0 1401 100 30352.875
669 211.21 211.35000000000002 211.714 2018.0 2817 0 30326.875
670 211.66 211.5 211.428 2263.3333333333335 2572 0 30326.875
671 211.43 211.4325 211.45600000000002 2079.6666666666665 850 0 30326.875
672 211.95 211.7475 211.54399999999998 1465.6666666666667 975 0 30326.875
673 212.13 211.91 211.676 746.3333333333334 414 0 30326.875
674 212.13 211.91 211.676 746.3333333333334 414 0 30326.875
675 212.18 212.11 211.87 745.6666666666666 848 0 30326.875
676 211.79 211.9725 211.89600000000002 687.3333333333334 800 25 30326.875
677 211.75 211.8675 211.96 716.0 500 50 30325.875
678 211.75 211.8675 211.96 716.0 500 75 30325.875
679 212.3 212.035 212.03000000000003 500.0 200 100 30367.125
680 211.84 211.9325 211.972 366.6666666666667 400 0 30321.125
681 211.8 211.935 211.89600000000002 533.3333333333334 1000 25 30321.125
682 211.93 211.875 211.924 490.0 70 50 30324.375
683 212.33 212.09750000000003 212.04000000000002 456.6666666666667 300 75 30344.375
684 212.325 212.2275 212.04500000000002 381.6666666666667 775 0 30344.0
685 212.06 212.19375 212.08900000000003 410.6666666666667 157 0 30344.0
686 212.065 212.12875 212.14200000000002 344.3333333333333 101 25 30344.0
687 211.96 212.01125000000002 212.14800000000002 91.33333333333333 16 50 30341.375
688 212.63 212.32125 212.20800000000003 499.3333333333333 1381 0 30374.875
689 212.615 212.455 212.26600000000002 565.6666666666666 300 0 30374.875
690 212.95 212.78625 212.44400000000002 808.6666666666666 745 0 30374.875
691 213.05 212.91625 212.64100000000002 1109.6666666666667 2284 0 30374.875
692 212.935 212.9675 212.836 1236.6666666666667 681 0 30374.875
693 212.99 212.99125 212.90800000000002 1068.3333333333333 240 0 30374.875
694 212.72 212.84125 212.92900000000003 373.6666666666667 200 25 30374.875
695 212.3 212.57750000000001 212.79900000000004 213.66666666666666 201 50 30364.375
696 212.44 212.475 212.67700000000002 200.33333333333334 200 75 30371.375
697 212.9 212.635 212.67000000000004 221.0 262 0 30405.875
698 212.85 212.76 212.64200000000002 220.66666666666666 200 0 30405.875
699 212.9 212.8875 212.67800000000003 188.0 102 0 30405.875
700 212.95 212.9125 212.80800000000002 249.66666666666666 447 0 30405.875
701 212.95 212.9375 212.91000000000003 283.0 300 25 30405.875
702 212.88 212.915 212.906 262.0 39 25 30404.125
703 212.99 212.9525 212.93400000000003 348.0 705 0 30406.875
704 213.09 213.0125 212.972 318.0 210 0 30406.875
705 212.81 212.925 212.94400000000002 373.0 204 0 30406.875
706 212.89 212.92 212.93200000000002 338.0 600 0 30406.875
707 212.75 212.8 212.90600000000003 501.3333333333333 700 25 30406.875
708 212.75 212.8 212.90600000000003 501.3333333333333 700 50 30406.875
709 212.84 212.82999999999998 212.87600000000003 641.6666666666666 625 50 30411.375
710 212.6 212.6975 212.77800000000005 581.3333333333334 419 75 30399.375
711 212.69 212.70499999999998 212.75400000000005 381.3333333333333 100 100 30406.125
712 212.77 212.70749999999998 212.73000000000002 273.0 300 0 30414.125
713 212.74 212.735 212.728 204.33333333333334 213 0 30414.125
714 212.89 212.8225 212.73800000000003 664.0 1479 0 30414.125
715 212.67 212.7425 212.752 597.3333333333334 100 25 30414.125
716 212.31 212.545 212.676 593.0 200 50 30405.125
717 212.21 212.35000000000002 212.56400000000002 225.0 375 75 30400.125
718 212.21 212.235 212.45800000000003 300.6666666666667 327 100 30400.125
719 212.23 212.22 212.32600000000002 330.6666666666667 290 125 30402.125
720 212.43 212.325 212.27800000000002 372.3333333333333 500 0 30427.125
721 212.43 212.325 212.27800000000002 372.3333333333333 500 0 30427.125
722 212.74 212.535 212.36400000000003 400.3333333333333 411 0 30427.125
723 212.595 212.59 212.44100000000003 337.0 100 0 30427.125
724 212.6 212.63375000000002 212.51900000000003 370.3333333333333 600 0 30427.125
725 212.94 212.76875 212.661 540.0 920 0 30427.125
726 212.94 212.76875 212.661 540.0 920 0 30427.125
727 212.81 212.79 212.73700000000002 539.3333333333334 98 0 30427.125
728 212.75 212.8125 212.73900000000003 372.6666666666667 100 0 30427.125
729 213.15 212.965 212.85000000000002 182.33333333333334 349 0 30427.125
730 213.1 213.02499999999998 212.95000000000002 244.66666666666666 285 0 30427.125
731 212.945 213.035 212.95100000000002 212.66666666666666 4 0 30427.125
732 212.945 213.035 212.95100000000002 212.66666666666666 4 0 30427.125
733 212.94 212.98125 212.977 410.3333333333333 942 0 30427.125
734 212.99 212.96625 213.025 350.6666666666667 106 25 30427.125
735 212.91 212.9375 212.977 456.6666666666667 322 50 30425.125
736 212.88 212.915 212.933 603.6666666666666 1383 0 30423.625
737 213.33 213.1125 213.01 918.3333333333334 1050 0 30423.625
738 213.1 213.10250000000002 213.042 817.6666666666666 20 0 30423.625
739 213.26 213.2375 213.096 445.3333333333333 266 0 30423.625
740 213.29 213.235 213.17200000000003 162.0 200 0 30423.625
741 212.78 213.02749999999997 213.15200000000002 219.33333333333334 192 0 30423.625
742 212.85 212.9425 213.056 170.66666666666666 120 25 30423.625
743 212.85 212.9425 213.056 170.66666666666666 120 50 30423.625
744 212.83 212.8225 213.002 204.0 300 0 30422.625
745 212.9 212.87 212.93 306.6666666666667 500 0 30422.625
746 212.9 212.8825 212.85200000000003 300.0 100 25 30422.625
747 212.83 212.865 212.86200000000002 301.3333333333333 304 0 30420.875
748 212.64 212.7525 212.82000000000002 534.6666666666666 1200 25 30420.875
749 212.8 212.7675 212.81400000000002 567.3333333333334 198 25 30424.875
750 212.8 212.7675 212.81400000000002 567.3333333333334 198 25 30424.875
751 212.81 212.765 212.79600000000002 507.6666666666667 125 25 30425.125
752 212.78 212.79250000000002 212.77200000000002 118.33333333333333 32 25 30424.375
753 212.78 212.79250000000002 212.77200000000002 118.33333333333333 32 25 30424.375
754 212.53 212.66250000000002 212.71200000000002 85.66666666666667 100 25 30418.125
755 212.53 212.66250000000002 212.71200000000002 85.66666666666667 100 25 30418.125
756 212.7 212.6775 212.72400000000002 131.33333333333334 262 50 30422.375
757 212.7 212.6775 212.72400000000002 131.33333333333334 262 75 30422.375
758 212.63 212.6225 212.69000000000003 456.6666666666667 1008 0 30417.125
759 212.45 212.5575 212.61800000000002 462.0 116 0 30417.125
760 212.62 212.57999999999998 212.586 441.3333333333333 200 0 30417.125
761 212.39 212.46249999999998 212.55800000000002 172.66666666666666 202 0 30417.125
762 212.355 212.43 212.489 142.66666666666666 26 0 30417.125
763 212.51 212.44125 212.46500000000003 417.3333333333333 1024 25 30417.125
764 212.51 212.47125 212.47700000000003 484.6666666666667 404 25 30417.125
765 212.65 212.57999999999998 212.48300000000003 894.6666666666666 1256 0 30420.625
766 212.85 212.71499999999997 212.57500000000002 586.6666666666666 100 25 30420.625
767 212.61 212.68 212.62600000000003 453.0 3 25 30414.625
768 212.27 212.5 212.57800000000003 102.33333333333333 204 50 30406.125
769 212.395 212.41750000000002 212.55500000000004 69.33333333333333 1 75 30412.375
770 212.21 212.27125 212.46700000000004 101.66666666666667 100 100 30398.5
771 212.085 212.19375000000002 212.31400000000002 72.33333333333333 116 125 30386.0
772 212.15 212.14875 212.22200000000004 115.33333333333333 130 150 30394.125
773 212.31 212.21375 212.23000000000002 88.0 18 150 30418.125
774 212.23 212.23000000000002 212.19700000000003 82.66666666666667 100 0 30406.125
775 212.23 212.23000000000002 212.19700000000003 82.66666666666667 100 0 30406.125
776 212.23 212.23000000000002 212.19700000000003 82.66666666666667 100 0 30406.125
777 212.23 212.23000000000002 212.19700000000003 82.66666666666667 100 0 30406.125
778 212.23 212.23000000000002 212.19700000000003 82.66666666666667 100 0 30406.125
779 211.97 212.12 212.149 77.66666666666667 115 25 30406.125
780 211.97 212.035 212.12600000000003 98.66666666666667 81 50 30406.125
781 211.97 212.035 212.12600000000003 98.66666666666667 81 75 30406.125
782 211.81 211.89 212.05800000000002 203.66666666666666 415 100 30394.125
783 211.73 211.81 211.942 232.0 200 125 30386.125
784 211.49 211.63 211.794 305.3333333333333 301 150 30356.125
785 211.49 211.63 211.794 305.3333333333333 301 175 30356.125
786 211.3 211.455 211.66000000000003 233.66666666666666 200 200 30322.875
787 211.37 211.3825 211.54000000000002 238.0 213 225 30336.875
788 211.32 211.3275 211.442 666.0 1585 0 30325.625
789 211.32 211.3275 211.442 666.0 1585 0 30325.625
790 211.32 211.3275 211.442 666.0 1585 0 30325.625
791 211.32 211.3275 211.442 666.0 1585 0 30325.625
792 211.75 211.5475 211.446 632.6666666666666 100 0 30325.625
793 211.36 211.4475 211.42000000000002 728.3333333333334 500 0 30325.625
794 211.19 211.3725 211.39800000000002 366.6666666666667 500 25 30325.625
795 211.34 211.3075 211.39200000000002 533.3333333333334 600 50 30329.375
796 211.43 211.3475 211.41400000000002 400.0 100 50 30333.875
797 211.28 211.33249999999998 211.32000000000002 333.3333333333333 300 50 30326.375
798 211.34 211.34750000000003 211.316 166.66666666666666 100 75 30329.375
799 211.53 211.42000000000002 211.38400000000001 266.6666666666667 400 0 30343.625
800 211.7 211.5675 211.45600000000002 533.3333333333334 1100 0 30343.625
801 211.77 211.6925 211.52400000000003 535.0 105 0 30343.625
802 211.72 211.72750000000002 211.61200000000002 468.3333333333333 200 0 30343.625
803 211.79 211.76749999999998 211.70200000000003 169.33333333333334 203 0 30343.625
804 211.79 211.76749999999998 211.70200000000003 169.33333333333334 203 0 30343.625
805 211.79 211.76749999999998 211.70200000000003 169.33333333333334 203 0 30343.625
806 211.79 211.76749999999998 211.70200000000003 169.33333333333334 203 0 30343.625
807 211.79 211.76749999999998 211.70200000000003 169.33333333333334 203 0 30343.625
808 211.9 211.8275 211.776 201.0 200 0 30343.625
809 211.9 211.8275 211.776 201.0 200 0 30343.625
810 211.9 211.8275 211.776 201.0 200 0 30343.625
811 211.99 211.91750000000002 211.834 201.0 200 0 30343.625
812 211.99 211.91750000000002 211.834 201.0 200 0 30343.625
813 212.09 212.01749999999998 211.898 135.66666666666666 7 0 30343.625
814 212.09 212.01749999999998 211.898 135.66666666666666 7 0 30343.625
815 212.09 212.01749999999998 211.898 135.66666666666666 7 0 30343.625
816 212.09 212.01749999999998 211.898 135.66666666666666 7 0 30343.625
817 212.05 212.04500000000002 211.964 102.33333333333333 100 25 30343.625
818 211.95 212.01 211.99600000000004 69.0 100 50 30341.125
819 211.95 212.01 211.99600000000004 69.0 100 75 30341.125
820 211.95 212.01 211.99600000000004 69.0 100 100 30341.125
821 212.04 212.01999999999998 212.024 166.33333333333334 299 125 30350.125
822 212.21 212.10250000000002 212.068 178.66666666666666 137 125 30371.375
823 212.26 212.1925 212.10200000000003 366.3333333333333 663 0 30377.625
824 212.22 212.22750000000002 212.13600000000002 301.0 103 25 30377.625
825 212.31 212.275 212.20800000000003 388.6666666666667 400 0 30379.875
826 212.23 212.2475 212.246 201.0 100 25 30379.875
827 212.405 212.33749999999998 212.285 266.6666666666667 300 0 30384.25
828 212.43 212.37375 212.31900000000002 166.66666666666666 100 0 30384.25
829 212.57 212.49375 212.389 266.6666666666667 400 0 30384.25
830 212.495 212.4975 212.426 266.6666666666667 300 0 30384.25
831 212.515 212.52375 212.483 276.6666666666667 130 0 30384.25
832 212.65 212.5775 212.532 276.6666666666667 400 0 30384.25
833 212.56 212.57125 212.558 310.0 400 0 30384.25
834 212.43 212.5175 212.53000000000003 366.6666666666667 300 25 30384.25
835 212.62 212.5575 212.555 300.0 200 50 30389.0
836 212.645 212.585 212.58100000000002 300.0 400 0 30390.25
837 212.82 212.72625 212.615 333.3333333333333 400 0 30390.25
838 212.785 212.75875000000002 212.66000000000003 300.0 100 0 30390.25
839 212.66 212.73125 212.706 266.6666666666667 300 0 30390.25
840 212.455 212.58875 212.67300000000003 233.33333333333334 300 25 30390.25
841 212.6 212.57875 212.66400000000004 300.0 300 50 30393.875
842 212.6 212.57875 212.66400000000004 300.0 300 75 30393.875
843 212.53 212.52875 212.60600000000002 267.0 201 100 30388.625
844 212.69 212.6275 212.58700000000002 200.33333333333334 100 100 30404.625
845 212.74 212.675 212.603 133.66666666666666 100 125 30409.625
846 212.74 212.675 212.603 133.66666666666666 100 150 30409.625
847 212.74 212.675 212.603 133.66666666666666 100 175 30409.625
848 212.31 212.5125 212.574 133.33333333333334 200 175 30334.375
849 212.14 212.33249999999998 212.48200000000003 166.66666666666666 200 200 30304.625
850 212.14 212.33249999999998 212.48200000000003 166.66666666666666 200 225 30304.625
851 212.445 212.33499999999998 212.465 270.6666666666667 412 0 30373.25
852 212.49 212.39125 212.425 237.33333333333334 100 0 30373.25
853 212.48 212.47375 212.37300000000002 237.33333333333334 200 0 30373.25
854 212.38 212.4325 212.387 133.33333333333334 100 0 30373.25
855 212.38 212.4325 212.387 133.33333333333334 100 0 30373.25
856 212.59 212.51 212.477 102.66666666666667 8 0 30373.25
857 212 212.2425 212.388 152.66666666666666 350 0 30373.25
858 211.9 212.09750000000003 212.27 319.3333333333333 600 25 30373.25
859 211.98 211.96499999999997 212.17000000000002 495.3333333333333 536 50 30375.25
860 212 211.97 212.09400000000002 478.6666666666667 300 75 30376.25
861 212.03 212.01 211.98200000000003 345.3333333333333 200 75 30378.5
862 212.05 212.0325 211.99200000000002 496.6666666666667 990 0 30380.0
863 212.05 212.0325 211.99200000000002 496.6666666666667 990 0 30380.0
864 212.27 212.15500000000003 212.06600000000003 430.0 100 0 30380.0
865 212.27 212.15500000000003 212.06600000000003 430.0 100 0 30380.0
866 212.23 212.195 212.116 467.0 311 0 30380.0
867 212.18 212.215 212.15200000000002 270.3333333333333 400 25 30380.0
868 211.99 212.0975 212.144 378.6666666666667 425 0 30375.25
869 211.99 212.0975 212.144 378.6666666666667 425 0 30375.25
870 212.05 212.0675 212.144 321.6666666666667 140 25 30375.25
871 212.04 212.03 212.098 221.66666666666666 100 25 30375.0
872 212.04 212.03 212.098 221.66666666666666 100 25 30375.0
873 212.04 212.03 212.098 221.66666666666666 100 25 30375.0
874 211.93 211.9875 212.03799999999998 136.33333333333334 169 25 30372.25
875 211.66 211.8225 211.934 240.33333333333334 452 50 30365.5
876 211.51 211.6525 211.838 407.0 600 75 30358.0
877 211.67 211.6275 211.762 459.6666666666667 327 100 30370.0
878 211.685 211.6375 211.69100000000003 375.6666666666667 200 125 30371.5
879 211.76 211.71875 211.657 309.0 400 0 30380.875
880 211.74 211.73125 211.673 533.3333333333334 1000 0 30380.875
881 211.87 211.81 211.745 566.6666666666666 300 25 30380.875
882 212.045 211.925 211.82 656.0 668 0 30385.25
883 212.035 211.99624999999997 211.89000000000001 334.0 34 0 30385.25
884 212.35 212.195 212.008 856.3333333333334 1867 0 30385.25
885 212.21 212.20125000000002 212.102 767.0 400 0 30385.25
886 212.2 212.24 212.168 773.6666666666666 54 25 30385.25
887 212.2 212.24 212.168 773.6666666666666 54 50 30385.25
888 211.95 212.0775 212.149 251.33333333333334 300 75 30372.75
889 212.17 212.1225 212.17600000000002 157.66666666666666 119 100 30389.25
890 211.99 212.025 212.104 154.33333333333334 44 100 30371.25
891 211.9 211.99 212.042 163.33333333333334 327 125 30362.25
892 211.9 211.99 212.042 163.33333333333334 327 150 30362.25
893 211.69 211.8175 211.94 124.33333333333333 2 175 30330.75
894 211.81 211.8025 211.91199999999998 143.0 100 200 30351.75
895 211.89 211.82 211.856 67.33333333333333 100 0 30367.75
896 211.94 211.89499999999998 211.84600000000003 133.33333333333334 200 0 30367.75
897 211.99 211.9525 211.864 133.33333333333334 100 0 30367.75
898 212.01 211.9875 211.928 133.33333333333334 100 0 30367.75
899 211.97 211.985 211.96000000000004 100.0 100 0 30367.75
900 211.97 211.985 211.96000000000004 100.0 100 0 30367.75
901 212.15 212.07 212.012 261.0 583 0 30367.75
902 211.96 212.01 212.01600000000002 262.0 103 0 30367.75
903 211.89 211.9725 211.99600000000004 527.6666666666666 897 25 30367.75
904 211.89 211.9725 211.99600000000004 527.6666666666666 897 50 30367.75
905 212.05 211.9875 212.004 518.0 554 75 30375.75
906 211.92 211.945 211.99400000000003 1053.0 1708 0 30366.0
907 212.045 212.015 211.973 785.0 93 0 30366.0
908 212.01 211.99624999999997 211.983 752.3333333333334 456 25 30366.0
909 211.99 212.00875 212.00300000000001 216.33333333333334 100 50 30365.5
910 212.21 212.10500000000002 212.03500000000003 218.66666666666666 100 50 30376.5
911 212.275 212.1875 212.10600000000002 100.0 100 50 30379.75
912 212.275 212.1875 212.10600000000002 100.0 100 50 30379.75
913 212.275 212.1875 212.10600000000002 100.0 100 50 30379.75
914 212.08 212.16125 212.11300000000003 100.0 100 50 30370.0
915 212.19 212.18375 212.149 146.66666666666666 240 75 30375.5
916 212.05 212.0925 212.16100000000003 226.66666666666666 340 0 30365.0
917 211.945 212.0325 212.10800000000003 404.0 632 0 30365.0
918 211.955 211.97625 212.04400000000004 333.0 27 25 30365.0
919 212.24 212.095 212.07600000000005 419.6666666666667 600 0 30372.125
920 212.24 212.095 212.07600000000005 419.6666666666667 600 0 30372.125
921 212.36 212.22875000000002 212.11000000000004 210.33333333333334 4 0 30372.125
922 212.36 212.22875000000002 212.11000000000004 210.33333333333334 4 0 30372.125
923 212.23 212.265 212.14600000000002 361.3333333333333 480 0 30372.125
924 212.48 212.3875 212.25300000000001 268.0 320 0 30372.125
925 212.41 212.3825 212.34400000000002 300.0 100 25 30372.125
926 212.35 212.39749999999998 212.366 206.66666666666666 200 25 30370.625
927 212.38 212.38 212.37 200.66666666666666 302 50 30371.375
928 212.49 212.4275 212.42200000000003 271.0 311 0 30376.875
929 212.5 212.4675 212.426 237.66666666666666 100 0 30376.875
930 212.62 212.5575 212.46800000000002 210.33333333333334 220 0 30376.875
931 212.62 212.5575 212.46800000000002 210.33333333333334 220 0 30376.875
932 212.705 212.6325 212.539 274.0 502 0 30376.875
933 212.705 212.6325 212.539 274.0 502 0 30376.875
934 213.01 212.83625 212.66500000000002 708.0 1402 0 30376.875
935 213.35 213.10375 212.837 701.3333333333334 200 0 30376.875
936 213.27 213.22500000000002 212.99099999999999 600.6666666666666 200 0 30376.875
937 213.41 213.36 213.149 300.0 500 0 30376.875
938 213.54 213.44 213.316 366.6666666666667 400 0 30376.875
939 213.57 213.52249999999998 213.42800000000003 398.3333333333333 295 0 30376.875
940 213.43 213.4925 213.44400000000002 465.0 700 0 30376.875
941 213.55 213.525 213.5 451.0 358 25 30376.875
942 213.28 213.385 213.47400000000002 533.3333333333334 542 50 30370.125
943 213.41 213.41250000000002 213.44800000000004 685.0 1155 0 30376.625
944 213.17 213.2575 213.36800000000005 665.6666666666666 300 25 30376.625
945 213.49 213.39 213.38000000000002 1076.3333333333333 1774 0 30384.625
946 213.63 213.48 213.39600000000002 791.3333333333334 300 0 30384.625
947 213.945 213.7525 213.529 992.3333333333334 903 0 30384.625
948 213.945 213.7525 213.529 992.3333333333334 903 0 30384.625
949 213.67 213.72875 213.581 501.0 300 0 30384.625
950 213.67 213.73874999999998 213.68100000000004 643.3333333333334 727 25 30384.625
951 213.47 213.57 213.67700000000002 619.0 830 50 30379.625
952 213.45 213.51 213.64100000000002 718.0 597 75 30378.625
953 213.5 213.48 213.55200000000002 982.3333333333334 1520 100 30382.375
954 213.48 213.4775 213.51399999999998 813.0 322 125 30380.375
955 213.46 213.47500000000002 213.472 835.6666666666666 665 125 30377.875
956 213.58 213.525 213.49400000000003 664.3333333333334 1006 0 30392.875
957 213.62 213.57 213.52800000000002 1133.3333333333333 1729 0 30392.875
958 213.59 213.59500000000003 213.54600000000005 1474.6666666666667 1689 0 30392.875
959 213.79 213.6975 213.60800000000003 2691.3333333333335 4656 0 30392.875
